1 0.9143225806451613 0.5039076699382042 0.04232258064516129 0.029989094874591057
1 0.7378064516129033 0.20365321701199562 0.03974193548387097 0.027808069792802616
1 0.19961290322580647 0.774900036350418 0.04670967741935484 0.029625590694292984
1 0.22890322580645162 0.7267357324609233 0.04593548387096774 0.030352599054889132
1 0.26206451612903225 0.6971101417666303 0.04670967741935484 0.033987640857869865
1 0.4063225806451613 0.7377317339149401 0.03380645161290322 0.026172300981461286
1 0.36929032258064515 0.8309705561613958 0.03974193548387097 0.027989821882951654
1 0.5859354838709677 0.613776808433297 0.04825806451612903 0.029807342784442022
1 0.6540645161290323 0.3088876772082879 0.03587096774193548 0.029989094874591057
1 0.7655483870967742 0.1529443838604144 0.03948387096774193 0.027444565612504544
1 0.5219354838709678 0.2218284260268993 0.04670967741935484 0.029989094874591057
1 0.7620645161290323 0.7579970919665576 0.04490322580645161 0.028898582333696837
1 0.8198709677419355 0.690385314431116 0.029419354838709676 0.018356961105052708
1 0.8487741935483871 0.6423118865866958 0.02993548387096774 0.018538713195201745
1 0.8771612903225806 0.5943293347873501 0.030451612903225806 0.023264267539076698
1 0.704 0.6975645219920029 0.04748387096774193 0.029807342784442022
1 0.7735483870967742 0.41121410396219554 0.05083870967741935 0.03144311159578335
1 0.8512258064516129 0.3177935296255907 0.04825806451612903 0.030716103235187205
1 0.8369032258064516 0.3426026899309342 0.048 0.030897855325336242
1 0.7291612903225806 0.4435659760087241 0.04825806451612903 0.031079607415485277
1 0.1863225806451613 0.8003453289712832 0.04696774193548387 0.029625590694292984