1 0.4057190219643597 0.3796404845642829 0.12018234562784914 0.047674872997264556
1 0.6203895565685869 0.06965611567018366 0.1384169084127642 0.06193825713169207
1 0.4442602569415665 0.05275498241500586 0.009946125155408206 0.008597108245408363
1 0.6535433070866141 0.21268073466197734 0.09448818897637795 0.047088706525986714
1 0.6537505180273518 0.5618405627198124 0.10982179859096561 0.05763970300898789
1 0.39618731869042684 0.5593005080109418 0.12184003315375051 0.049824150058616644
1 0.5370907583920431 0.55978898007034 0.11023622047244094 0.057053536537710045
1 0.12639867384997927 0.8676240719030871 0.11852465810194779 0.049824150058616644
1 0.17799419809365935 0.24208675263774912 0.09241607956900125 0.04611176240719031
1 0.17426440116038128 0.2912270418132083 0.09407376709490262 0.043962485345838215
1 0.16369664318276006 0.40103556076592417 0.1027766266058848 0.04552559593591247
1 0.14732697886448404 0.46053145760062525 0.09573145462080399 0.04611176240719031
1 0.15561541649399088 0.5098671355998436 0.10319104848736013 0.04435326299335678
1 0.14214670534604226 0.5693630324345448 0.10526315789473684 0.044939429464634625
1 0.1404890178201409 0.6189917936694022 0.11935350186489847 0.04845642829230168
1 0.12287608785743888 0.6769245799140289 0.12391214256112723 0.053731926533802266
1 0.12929962702030667 0.7394490035169988 0.10443431413178615 0.04435326299335678
1 0.12536261914629093 0.7967956232903478 0.12474098632407792 0.051191871824931616
1 0.10733526730211355 0.9281946072684643 0.11189390799834231 0.05529503712387651
1 0.49026108578532945 0.6778038296209457 0.07708246995441359 0.03985932004689332
1 0.22440944881889763 0.9298554122704181 0.11147948611686698 0.05744431418522861
1 0.33443845835060093 0.9209652207893708 0.07459593866556154 0.03614693239546698
1 0.45607128056361373 0.9337631887456037 0.10401989225031082 0.05431809300508011
1 0.5714877745544965 0.9326885502149277 0.1027766266058848 0.05568581477139507
1 0.6875259013675922 0.93747557639703 0.10526315789473684 0.05627198124267292
1 0.80605055946954 0.9357170769831966 0.10443431413178615 0.055881203595154354
1 0.8470783257355988 0.8222938647909339 0.10526315789473684 0.05607659241891364
1 0.4915043514297555 0.8142829230168034 0.10443431413178615 0.05529503712387651
1 0.3744301699129714 0.8116451738960532 0.10567757977621219 0.055881203595154354
1 0.5955242436800663 0.67663149667839 0.07791131371736428 0.041422430636967565
1 0.17840861997513469 0.1073661586557249 0.13800248653128885 0.07170769831965612