0 0.13750821107948324 0.5922945623018776 0.04247865119334355 0.008778346744696415
0 0.11692577184147143 0.659351377712753 0.025399605868184804 0.012679834186783711
0 0.1167068097219181 0.6703243111436235 0.018830742281585287 0.010241404535479151
0 0.22585942631924677 0.30334064862228727 0.005911977227939566 0.022921238722262864
0 0.25104007006787826 0.3118751524018532 0.010729143858112546 0.04242867593269934
0 0.27414057368075323 0.2828578395513289 0.007882636303919423 0.01706900755913192
0 0.31749507335231003 0.24494025847354303 0.006568863586599518 0.011948305291392344
0 0.372673527479746 0.19580590099975614 0.003065469673746442 0.011704462326261888
0 0.3872345084300416 0.18397951719092903 0.00810159842347274 0.010972933430870519
0 0.40267133785855047 0.16630090221897098 0.01051018173855923 0.01706900755913192
0 0.4334355156557915 0.12265301146061935 0.006787825706152836 0.01755669348939283
0 0.45358003065469676 0.10375518166300902 0.006349901467046201 0.018775908315045112
0 0.4735055835340486 0.09570836381370397 0.0028465075541931244 0.017800536454523286
0 0.5090869279614627 0.09680565715679103 0.003065469673746442 0.016093635698610095
0 0.5449967155682067 0.09119726895879054 0.0035033939128530766 0.023408924652523776
0 0.7226844755857237 0.12192148256522799 0.005474052988832932 0.020482809070958303
0 0.7888110356908254 0.4385515727871251 0.014670462010072258 0.020238966105827847
0 0.5316400262754544 0.8162643257742014 0.04423034814977009 0.027066569129480616
0 0.521458287716225 0.8595464520848574 0.016422158966498797 0.012679834186783711
0 0.18064374863148674 0.7233601560594977 0.025837530107291437 0.02316508168739332
0 0.21841471425443398 0.771641063155328 0.011604992336325816 0.014386734942696903
0 0.24797460039413183 0.7944403803950256 0.009853295379899277 0.010729090465740063
0 0.19465732428289906 0.7466471592294562 0.014013575651412306 0.0121921482565228
0 0.15633895336106854 0.6943428432089734 0.03240639369389096 0.031943428432089735
0 0.14440551784541275 0.6905632772494513 0.027370264944164658 0.023408924652523776
0 0.12798335887891396 0.6837356742257986 0.018173855922925333 0.016093635698610095
2 0.5589008101598424 0.054498902706656915 0.005911977227939566 0.004145330407217752
0 0.5633895336106853 0.09656181419166057 0.006568863586599518 0.028773469885393806
0 0.5902123932559667 0.1066812972445745 0.0028465075541931244 0.00902218970982687
0 0.5225530983139917 0.08693001706900756 0.006349901467046201 0.0060960741282614
0 0.4216115611999124 0.1350890026822726 0.005911977227939566 0.009266032674957328
0 0.2019925552879352 0.7650573030968056 0.008539522662579374 0.010972933430870519
0 0.6592949419750384 0.6083881980004877 0.028027151302824613 0.03169958546695928
2 0.5301072914385812 0.07863935625457205 0.0021896211955331727 0.004633016337478664
2 0.5280271513028246 0.07827359180687637 0.001532734836873221 0.003901487442087296
2 0.3571272169914605 0.2011704462326262 0.0026275454346398074 0.003901487442087296
2 0.17210422596890737 0.7401853206534992 0.0035033939128530766 0.0036576444769568397
2 0.3369827019925553 0.17129968300414533 0.006568863586599518 0.0036576444769568397
0 0.20582439238011824 0.3190685198732017 0.015765272607838846 0.030968056571567912