2 0.5558521154606564 0.37204325298490654 0.003361012257809411 0.0020274836674926784
2 0.20284697508896798 0.5640910114890741 0.0019770660340055358 0.004956071187204325
2 0.20096876235666272 0.5554178869114665 0.0021747726374060894 0.004730795224149583
2 0.2027481217872677 0.5556431628745213 0.0017793594306049821 0.0051813471502590676
2 0.5599051008303677 0.39378238341968913 0.002372479240806643 0.0063077269655327775
2 0.2641360221431396 0.9676728993016445 0.004744958481613286 0.002928587519711647
2 0.9877421905891657 0.35120522640234286 0.0019770660340055358 0.004956071187204325
2 0.14758797943851323 0.17019599008785763 0.005733491498616054 0.002928587519711647
0 0.11378015025701858 0.6647893669745438 0.022736259391063662 0.008109934669970714
0 0.13058521154606564 0.6571299842306826 0.04052985369711348 0.03063753097544492
0 0.802491103202847 0.11139896373056994 0.015816528272044286 0.022302320342419465
2 0.9268485567417952 0.23023203424194638 0.00276789244760775 0.007208830817751746
2 0.7404112297350731 0.7778779004280243 0.0015816528272044287 0.0027033115566569045
0 0.772143139580862 0.7546744762333859 0.004547251878212732 0.01667042126605091
0 0.7547449584816133 0.7643613426447398 0.0049426650850138395 0.021626492453255236
0 0.7436733886911823 0.7644739806262671 0.0049426650850138395 0.02275287226852895
0 0.7339857651245552 0.762897048884884 0.006524317912218268 0.02320342419463843
0 0.7131277184657968 0.7660509123676503 0.005140371688414393 0.01779680108132462
0 0.6912811387900356 0.7626717729218292 0.003756425464610518 0.02275287226852895
0 0.6854487939897193 0.7625591349403019 0.005931198102016607 0.022527596305474205
0 0.672499011466983 0.761995945032665 0.004547251878212732 0.024555079972966885
2 0.7048240411229735 0.780806487947736 0.0035587188612099642 0.0022527596305474207
2 0.672499011466983 0.7635728767740482 0.001383946223803875 0.003829691371930615
2 0.6340450771055753 0.7806938499662086 0.002372479240806643 0.006983554854697004
2 0.6024120205614868 0.7934219418788016 0.0019770660340055358 0.0031538634827663887
2 0.6066627125345987 0.7983780130660059 0.0021747726374060894 0.003604415408875873
0 0.6583629893238434 0.7649245325523767 0.004744958481613286 0.020049560711872045
0 0.6453143534994069 0.7690921378688894 0.005140371688414393 0.012615453931065555
0 0.6368129695531831 0.7751745888713675 0.004744958481613286 0.01757152511826988
0 0.6272241992882562 0.7778779004280243 0.003756425464610518 0.022527596305474205
0 0.6018189007512851 0.7856499211534129 0.005931198102016607 0.025906735751295335
0 0.5112692763938316 0.8420815498986258 0.007908264136022143 0.013967109709394007
0 0.5748319493871096 0.8094165352556882 0.012060102807433769 0.02072538860103627
0 0.5456702253855279 0.8239468348727191 0.006326611308817715 0.024555079972966885
0 0.5336101225780941 0.8290155440414507 0.008699090549624358 0.021626492453255236
0 0.49387109529458284 0.8486145528272133 0.007512850929221036 0.02523090786213111
2 0.3206801107156979 0.8656228880378464 0.0019770660340055358 0.002928587519711647
2 0.3309608540925267 0.8776751520612751 0.004744958481613286 0.005406623113313809
2 0.7060102807433768 0.7792295562063528 0.002372479240806643 0.0022527596305474207
2 0.7572162910241202 0.7769767965758053 0.0015816528272044287 0.0031538634827663887
0 0.4794385132463424 0.8471502590673575 0.006326611308817715 0.0241045280468574
2 0.7434756820877817 0.7567019599008786 0.0017793594306049821 0.0031538634827663887
0 0.9187425860023725 0.6407974769092137 0.01383946223803875 0.004730795224149583
0 0.9122182680901542 0.6576931741383194 0.022143139580862 0.007884658706915973
0 0.9090549624357454 0.6723361117368777 0.01542111506524318 0.007884658706915973
0 0.9057928034796362 0.6838251858526695 0.013641755634638196 0.007884658706915973
0 0.8849347568208779 0.7350754674476233 0.01383946223803875 0.008560486596080198
2 0.8735666271253459 0.7494931290831268 0.003756425464610518 0.007208830817751746
0 0.8802886516409648 0.7511826988060374 0.012455516014234875 0.007884658706915973
0 0.8779161724001582 0.7679657580536157 0.012060102807433769 0.010362694300518135
0 0.8688216686437327 0.7782158143726065 0.012455516014234875 0.01193962604190133
0 0.8590351917754053 0.7897048884883983 0.012257809410834321 0.017346249155215137
0 0.8446026097271648 0.7931966659157468 0.0055357848952155 0.01847262897048885
0 0.8227560300514037 0.7861004730795225 0.004151838671411625 0.026807839603514304
0 0.8083234480031634 0.7743861230006758 0.005338078291814947 0.015994593376886686
0 0.7895413206801107 0.7564766839378239 0.0049426650850138395 0.026582563640459564
2 0.8547844998022934 0.7851993692273035 0.004151838671411625 0.005631899076368551
2 0.8423289837880585 0.7865510250056319 0.001383946223803875 0.004280243298040099
2 0.8476670620798734 0.7915070961928362 0.003756425464610518 0.0015769317413831944
2 0.8579478054567022 0.7890290605992341 0.0021747726374060894 0.003379139445821131
2 0.8841439304072756 0.7325974318540212 0.002372479240806643 0.0027033115566569045
2 0.8766310794780545 0.7512953367875648 0.0019770660340055358 0.0031538634827663887
2 0.8740608936338474 0.784748817301194 0.00276789244760775 0.003379139445821131
2 0.846777382364571 0.7966884433430953 0.002372479240806643 0.003379139445821131
2 0.8014037168841439 0.7810317639107908 0.0017793594306049821 0.004054967334985357
2 0.8003163305654409 0.7802432980400992 0.00276789244760775 0.003379139445821131
2 0.7402135231316725 0.7562514079747691 0.00276789244760775 0.0063077269655327775
2 0.34252669039145905 0.8690020274836675 0.0029655990510083037 0.005631899076368551
0 0.46727955713720837 0.8423068258616806 0.005733491498616054 0.014417661635503492
0 0.13552787663107949 0.9205902230232034 0.0049426650850138395 0.013291281820229782
0 0.04369315935152234 0.8963730569948186 0.02056148675365757 0.014868213561612977
0 0.14136022143139582 0.648456859653075 0.01383946223803875 0.022302320342419465
0 0.060399367338869116 0.9164226177066906 0.01601423487544484 0.023428700157693175
0 0.1477856860419138 0.9095517008335211 0.009292210359826018 0.02095066456409101
0 0.4531435349940688 0.8411804460464068 0.004744958481613286 0.016219869339941427
0 0.15994464215104784 0.9014417661635503 0.00830367734282325 0.02320342419463843
0 0.433570581257414 0.8370128407298941 0.005140371688414393 0.010587970263572877
0 0.41874258600237246 0.8389276864158595 0.005140371688414393 0.018022077044379366
0 0.4042111506524318 0.8434332056769542 0.0029655990510083037 0.014417661635503492
0 0.3914590747330961 0.8535706240144176 0.004349545274812179 0.016219869339941427
0 0.376433372874654 0.8629195764811894 0.007512850929221036 0.0241045280468574
0 0.35794780545670224 0.8684388375760307 0.0049426650850138395 0.024329804009912144
0 0.3420324238829577 0.8701284072989413 0.005140371688414393 0.023653976120747915
2 0.4526492684855674 0.8479387249380491 0.001383946223803875 0.0031538634827663887
2 0.38018979833926453 0.8766614102275287 0.00276789244760775 0.004280243298040099
2 0.2815342032423883 0.8757603063753098 0.0019770660340055358 0.003829691371930615
2 0.2901344404903124 0.8721558909664339 0.0029655990510083037 0.0024780355936021626
2 0.25612890470541716 0.8790268078396035 0.0017793594306049821 0.0031538634827663887
2 0.2099644128113879 0.8709168731696328 0.005140371688414393 0.0027033115566569045
2 0.2585013839462238 0.8713674250957423 0.0025701858442071963 0.004956071187204325
2 0.22904310003954131 0.8705789592250507 0.003756425464610518 0.007434106780806488
0 0.3195927243969949 0.8670871817977022 0.005733491498616054 0.018022077044379366
0 0.30773032819296164 0.8675377337238117 0.006919731119019375 0.019373732822707816
0 0.2820284697508897 0.8628069384996621 0.0029655990510083037 0.012164902004956072
0 0.2573151443258205 0.871592701058797 0.004547251878212732 0.014417661635503492
0 0.24080664294187426 0.8690020274836675 0.004349545274812179 0.014642937598558234
0 0.22370502174772638 0.8731696328001802 0.008896797153024912 0.012164902004956072
0 0.21016211941478846 0.8819553953593151 0.0071174377224199285 0.019373732822707816
0 0.19948596283115855 0.8871367425095742 0.0039541320680110716 0.012615453931065555
0 0.1785290628706999 0.8931065555305249 0.005931198102016607 0.021401216490200495
2 0.13177145116646896 0.9175489975219644 0.0029655990510083037 0.0063077269655327775
0 0.9211150652431791 0.6107231358414057 0.013444049031237644 0.0063077269655327775
0 0.9164689600632661 0.5901103852218968 0.012060102807433769 0.005631899076368551
0 0.9216093317516805 0.5760306375309755 0.01482799525504152 0.005857175039423294
0 0.38562672993277974 0.4898625816625366 0.005338078291814947 0.01193962604190133
0 0.43554764729141954 0.482090560937148 0.006722024515618822 0.012615453931065555
0 0.4488928430209569 0.4748817301193963 0.006128904705417161 0.013516557783284524
0 0.4611506524317912 0.4758954719531426 0.006919731119019375 0.02185176841630998
0 0.4763740608936338 0.4719531425996846 0.00771055753262159 0.021175940527145755
2 0.4987149070778964 0.4889614778103176 0.0029655990510083037 0.0015769317413831944
2 0.5226374060893634 0.48040099121423746 0.0029655990510083037 0.004280243298040099
2 0.5818505338078291 0.5059698130209507 0.004744958481613286 0.004505519261094841
2 0.6040925266903915 0.5102500563189908 0.0025701858442071963 0.004054967334985357
2 0.6030051403716884 0.5298490651047533 0.0035587188612099642 0.0022527596305474207
0 0.5002965599051008 0.47803559360216263 0.00771055753262159 0.027934219418788014
0 0.5156188216686437 0.493016445145303 0.011862396204033215 0.02500563189907637
0 0.5441874258600238 0.5020274836674927 0.006919731119019375 0.01869790493354359
0 0.5648477659153815 0.4944807389051588 0.0071174377224199285 0.01847262897048885
0 0.5830367734282325 0.5066456409101149 0.010280743376828785 0.0198242847488173
0 0.593910636615263 0.5117143500788466 0.010676156583629894 0.019148456859653076
0 0.6045867931988929 0.5237666141022753 0.011466982997232108 0.01757152511826988
0 0.6326611308817714 0.5457310205001127 0.009094503756425464 0.03176391079071863
2 0.6498616053776196 0.560711872043253 0.0055357848952155 0.0027033115566569045
0 0.6487742190589165 0.5480964181121875 0.006128904705417161 0.022527596305474205
0 0.6906880189798339 0.5441540887587294 0.015223408461842626 0.021401216490200495
0 0.7144128113879004 0.49121423744086506 0.015223408461842626 0.012840729894120297
2 0.7246935547647292 0.45629646316738004 0.003756425464610518 0.00878576255913494
0 0.7168841439304072 0.45584591124127055 0.013444049031237644 0.00878576255913494
0 0.7226176354290234 0.4288127956747015 0.011071569790431 0.00653300292858752
0 0.4209173586397786 0.49707141248028835 0.0071174377224199285 0.01419238567244875
0 0.37247924080664296 0.49357963505293984 0.0035587188612099642 0.00765938274386123
0 0.9219058916567814 0.6032890290605992 0.013444049031237644 0.004956071187204325
2 0.48230525899565047 0.45663437711196214 0.0021747726374060894 0.004505519261094841
0 0.1805061289047054 0.5676954268979499 0.006326611308817715 0.012615453931065555
0 0.16676551996836694 0.5844784861455282 0.005338078291814947 0.022302320342419465
2 0.24881376037959668 0.580761432755125 0.0049426650850138395 0.003604415408875873
0 0.27006722024515617 0.5584591124127055 0.011862396204033215 0.021175940527145755
0 0.28677342823250296 0.5480964181121875 0.013641755634638196 0.022527596305474205
2 0.33570581257413995 0.4958323946834873 0.002372479240806643 0.004054967334985357
2 0.3625939106366153 0.4984230682586168 0.0035587188612099642 0.005631899076368551
0 0.3032819296164492 0.540099121423744 0.011862396204033215 0.020500112637981526
0 0.31890075128509293 0.5264699256589322 0.011862396204033215 0.01892318089659833
0 0.329280347963622 0.5189231808965983 0.010873863187030448 0.01959900878576256
0 0.36476868327402134 0.499098896147781 0.007908264136022143 0.011489074115791845
2 0.3863187030446817 0.49324172110835773 0.0019770660340055358 0.003379139445821131
2 0.4357453538948201 0.48670871817977024 0.0031633056544088573 0.003829691371930615
0 0.7255832344800316 0.4056093714800631 0.010676156583629894 0.00653300292858752
0 0.7259786476868327 0.3953593151610723 0.01265322261763543 0.006758278891642262
0 0.7209371293001187 0.36708718179770217 0.010083036773428233 0.007434106780806488
0 0.9347568208778173 0.25242171660283846 0.01818900751285093 0.006983554854697004
0 0.9319889284302095 0.2721333633701284 0.009094503756425464 0.0063077269655327775
0 0.9346579675761171 0.2772020725388601 0.01166468960063266 0.006983554854697004
0 0.9326809015421115 0.29342194187880155 0.015618821668643732 0.010137418337463393
0 0.9322854883353104 0.3268754223924307 0.009292210359826018 0.008560486596080198
0 0.9258600237247924 0.3869114665465195 0.02095689996045868 0.012390177968010813
0 0.9275405298536971 0.4118044604640685 0.019968366943455912 0.009011038522189683
0 0.928924476077501 0.42408200045055194 0.01759588770264927 0.0051813471502590676
0 0.9256623171213919 0.44694751070060823 0.014630288651640965 0.0063077269655327775
0 0.9272439699485963 0.45595854922279794 0.01383946223803875 0.005406623113313809
0 0.921807038355081 0.4809641811218743 0.012850929221035983 0.0063077269655327775
0 0.9203242388295769 0.49267853120072086 0.013048635824436536 0.005857175039423294
2 0.9224001581652828 0.48231583690020274 0.004151838671411625 0.0018022077044379365
2 0.9161724001581653 0.49324172110835773 0.0031633056544088573 0.0015769317413831944
2 0.9292210359826019 0.5491101599459338 0.0035587188612099642 0.0020274836674926784
2 0.9058916567813365 0.553728317188556 0.0031633056544088573 0.003604415408875873
2 0.9286279161724001 0.5923631448524442 0.0031633056544088573 0.002928587519711647
2 0.9203242388295769 0.572876774048209 0.0035587188612099642 0.0013516557783284523
0 0.913206801107157 0.5084478486145528 0.01383946223803875 0.006758278891642262
0 0.9141953341241598 0.5310880829015544 0.022143139580862 0.006983554854697004
0 0.9148873072360617 0.5542915070961928 0.022736259391063662 0.005631899076368551
2 0.9317912218268091 0.5937148006307726 0.0039541320680110716 0.0020274836674926784
2 0.9179517595887703 0.5902230232034242 0.0035587188612099642 0.0018022077044379365
0 0.9346579675761171 0.22966884433430954 0.014432582048240411 0.005631899076368551
0 0.9363384737050218 0.2166028384771345 0.009489916963226572 0.004730795224149583
0 0.9351522340846185 0.20207253886010362 0.015025701858442072 0.00991214237440865
0 0.7649268485567418 0.13595404370353684 0.017002767892447607 0.020049560711872045
0 0.7190589165678134 0.3328452354133814 0.013048635824436536 0.00653300292858752
0 0.7213325425069197 0.3059247578283397 0.01166468960063266 0.0063077269655327775
0 0.7320086990905497 0.2725839152962379 0.014037168841439305 0.0063077269655327775
0 0.7436733886911823 0.24577607569272358 0.013641755634638196 0.00991214237440865
0 0.7463424278370897 0.21209731921603964 0.0166073546856465 0.011489074115791845
2 0.7589956504547252 0.1710970939400766 0.00276789244760775 0.003829691371930615
0 0.7556346381969158 0.16726740256814598 0.018584420719652037 0.01644514530299617
0 0.7591933570581257 0.15724262221220997 0.021352313167259787 0.01667042126605091
2 0.7758995650454725 0.12975895471953142 0.0029655990510083037 0.0031538634827663887
0 0.7700672202451562 0.12637981527371028 0.01542111506524318 0.01531876548772246
0 0.9457295373665481 0.16884433430952916 0.018386714116251483 0.011489074115791845
0 0.7781731909845789 0.11635503491777427 0.011466982997232108 0.01779680108132462
0 0.830367734282325 0.07907186303221446 0.006326611308817715 0.0198242847488173
2 0.8808817714511664 0.06555530524892994 0.0025701858442071963 0.004054967334985357
0 0.861407671016212 0.09123676503717053 0.02095689996045868 0.032439738679882854
0 0.8801897983392646 0.09596756026132011 0.014630288651640965 0.03153863482766389
2 0.9258600237247924 0.08616805586843884 0.0035587188612099642 0.004730795224149583
0 0.9120205614867537 0.10678080648794773 0.019770660340055358 0.02613201171435008
0 0.9368327402135231 0.11308853345348051 0.011269276393831554 0.00991214237440865
0 0.9372281534203243 0.11939626041901329 0.01482799525504152 0.01531876548772246
2 0.9387109529458284 0.14361342644739805 0.0031633056544088573 0.002928587519711647
0 0.9433570581257414 0.13978373507546746 0.023527085804665875 0.019148456859653076
0 0.37000790826413604 0.8648344221671548 0.003361012257809411 0.010813246226627618