1 0.3998043052837573 0.5935760667903525 0.14207436399217221 0.08047309833024119
1 0.15342465753424658 0.9157003710575139 0.10724070450097847 0.07166048237476809
1 0.273972602739726 0.8087894248608535 0.22465753424657534 0.13566790352504637
1 0.7551859099804306 0.7917439703153989 0.19843444227005871 0.12244897959183673
1 0.8467710371819961 0.6546846011131725 0.15146771037181997 0.08441558441558442
1 0.4726027397260274 0.5418599257884972 0.13189823874755383 0.07722634508348794
1 0.5720156555772994 0.261943413729128 0.20234833659491194 0.11015769944341373
1 0.47906066536203523 0.17810760667903525 0.14794520547945206 0.08580705009276438
1 0.2571428571428571 0.09566326530612244 0.10802348336594912 0.07305194805194805
1 0.1659491193737769 0.05623840445269017 0.09706457925636008 0.06934137291280149
1 0.5724070450097848 0.3631725417439703 0.1929549902152642 0.11270871985157699