1 0.5701974302726418 0.7291128337639966 0.028517706048260733 0.04478897502153316
1 0.583516139141335 0.6890611541774333 0.027577561892823566 0.04220499569336779
1 0.7367596364775932 0.6776485788113695 0.023190222500783453 0.037467700258397935
1 0.9092760890003134 0.5195951765719208 0.029771231588843622 0.03574504737295435
1 0.8666562206204952 0.5198105081826012 0.026010654967094954 0.029285099052540915
1 0.8429959260419931 0.5673987941429802 0.04324663115010968 0.059862187769164514
1 0.7955186461924162 0.5432816537467701 0.026010654967094954 0.03229974160206718
1 0.7646505797555625 0.5348837209302325 0.027577561892823566 0.03186907838070629
1 0.7398934503290504 0.5079672695951766 0.027577561892823566 0.031438415159345395
1 0.7104356001253526 0.4911714039621016 0.026324036352240676 0.03229974160206718
1 0.6103102475712943 0.6018518518518519 0.023503603885929175 0.03832902670111973
1 0.5965214666248825 0.6434108527131783 0.024757129426512064 0.03789836347975883
1 0.39768097774992167 0.30749354005167956 0.028831087433406455 0.046511627906976744
1 0.5075211532434973 0.6884151593453919 0.029144468818552177 0.04608096468561585
1 0.4440614227514886 0.6500861326442722 0.03321842682544657 0.04866494401378122
1 0.46114070824193043 0.6074504737295435 0.031651519899717956 0.04866494401378122
1 0.4857411469758696 0.5219638242894057 0.027577561892823566 0.04478897502153316
1 0.6480727044813538 0.44896640826873385 0.031338138514572234 0.03660637381567614
1 0.5890003133813851 0.4177433247200689 0.029771231588843622 0.03617571059431524
1 0.417580695706675 0.31976744186046513 0.0322782826700094 0.0409130060292851
1 0.14023816985271076 0.32665805340223947 0.03353180821059229 0.03832902670111973
1 0.532748354747728 0.6031438415159346 0.03196490128486368 0.04952627045650301