1 0.6225772655840754 0.3107487922705314 0.018334206390780514 0.017632850241545893
1 0.5925877422734416 0.8216183574879227 0.023834468308014667 0.023429951690821255
1 0.6262441068622315 0.2892512077294686 0.022001047668936617 0.02004830917874396
1 0.5779203771608172 0.3188405797101449 0.023834468308014667 0.01932367149758454
1 0.5734677841801991 0.2966183574879227 0.02540597171293871 0.022705314009661835
1 0.5967784180199057 0.26702898550724635 0.01964379256155055 0.01956521739130435
1 0.6195652173913043 0.267512077294686 0.025929806181246726 0.024879227053140097
1 0.5354897852278679 0.8548309178743961 0.028025144054478784 0.028019323671497585
1 0.5734677841801991 0.8329710144927536 0.030120481927710843 0.027294685990338165
1 0.8030382399161865 0.4434782608695652 0.014143530644316397 0.01352657004830918
1 0.9481403876375065 0.050120772946859904 0.014667365112624411 0.012801932367149759
1 0.9003404924044002 0.2076086956521739 0.013357778941854375 0.01038647342995169
1 0.9522001047668937 0.23502415458937198 0.010214772132006287 0.012560386473429951
1 0.856993190151912 0.35881642512077294 0.011000523834468309 0.010869565217391304
1 0.8309324253535882 0.38067632850241545 0.023834468308014667 0.021739130434782608
1 0.8061812467260345 0.38031400966183576 0.01676270298585647 0.01859903381642512
1 0.7891566265060241 0.3778985507246377 0.0178103719224725 0.01859903381642512
1 0.7444997380827658 0.38756038647342994 0.024882137244630696 0.023429951690821255
1 0.7336301728653746 0.40060386473429954 0.018334206390780514 0.01570048309178744
1 0.7475117862755369 0.46859903381642515 0.017286537454164485 0.015458937198067632
1 0.8751964379256155 0.46630434782608693 0.013357778941854375 0.01570048309178744
1 0.7382137244630697 0.45966183574879227 0.019119958093242535 0.017391304347826087
1 0.8700890518596124 0.4966183574879227 0.014143530644316397 0.01352657004830918
1 0.6887113672079623 0.552536231884058 0.018072289156626505 0.01618357487922705
1 0.6663174436877947 0.5272946859903381 0.017286537454164485 0.014492753623188406
1 0.6580670508119434 0.5178743961352656 0.018072289156626505 0.014492753623188406
1 0.645233106338397 0.4996376811594203 0.014405447878470404 0.013285024154589372
1 0.6017548454688318 0.5868357487922705 0.014929282346778419 0.013768115942028985
1 0.7078313253012049 0.7572463768115942 0.028025144054478784 0.02753623188405797
1 0.23101100052383447 0.8166666666666667 0.030382399161864852 0.02753623188405797
1 0.9125196437925616 0.07922705314009662 0.03195390256678889 0.02753623188405797
1 0.8801728653745416 0.41352657004830917 0.012310110005238345 0.011111111111111112
1 0.18792561550550027 0.8393719806763285 0.020167627029858564 0.019806763285024155
1 0.6859612362493452 0.40217391304347827 0.019381875327396544 0.01932367149758454
1 0.7194866422210582 0.33417874396135266 0.028287061288632794 0.024396135265700482
1 0.6701152435830278 0.31654589371980674 0.03483499214248297 0.026328502415458938
1 0.7331063383970665 0.3142512077294686 0.030382399161864852 0.026570048309178744
1 0.7472498690413829 0.2966183574879227 0.02776322682032478 0.02608695652173913
1 0.7577265584075432 0.27898550724637683 0.02776322682032478 0.02318840579710145
1 0.6900209533787324 0.2571256038647343 0.026977475117862755 0.022946859903381644
1 0.6833420639078052 0.2986714975845411 0.030382399161864852 0.025845410628019323
1 0.6955212152959664 0.2822463768115942 0.0285489785227868 0.024879227053140097
1 0.6808538501833421 0.372463768115942 0.02435830277632268 0.023671497584541065
1 0.6820324777370351 0.4404589371980676 0.015191199580932426 0.021497584541062802
1 0.7801204819277109 0.41147342995169084 0.009690937663698272 0.01038647342995169
1 0.6991880565741225 0.43876811594202897 0.013357778941854375 0.01859903381642512
1 0.71503404924044 0.4400966183574879 0.014143530644316397 0.01884057971014493
1 0.8005500261917234 0.47101449275362317 0.01178627553693033 0.01352657004830918
1 0.7877160817181771 0.46944444444444444 0.011262441068622316 0.011352657004830917
1 0.7751440544787846 0.46956521739130436 0.010738606600314301 0.012560386473429951
1 0.7620481927710844 0.46847826086956523 0.008119434258774228 0.011352657004830917
1 0.8111576741749608 0.34118357487922707 0.011000523834468309 0.012801932367149759
1 0.8372184389732844 0.3422705314009662 0.01178627553693033 0.012560386473429951
1 0.7977998952331063 0.3402173913043478 0.013095861707700367 0.013285024154589372
1 0.2570717653221582 0.8007246376811594 0.01859612362493452 0.01884057971014493
1 0.7361183865898376 0.7015700483091788 0.030120481927710843 0.027777777777777776
1 0.5654793085385018 0.596256038647343 0.017286537454164485 0.01618357487922705
1 0.429675222629649 0.3129227053140097 0.021739130434782608 0.020531400966183576
1 0.4786537454164484 0.3103864734299517 0.02069146149816658 0.017874396135265702
1 0.4776060764798324 0.29142512077294686 0.022786799371398637 0.019082125603864734
1 0.4783918281822944 0.271256038647343 0.01964379256155055 0.01497584541062802
1 0.5255369303300157 0.2882850241545894 0.01859612362493452 0.02004830917874396
1 0.5260607647983238 0.3229468599033816 0.014405447878470404 0.012077294685990338
1 0.47079622839182816 0.6392512077294686 0.01754845468831849 0.014734299516908212
1 0.5196437925615506 0.6223429951690821 0.014667365112624411 0.01570048309178744
1 0.5263226820324778 0.6318840579710145 0.013357778941854375 0.012560386473429951
1 0.6039811419591409 0.5138888888888888 0.014143530644316397 0.012318840579710146
1 0.24463069669984286 0.37729468599033816 0.021477213200628602 0.019806763285024155
1 0.019119958093242535 0.6768115942028986 0.014143530644316397 0.014009661835748793
1 0.17653221581980094 0.44371980676328504 0.012572027239392353 0.014492753623188406
1 0.03850183342063908 0.3938405797101449 0.012048192771084338 0.011835748792270532
1 0.356600314300681 0.10181159420289855 0.01859612362493452 0.018115942028985508
1 0.4258774227344159 0.2741545893719807 0.022524882137244632 0.021256038647342997
1 0.3000261917234154 0.38429951690821257 0.024882137244630696 0.01932367149758454
1 0.60489785227868 0.6502415458937199 0.01388161341016239 0.012560386473429951
1 0.3520167627029859 0.7492753623188406 0.01676270298585647 0.01497584541062802
1 0.6458878994237821 0.5735507246376812 0.014667365112624411 0.013285024154589372
1 0.6371136720796229 0.5649758454106281 0.014929282346778419 0.01352657004830918
1 0.6299109481403876 0.5543478260869565 0.013619696176008382 0.012560386473429951
1 0.6228391828182295 0.5445652173913044 0.014143530644316397 0.012318840579710146
1 0.610398114195914 0.5239130434782608 0.01388161341016239 0.013043478260869565
1 0.8131220534311158 0.31618357487922705 0.022786799371398637 0.01932367149758454
1 0.4732844421162912 0.35446859903381644 0.0178103719224725 0.01570048309178744
1 0.47996333158721843 0.3298309178743961 0.020167627029858564 0.020531400966183576
1 0.6680199057097957 0.43381642512077295 0.008119434258774228 0.012560386473429951
1 0.3679937139863803 0.7452898550724638 0.016238868517548456 0.015217391304347827
1 0.30199057097957044 0.36533816425120774 0.02462022001047669 0.01714975845410628
1 0.32399161864850706 0.6644927536231884 0.020953378732320588 0.018357487922705314
1 0.28850183342063906 0.6340579710144928 0.017024620220010476 0.014492753623188406
1 0.24502357255107385 0.5089371980676328 0.023310633839706652 0.019806763285024155
1 0.24463069669984286 0.4897342995169082 0.022001047668936617 0.01859903381642512
1 0.25130958617077004 0.28695652173913044 0.02069146149816658 0.021256038647342997
1 0.30919329491880565 0.28490338164251205 0.023834468308014667 0.02004830917874396
1 0.3065741225772656 0.3064009661835749 0.024882137244630696 0.020531400966183576
1 0.24960712414876898 0.3353864734299517 0.025144054478784705 0.021497584541062802
1 0.3035620743844945 0.34541062801932365 0.025144054478784705 0.021739130434782608
1 0.7604766893661603 0.3565217391304348 0.029072812991094814 0.022705314009661835