1 0.5732421875 0.5906982421875 0.01171875 0.018310546875
1 0.5124860491071429 0.9368896484375 0.006277901785714286 0.008056640625
1 0.5158342633928571 0.9427490234375 0.008510044642857142 0.008056640625
1 0.5133231026785714 0.9541015625 0.009905133928571428 0.01611328125
1 0.4892578125 0.9959716796875 0.006138392857142857 0.007568359375
1 0.48974609375 0.985595703125 0.011579241071428572 0.0166015625
1 0.49246651785714285 0.97705078125 0.008370535714285714 0.01220703125
1 0.494140625 0.9613037109375 0.010044642857142858 0.013427734375
1 0.49539620535714285 0.9530029296875 0.006417410714285714 0.010986328125
1 0.49560546875 0.937744140625 0.005998883928571429 0.00927734375
1 0.49783761160714285 0.9300537109375 0.006556919642857143 0.010498046875
1 0.5140206473214286 0.9307861328125 0.011858258928571428 0.017822265625
1 0.5113699776785714 0.924560546875 0.005440848214285714 0.009765625
1 0.5149972098214286 0.9212646484375 0.007952008928571428 0.014892578125
1 0.5579659598214286 0.4462890625 0.004603794642857143 0.0068359375
1 0.5232979910714286 0.06103515625 0.008928571428571428 0.01611328125
1 0.5311802455357143 0.06787109375 0.009068080357142858 0.01611328125
1 0.5621512276785714 0.381103515625 0.013532366071428572 0.01806640625
1 0.5588030133928571 0.4716796875 0.005998883928571429 0.0087890625
1 0.5554547991071429 0.4691162109375 0.006556919642857143 0.010498046875
1 0.5498046875 0.4500732421875 0.005301339285714286 0.008544921875
1 0.5528738839285714 0.448486328125 0.005301339285714286 0.00634765625
1 0.5540597098214286 0.44140625 0.0048828125 0.0068359375
1 0.5193917410714286 0.9285888671875 0.008928571428571428 0.014892578125
1 0.5489676339285714 0.44140625 0.005580357142857143 0.00830078125
1 0.5548967633928571 0.4188232421875 0.006277901785714286 0.010986328125
1 0.5463169642857143 0.42333984375 0.005580357142857143 0.009765625
1 0.5433175223214286 0.424560546875 0.005440848214285714 0.0087890625
1 0.5404575892857143 0.4266357421875 0.005301339285714286 0.008544921875
1 0.5470842633928571 0.5269775390625 0.014369419642857142 0.021728515625
1 0.5411551339285714 0.512451171875 0.014508928571428572 0.02294921875
1 0.52880859375 0.5938720703125 0.005998883928571429 0.009521484375
1 0.45849609375 0.0804443359375 0.012137276785714286 0.019775390625
1 0.4877232142857143 0.4989013671875 0.013392857142857142 0.018798828125
1 0.48256138392857145 0.48388671875 0.008091517857142858 0.01123046875
1 0.4458705357142857 0.9190673828125 0.009765625 0.013427734375
1 0.45765904017857145 0.944580078125 0.011300223214285714 0.021484375
1 0.44935825892857145 0.9376220703125 0.010044642857142858 0.020263671875
1 0.45326450892857145 0.91845703125 0.011439732142857142 0.0205078125
1 0.45982142857142855 0.9246826171875 0.011997767857142858 0.019775390625
1 0.45933314732142855 0.909423828125 0.010463169642857142 0.015625
1 0.4585658482142857 0.8974609375 0.010044642857142858 0.015625
1 0.44761439732142855 0.8936767578125 0.011300223214285714 0.019287109375
1 0.4442661830357143 0.9093017578125 0.011858258928571428 0.017333984375
1 0.44140625 0.9293212890625 0.011439732142857142 0.017333984375
1 0.42166573660714285 0.5582275390625 0.005719866071428571 0.010498046875
1 0.4390345982142857 0.9437255859375 0.012276785714285714 0.019775390625
1 0.4393833705357143 0.9710693359375 0.012974330357142858 0.018310546875
1 0.32470703125 0.71875 0.0126953125 0.02197265625
1 0.35902622767857145 0.1182861328125 0.006556919642857143 0.012939453125
1 0.30287388392857145 0.1800537109375 0.012276785714285714 0.018798828125
1 0.3076869419642857 0.125732421875 0.008231026785714286 0.013671875
1 0.32338169642857145 0.1085205078125 0.009486607142857142 0.015869140625
1 0.41615513392857145 0.555908203125 0.005580357142857143 0.01025390625
1 0.49539620535714285 0.609130859375 0.005859375 0.00830078125
1 0.43980189732142855 0.587890625 0.0048828125 0.0087890625
1 0.47202845982142855 0.45458984375 0.005719866071428571 0.0087890625
1 0.48856026785714285 0.607177734375 0.005580357142857143 0.01025390625
1 0.48228236607142855 0.6036376953125 0.005580357142857143 0.007080078125
1 0.4750279017857143 0.60205078125 0.006417410714285714 0.0087890625
1 0.46812220982142855 0.599853515625 0.006556919642857143 0.009765625
1 0.4610072544642857 0.5975341796875 0.006556919642857143 0.011474609375
1 0.45375279017857145 0.594970703125 0.0068359375 0.01123046875
1 0.44705636160714285 0.5916748046875 0.006556919642857143 0.010986328125
1 0.42606026785714285 0.581787109375 0.005859375 0.00830078125
1 0.42696707589285715 0.5596923828125 0.005161830357142857 0.009033203125
1 0.4203404017857143 0.579833984375 0.005580357142857143 0.009765625
1 0.4154575892857143 0.57763671875 0.005301339285714286 0.009765625
1 0.41085379464285715 0.5751953125 0.005022321428571429 0.00927734375
1 0.40597098214285715 0.5732421875 0.005022321428571429 0.0087890625
1 0.4712611607142857 0.5787353515625 0.004464285714285714 0.009033203125
1 0.45738002232142855 0.57275390625 0.004603794642857143 0.01025390625
1 0.45179966517857145 0.570556640625 0.005440848214285714 0.009765625
1 0.4462890625 0.56787109375 0.005301339285714286 0.0078125
1 0.57666015625 0.55908203125 0.014369419642857142 0.0234375
1 0.6610630580357143 0.585205078125 0.012416294642857142 0.01611328125
1 0.6312779017857143 0.5511474609375 0.005301339285714286 0.008056640625
1 0.6192103794642857 0.408203125 0.005440848214285714 0.00830078125
1 0.6483677455357143 0.1002197265625 0.011021205357142858 0.013916015625
1 0.6449497767857143 0.105224609375 0.004464285714285714 0.0087890625
1 0.6451590401785714 0.1102294921875 0.013532366071428572 0.020263671875
1 0.6502511160714286 0.1182861328125 0.005859375 0.010498046875
1 0.6613420758928571 0.158447265625 0.0068359375 0.01025390625
1 0.67919921875 0.1434326171875 0.011300223214285714 0.013916015625
1 0.6770368303571429 0.2481689453125 0.0078125 0.010498046875
1 0.6202566964285714 0.421875 0.004743303571428571 0.00341796875
1 0.6565987723214286 0.111328125 0.004324776785714286 0.0087890625
1 0.6205357142857143 0.43505859375 0.004743303571428571 0.0078125
1 0.6240234375 0.44775390625 0.008091517857142858 0.0107421875
1 0.625 0.4676513671875 0.006417410714285714 0.009521484375
1 0.6519252232142857 0.48095703125 0.01171875 0.0166015625
1 0.6256277901785714 0.4808349609375 0.006556919642857143 0.009521484375
1 0.6262555803571429 0.4967041015625 0.004743303571428571 0.009521484375
1 0.6533203125 0.49853515625 0.010881696428571428 0.01611328125
1 0.6558314732142857 0.531494140625 0.011439732142857142 0.01611328125
1 0.65869140625 0.11328125 0.005161830357142857 0.0087890625
1 0.6551339285714286 0.1036376953125 0.004464285714285714 0.007568359375
1 0.48521205357142855 0.58447265625 0.005022321428571429 0.0087890625
1 0.6748744419642857 0.2568359375 0.009905133928571428 0.0126953125
1 0.7083565848214286 0.9774169921875 0.016043526785714284 0.028076171875
1 0.6412527901785714 0.14501953125 0.010463169642857142 0.015625
1 0.43310546875 0.5849609375 0.005440848214285714 0.00927734375
1 0.46547154017857145 0.5762939453125 0.005719866071428571 0.010009765625
1 0.6524832589285714 0.0999755859375 0.0033482142857142855 0.006103515625
1 0.4379185267857143 0.5648193359375 0.005580357142857143 0.009033203125
1 0.5110212053571429 0.97265625 0.008649553571428572 0.013671875
1 0.7122628348214286 0.9522705078125 0.016322544642857144 0.027587890625
1 0.7216099330357143 0.5814208984375 0.014369419642857142 0.021240234375
1 0.7274693080357143 0.5419921875 0.013253348214285714 0.0185546875
1 0.72509765625 0.5087890625 0.012137276785714286 0.017578125
1 0.7241908482142857 0.4921875 0.011997767857142858 0.01806640625
1 0.693359375 0.5052490234375 0.013671875 0.022705078125
1 0.12430245535714286 0.395263671875 0.012276785714285714 0.01611328125