1 0.7978684307239985 0.7725925925925926 0.05365674384417494 0.0874074074074074
1 0.03270856302829842 0.7814814814814814 0.03013597941933113 0.056296296296296296
1 0.033994854832782063 0.6548148148148148 0.020948180815876516 0.057777777777777775
1 0.03031973539140022 0.5903703703703703 0.030503491363469314 0.04148148148148148
1 0.8552002940095553 0.7688888888888888 0.05365674384417494 0.08592592592592592
1 0.7388827636898199 0.7777777777777778 0.05475927967658949 0.09037037037037036
1 0.4049981624402793 0.21888888888888888 0.02278574053656744 0.06444444444444444
1 0.5011025358324146 0.2866666666666667 0.02388827636898199 0.06222222222222222
1 0.40683572216097025 0.36925925925925923 0.0213156927600147 0.06444444444444444
1 0.48511576626240355 0.4011111111111111 0.025725836089672913 0.0674074074074074
1 0.40646821021683205 0.4437037037037037 0.022050716648291068 0.06518518518518518
1 0.4079382579933848 0.5181481481481481 0.02352076442484381 0.06444444444444444
1 0.298787210584344 0.7514814814814815 0.02352076442484381 0.06
1 0.29750091877986035 0.6759259259259259 0.023153252480705624 0.061481481481481484
1 0.3156927600147005 0.6 0.0213156927600147 0.05333333333333334
1 0.31128261668504226 0.47703703703703704 0.06247703050349136 0.14814814814814814
1 0.3173465637633223 0.38481481481481483 0.05402425578831312 0.10296296296296296
1 0.31128261668504226 0.2822222222222222 0.06615214994487321 0.15259259259259259