1 0.47305834262356 0.5434916718075262 0.032701597918989224 0.061690314620604564
1 0.6874767744332961 0.7119062307217767 0.031958379784466744 0.06415792720542875
1 0.6753994797473059 0.770203578038248 0.03455964325529543 0.0647748303516348
1 0.6492010405053883 0.7884022208513264 0.032701597918989224 0.06539173349784085
1 0.5750650315867707 0.607958050586058 0.030100334448160536 0.05983960518198643
1 0.5600148643626904 0.6644046884639112 0.026755852842809364 0.049352251696483655
1 0.5711631363805277 0.7066625539790253 0.027499070977331848 0.054904380012338064
1 0.5596432552954292 0.7649599012954966 0.03418803418803419 0.06045650832819247
1 0.456893348197696 0.7008019740900678 0.032329988851727984 0.061690314620604564
1 0.4698996655518395 0.6415792720542874 0.029357116313638052 0.06045650832819247
1 0.4836492010405054 0.5848241826033312 0.031586770717205497 0.05922270203578038
1 0.3504273504273504 0.567859346082665 0.028242289111854328 0.054904380012338064
1 0.7755481233742103 0.8325107958050586 0.03418803418803419 0.0647748303516348
1 0.3743961352657005 0.5499691548426897 0.029357116313638052 0.05737199259716225
1 0.362876254180602 0.5086366440468847 0.026384243775548124 0.05243676742751388
1 0.3905611296915645 0.4922887106724244 0.03493125232255667 0.06415792720542875
1 0.19918246005202528 0.5647748303516348 0.03716090672612412 0.05860579888957434
1 0.16685247120029728 0.5209747069710056 0.043106651802303976 0.07094386181369525
1 0.03511705685618729 0.41301665638494756 0.021181716833890748 0.04626773596545342
1 0.0893719806763285 0.4524984577421345 0.04124860646599777 0.0783466995681678
1 0.15105908584169453 0.4771745835903763 0.029357116313638052 0.05243676742751388
1 0.1904496469713861 0.22732880937692782 0.030100334448160536 0.05737199259716225
1 0.13210702341137123 0.2066625539790253 0.03604607952434039 0.0567550894509562
1 0.7621701969528056 0.8898827884022209 0.03121516164994426 0.05737199259716225
1 0.8907469342251951 0.838371375694016 0.0379041248606466 0.08143121529919803
2 0.9143441099962839 0.25077112893275755 0.015235971757710888 0.01418877236273905
1 0.03901895206243032 0.0663170882171499 0.029728725380899292 0.04503392967304133
1 0.7898550724637681 0.7754472547809994 0.026384243775548124 0.055521283158544106
1 0.04124860646599777 0.12646514497223935 0.032701597918989224 0.049352251696483655
1 0.10256410256410256 0.1782850092535472 0.022296544035674472 0.04688463911165947