1 0.21303901437371664 0.7870919881305638 0.061601642710472276 0.07566765578635015
1 0.8441991786447639 0.6005192878338279 0.058008213552361396 0.07789317507418397
1 0.8950205338809035 0.6201780415430267 0.054928131416837785 0.06676557863501484
1 0.7867043121149897 0.4970326409495549 0.039527720739219716 0.06083086053412463
1 0.8916837782340863 0.5048219584569733 0.039014373716632446 0.06899109792284866
1 0.9132443531827515 0.42173590504451036 0.04106776180698152 0.07047477744807122
1 0.09060574948665298 0.6709940652818991 0.044661190965092405 0.06750741839762611
1 0.1085728952772074 0.7188427299703264 0.04158110882956879 0.0712166172106825
1 0.13039014373716631 0.6509643916913946 0.048254620123203286 0.0897626112759644
1 0.11242299794661191 0.599406528189911 0.039014373716632446 0.0712166172106825
1 0.15323408624229978 0.5893916913946587 0.05082135523613963 0.07789317507418397
1 0.12756673511293634 0.5300445103857567 0.04055441478439425 0.07047477744807122
1 0.16529774127310062 0.512240356083086 0.043121149897330596 0.07195845697329377
1 0.18557494866529775 0.44250741839762614 0.047741273100616016 0.08382789317507418
1 0.17094455852156057 0.39317507418397624 0.059548254620123205 0.09347181008902077
1 0.2053388090349076 0.37611275964391694 0.044147843942505136 0.06973293768545995
1 0.18429158110882957 0.32307121661721067 0.04106776180698152 0.06157270029673591
1 0.22304928131416837 0.306379821958457 0.049794661190965095 0.08605341246290801
1 0.20559548254620122 0.2555637982195846 0.04158110882956879 0.06602373887240356
1 0.09188911704312115 0.14540059347181009 0.08418891170431211 0.1261127596439169
1 0.1280800821355236 0.052670623145400594 0.0662217659137577 0.08902077151335312