1 0.7868008239581683 0.5497060395510422 0.008714942164474727 0.04115446285408872
1 0.48700681350023767 0.3385889898450027 0.013468546981460942 0.034740780331373594
1 0.4795594992869593 0.30732228754676644 0.014102360957059103 0.03527525387493319
1 0.4637141498970052 0.30358097274184925 0.014102360957059103 0.03099946552645644
1 0.447234986531453 0.3003741314804917 0.01315163999366186 0.03099946552645644
1 0.5487244493741087 0.4938535542490647 0.01584534938995405 0.036344200962052375
1 0.22540009507209635 0.7159273115980759 0.015053081920456346 0.053981827899518976
1 0.2060687688163524 0.772314270443613 0.013468546981460942 0.04917156600748263
1 0.20868325146569483 0.8102618920363442 0.012042465536365076 0.04596472474612507
1 0.19687846617017904 0.8153393907001604 0.013785453969260023 0.05291288081239979
1 0.18459832039296467 0.6977552111170497 0.01267627951196324 0.046499198289684664
1 0.1724766281096498 0.7084446819882416 0.014102360957059103 0.05611972207375735
1 0.1765171922040881 0.744788882950294 0.013310093487561401 0.050774986638161414
1 0.16700998257011568 0.7864778193479423 0.01267627951196324 0.050774986638161414
1 0.16495008714942164 0.7509353287012293 0.013627000475360482 0.052378407268840195
1 0.15623514498494692 0.7966328166755745 0.012042465536365076 0.04863709246392304
1 0.4828077959118999 0.4820951362907536 0.014894628426556806 0.036344200962052375
1 0.46632863254634765 0.47755211117049706 0.013310093487561401 0.03367183324425441
1 0.43329107906829345 0.47140566541956175 0.013468546981460942 0.03099946552645644
1 0.44984946918079544 0.4732763228220203 0.014894628426556806 0.03687867450561197
1 0.41831722389478687 0.47594869053981825 0.015211535414355886 0.05611972207375735
1 0.42322928220567263 0.5181721004810262 0.015211535414355886 0.053981827899518976
1 0.4090476945016638 0.5219134152859434 0.015053081920456346 0.05291288081239979
1 0.4008081128188877 0.5678781400320684 0.01600380288385359 0.055050774986638164
1 0.4150689272698463 0.5660074826296099 0.021391221676437967 0.07375734901122394
1 0.35818412295991126 0.5203099946552646 0.015369988908255427 0.053981827899518976
1 0.36254159404214864 0.4323890967397114 0.014577721438757725 0.056654195617316945
1 0.3761685945175091 0.4281133083912346 0.014894628426556806 0.05558524853019776
1 0.3854381239106322 0.3810796365579904 0.01600380288385359 0.05451630144307857
1 0.3943115195690065 0.33351149118118656 0.014736174932657265 0.05344735435595938
1 0.4026303279987324 0.28674505611972206 0.01584534938995405 0.053981827899518976
1 0.4954840754238631 0.307856761090326 0.010141023609570591 0.02779262426509888
1 0.5018222151798447 0.33939070016034206 0.013943907463159563 0.03313735970069481
1 0.5190936460148946 0.34206306787814006 0.013627000475360482 0.03527525387493319
1 0.8306132150213912 0.242116515232496 0.014894628426556806 0.05024051309460182
1 0.8430518142925052 0.26215927311598075 0.011250198066867374 0.050774986638161414
1 0.8658691174140389 0.27311598075895244 0.011884012042465536 0.05558524853019776
1 0.8941530660751069 0.27819347942276856 0.010141023609570591 0.046499198289684664
1 0.8893994612581207 0.4879743452699091 0.017746791316748535 0.06306787814003206
1 0.9006496593249881 0.7108498129342598 0.018697512280145778 0.05558524853019776
1 0.8888448740294723 0.5758952431854624 0.015053081920456346 0.0518439337252806
1 0.789336079860561 0.42009620523784075 0.011884012042465536 0.043826830571886695
1 0.7948027254000951 0.31320149652592194 0.00982411662177151 0.04275788348476751
1 0.7956742196165425 0.2514698022447889 0.009031849152273808 0.04436130411544629
1 0.7851370622722231 0.2838054516301443 0.010774837585168753 0.043826830571886695
1 0.7336396767548724 0.25360769641902725 0.011725558548565995 0.049706039551042226
1 0.7429092061479956 0.3113308391234634 0.014419267944858184 0.06360235168359166
1 0.6324671209000159 0.44575093532870125 0.00998257011567105 0.04275788348476751
1 0.6333386151164633 0.39310529128808125 0.009190302646173348 0.04115446285408872
1 0.6367453652353035 0.2501336183858899 0.00966566312787197 0.03955104222340994
1 0.5995880209158612 0.3450026723677178 0.01616225637775313 0.04008551576696953
1 0.5823165900808113 0.34286477819347944 0.014894628426556806 0.03794762159273116
1 0.5631437173189668 0.34794227685729556 0.014260814450958644 0.04596472474612507
1 0.5873871018855966 0.2159273115980759 0.014894628426556806 0.03848209513629075
1 0.5712248455078435 0.21004810261892037 0.013943907463159563 0.036344200962052375
1 0.55514181587704 0.206574024585783 0.014102360957059103 0.03580972741849278
1 0.5389003327523372 0.20390165686798503 0.01299318649976232 0.034740780331373594
1 0.5225003961337348 0.20256547300908606 0.012517826018063699 0.03527525387493319
1 0.5071304072254793 0.19722073757349012 0.012200919030264617 0.03313735970069481
1 0.49001742988432895 0.19561731694281134 0.010933291079068293 0.03099946552645644
1 0.47456821422912376 0.19401389631213256 0.014577721438757725 0.036344200962052375
1 0.543812391063223 0.3182789951897381 0.013627000475360482 0.02939604489577766
1 0.5277293614324196 0.3129342597541422 0.01315163999366186 0.034740780331373594
1 0.41237521787355413 0.2426509887760556 0.014736174932657265 0.052378407268840195
1 0.4212486135319284 0.19294494922501337 0.01663761685945175 0.056654195617316945
1 0.3562826810331168 0.1897381079636558 0.014102360957059103 0.05344735435595938
1 0.36095705910315323 0.2316942811330839 0.015211535414355886 0.055050774986638164
1 0.2090001584534939 0.40406199893105293 0.012042465536365076 0.04489577765900588
1 0.2049595943590556 0.49572421165152325 0.013468546981460942 0.0518439337252806
1 0.1951354777372841 0.5408872260823089 0.014419267944858184 0.05451630144307857
1 0.1823799714783711 0.5435595938001069 0.013627000475360482 0.05344735435595938
1 0.13627000475360482 0.6576696953500801 0.018697512280145778 0.06574024585783003
1 0.14023134210109334 0.6964190272581507 0.013310093487561401 0.04917156600748263
1 0.13143717318966883 0.7426509887760556 0.014419267944858184 0.05291288081239979
1 0.12319759150689273 0.7888829502939605 0.014102360957059103 0.05451630144307857
1 0.11131357946442719 0.796098343132015 0.012200919030264617 0.045430251202565476
1 0.07502772936143241 0.7517370390165686 0.012517826018063699 0.046499198289684664
1 0.08437648550150531 0.707910208444682 0.014736174932657265 0.053981827899518976
1 0.10386626525114878 0.6504543025120256 0.020440500713040724 0.07482629609834313
1 0.14815401679607035 0.4225013361838589 0.014577721438757725 0.05291288081239979
1 0.1540960228173031 0.3399251737039017 0.014736174932657265 0.052378407268840195
1 0.16510854064332117 0.3284339925173704 0.013627000475360482 0.0518439337252806
1 0.17033750594200603 0.24853019775521112 0.017429884328949454 0.06199893105291288
1 0.18222151798447156 0.23944414751469803 0.01299318649976232 0.04917156600748263
1 0.18032007605767708 0.20149652592196687 0.012042465536365076 0.04275788348476751
1 0.18990651243859927 0.1533939070016034 0.015053081920456346 0.052378407268840195
1 0.1485501505308192 0.18786745056119722 0.017588337822848993 0.06360235168359166
1 0.13935984788464587 0.2330304649919829 0.014736174932657265 0.05344735435595938
1 0.13104103945492 0.27792624265098875 0.020915861194739344 0.07589524318546231
1 0.11337347488512121 0.36985569214323893 0.012517826018063699 0.04596472474612507
1 0.1392806211376961 0.46846606092998394 0.013310093487561401 0.046499198289684664
1 0.11907780066550468 0.5235168359166221 0.015053081920456346 0.05718866916087654
1 0.09523054983362383 0.46151790486370925 0.015211535414355886 0.055050774986638164
1 0.06971953731579782 0.599946552645644 0.010457930597369672 0.039016568679850344
1 0.05197274599904928 0.6910742918225548 0.015528442402154967 0.056654195617316945
1 0.04325780383457455 0.7365045430251203 0.015528442402154967 0.05558524853019776
1 0.22341942639835208 0.4032602886157135 0.013943907463159563 0.04863709246392304
1 0.21826968784661702 0.3597006948156066 0.011250198066867374 0.040619989310529125
1 0.23157978133417842 0.3548904329235703 0.013468546981460942 0.04917156600748263
1 0.2332435430201236 0.5542490646712988 0.015211535414355886 0.05879208979155532
1 0.34693392489304387 0.23570283270978087 0.013785453969260023 0.05130946018172101
1 0.3381397559816194 0.2832709780865847 0.014260814450958644 0.05451630144307857
1 0.3428933607986056 0.32442544094067344 0.014894628426556806 0.05344735435595938
1 0.3293455870701949 0.32896846606093 0.013468546981460942 0.0518439337252806
1 0.32007605767707176 0.3741314804917157 0.013627000475360482 0.05024051309460182
1 0.3254634764696562 0.4203634420096205 0.013310093487561401 0.046499198289684664
1 0.3116780225003961 0.4238375200427579 0.013627000475360482 0.052378407268840195
1 0.3168277610521312 0.4649919828968466 0.015686895896054508 0.05451630144307857
1 0.3024877198542228 0.4681988241582042 0.013310093487561401 0.04703367183324426
1 0.3075582316590081 0.5136290753607696 0.013310093487561401 0.048102618920363445
1 0.29298051022025035 0.5138963121325495 0.01299318649976232 0.046499198289684664
1 0.29828870226588494 0.5603955104222341 0.015686895896054508 0.055050774986638164
1 0.28442402154967517 0.5625334045964725 0.013943907463159563 0.049706039551042226
1 0.24243384566629694 0.5066809192944949 0.013310093487561401 0.04596472474612507
1 0.2403739502456029 0.3089257081774452 0.015528442402154967 0.056654195617316945
1 0.25598161939470765 0.502672367717798 0.015686895896054508 0.05718866916087654
1 0.2515449215655205 0.4607161945483699 0.015053081920456346 0.05451630144307857
1 0.265171922040881 0.4580438268305719 0.014419267944858184 0.05344735435595938
1 0.26010141023609573 0.4142169962586852 0.014736174932657265 0.05451630144307857
1 0.273807637458406 0.4094067343666489 0.014260814450958644 0.05558524853019776
1 0.27824433528759307 0.3190807055050775 0.01616225637775313 0.05772314270443613
1 0.29195056250990337 0.3166755745590593 0.014736174932657265 0.053981827899518976
1 0.28743463793376645 0.2741849278460716 0.01299318649976232 0.048102618920363445
1 0.3011408651560767 0.27044361304115444 0.014102360957059103 0.05344735435595938
1 0.30898431310410396 0.22207375734901122 0.014577721438757725 0.053981827899518976
1 0.3183330692441768 0.17584179583110637 0.016796070353351292 0.05772314270443613
1 0.252416415781968 0.17022982362373063 0.015528442402154967 0.05718866916087654
1 0.24956425289177625 0.26082308925708175 0.013943907463159563 0.05344735435595938
1 0.8321185232134368 0.2872795296632817 0.010299477103470131 0.042223409941207914
1 0.8428933607986057 0.31507215392838056 0.009348756140072889 0.0432923570283271
1 0.831405482490889 0.34179583110636025 0.010457930597369672 0.04115446285408872
2 0.8226113135794644 0.4214323890967397 0.006813500237680241 0.01122394441475147
1 0.9304389161781017 0.27071084981293425 0.04151481540167961 0.13201496525921966
1 0.6854698146094121 0.31453768038482094 0.010141023609570591 0.045430251202565476
1 0.989304389161781 0.27819347942276856 0.010616384091269212 0.045430251202565476
1 0.9748851212169228 0.2755211117049706 0.013785453969260023 0.050774986638161414
1 0.03501822215179845 0.7824692677712454 0.013310093487561401 0.05344735435595938