1 0.3081587651598677 0.4178707224334601 0.13340683572216097 0.0935361216730038
1 0.30705622932745313 0.8 0.034178610804851156 0.030418250950570342
1 0.31863285556780596 0.7216730038022814 0.03528114663726571 0.03193916349809886
1 0.24090407938257993 0.6547528517110266 0.04520396912899669 0.03650190114068441
1 0.3577728776185226 0.667680608365019 0.03197353914002205 0.030418250950570342
1 0.3368246968026461 0.6456273764258555 0.03858875413450937 0.0349809885931559
1 0.24476295479603086 0.6163498098859316 0.03528114663726571 0.03269961977186312
1 0.3671444321940463 0.5870722433460076 0.03307607497243661 0.033460076045627375
1 0.37541345093715545 0.5494296577946768 0.040793825799338476 0.03574144486692015
1 0.38588754134509373 0.5121673003802282 0.037486218302094816 0.03574144486692015
1 0.2607497243660419 0.5372623574144487 0.03638368246968027 0.0311787072243346
1 0.27067254685777287 0.4984790874524715 0.029768467475192944 0.0311787072243346
1 0.8853362734288864 0.19695817490494297 0.0639470782800441 0.045627376425855515
1 0.844542447629548 0.22167300380228136 0.05292171995589857 0.034220532319391636
1 0.7982359426681367 0.2479087452471483 0.04851157662624035 0.033460076045627375
1 0.7508269018743109 0.2722433460076046 0.05292171995589857 0.03650190114068441
1 0.5678059536934951 0.3916349809885932 0.03528114663726571 0.033460076045627375
1 0.577728776185226 0.3532319391634981 0.03528114663726571 0.034220532319391636
1 0.655457552370452 0.31901140684410645 0.04961411245865491 0.0311787072243346
1 0.7001102535832414 0.2935361216730038 0.044101433296582136 0.03193916349809886
1 0.63561190738699 0.23269961977186313 0.05402425578831312 0.0349809885931559
1 0.685226019845645 0.2102661596958175 0.05181918412348401 0.03574144486692015
1 0.7309812568908489 0.18593155893536123 0.05512679162072767 0.037262357414448666
1 0.7761852260198456 0.15855513307984792 0.05292171995589857 0.03574144486692015
1 0.32083792723263505 0.8228136882129278 0.044101433296582136 0.03650190114068441
1 0.6642778390297684 0.8973384030418251 0.03858875413450937 0.030418250950570342
1 0.8269018743109151 0.13688212927756654 0.037486218302094816 0.02585551330798479