1 0.7288286004056795 0.8654661016949152 0.023073022312373227 0.05084745762711865
1 0.9544878296146044 0.3339512711864407 0.022058823529411766 0.04608050847457627
1 0.9579107505070994 0.3728813559322034 0.02535496957403651 0.05826271186440678
1 0.9276115618661258 0.4004237288135593 0.023073022312373227 0.05084745762711865
1 0.9158215010141988 0.4727224576271186 0.02535496957403651 0.056673728813559324
1 0.9126521298174443 0.4345868644067797 0.022058823529411766 0.05031779661016949
1 0.8990872210953347 0.4708686440677966 0.0218052738336714 0.048728813559322036
1 0.8985801217038539 0.5103283898305084 0.0268762677484787 0.057733050847457626
1 0.9324290060851927 0.7979343220338984 0.018002028397565924 0.04608050847457627
1 0.7193204868154158 0.8771186440677966 0.02383367139959432 0.05084745762711865
1 0.7342799188640974 0.841896186440678 0.02231237322515213 0.048199152542372885
1 0.38894523326572006 0.310646186440678 0.028397565922920892 0.055614406779661014
1 0.7489858012170385 0.8064088983050848 0.02129817444219067 0.048199152542372885
1 0.7591277890466531 0.7929025423728814 0.02332657200811359 0.05084745762711865
1 0.7640720081135902 0.7695974576271186 0.022565922920892496 0.04978813559322034
1 0.778524340770791 0.7341101694915254 0.022565922920892496 0.05084745762711865
1 0.7889198782961461 0.7198093220338984 0.022565922920892496 0.05190677966101695
1 0.8085699797160243 0.6602224576271186 0.02281947261663286 0.0513771186440678
1 0.8190922920892495 0.647510593220339 0.023073022312373227 0.05031779661016949
1 0.8316430020283976 0.4729872881355932 0.02281947261663286 0.04978813559322034
1 0.8483772819472617 0.4343220338983051 0.02332657200811359 0.05190677966101695
1 0.9732505070993914 0.3358050847457627 0.024087221095334687 0.05190677966101695
1 0.30578093306288034 0.2243114406779661 0.02281947261663286 0.04925847457627119
1 0.8984533468559838 0.3201800847457627 0.023073022312373227 0.05031779661016949
1 0.48947768762677485 0.4867584745762712 0.025608519269776878 0.04978813559322034
1 0.10065922920892495 0.730667372881356 0.02586206896551724 0.05455508474576271
1 0.11866125760649088 0.6867055084745762 0.02332657200811359 0.04925847457627119
1 0.13919878296146046 0.6427436440677966 0.02281947261663286 0.04925847457627119
1 0.1591024340770791 0.596927966101695 0.022565922920892496 0.04978813559322034
1 0.1802738336713996 0.5410487288135594 0.02332657200811359 0.047139830508474576
1 0.43800709939148075 0.3948622881355932 0.02814401622718053 0.056673728813559324
1 0.44206389452332656 0.439353813559322 0.025608519269776878 0.0524364406779661
1 0.463869168356998 0.4406779661016949 0.025608519269776878 0.05190677966101695
1 0.4676724137931034 0.4841101694915254 0.024594320486815417 0.05190677966101695
1 0.4934077079107505 0.5301906779661016 0.02535496957403651 0.05190677966101695
1 0.6388184584178499 0.982521186440678 0.026622718052738338 0.034957627118644065
1 0.5152129817444219 0.5323093220338984 0.02636916835699797 0.05296610169491525
1 0.5181288032454361 0.5770656779661016 0.024087221095334687 0.0513771186440678
1 0.543737322515213 0.6239406779661016 0.026115618661257608 0.05084745762711865
1 0.570106490872211 0.6099046610169492 0.025101419878296147 0.055614406779661014
1 0.59026369168357 0.6697563559322034 0.02636916835699797 0.05349576271186441
1 0.5939401622718052 0.7163665254237288 0.026622718052738338 0.05455508474576271
1 0.5547667342799188 0.8310381355932204 0.02383367139959432 0.048728813559322036
1 0.6417342799188641 0.7590042372881356 0.02738336713995943 0.05614406779661017
1 0.6460446247464503 0.8032309322033898 0.02535496957403651 0.05031779661016949
1 0.9155679513184585 0.2801906779661017 0.02434077079107505 0.05190677966101695
1 0.5796146044624746 0.4878177966101695 0.02231237322515213 0.03919491525423729
1 0.6140973630831643 0.5495233050847458 0.015212981744421906 0.030190677966101694
1 0.0792342799188641 0.784427966101695 0.03220081135902637 0.06779661016949153