1 0.25179519200749295 0.4372262773722628 0.03777708398376522 0.08905109489051095
1 0.8794879800187324 0.49416058394160584 0.05494848579456759 0.13138686131386862
1 0.82297845769591 0.48686131386861314 0.05494848579456759 0.13284671532846715
1 0.7660006244146113 0.4832116788321168 0.05338744926631283 0.12992700729927006
1 0.7074617546050578 0.477007299270073 0.0561973150171714 0.13503649635036497
1 0.53933812051202 0.46094890510948905 0.03965032781767093 0.09708029197080292
1 0.4823602872307212 0.45072992700729925 0.04121136434592569 0.09708029197080292
1 0.3078364033718389 0.44343065693430656 0.03621604745551046 0.08978102189781022
1 0.1946612550733687 0.4332116788321168 0.03652825476116141 0.08686131386861314
1 0.7711520449578521 0.2083941605839416 0.05432407118326569 0.1291970802919708
1 0.7133936934124259 0.20583941605839415 0.061192631907586635 0.14306569343065692
1 0.5999063378083047 0.20072992700729927 0.04402123009678426 0.10510948905109489
1 0.5438651264439588 0.19671532846715328 0.04370902279113331 0.10437956204379562
1 0.48719950046831095 0.19160583941605838 0.04464564470808617 0.10437956204379562
1 0.37418045582266624 0.18284671532846716 0.04402123009678426 0.10437956204379562
1 0.14673743365594755 0.16131386861313868 0.04370902279113331 0.10364963503649635
1 0.2044957852013737 0.1718978102189781 0.04370902279113331 0.10437956204379562
1 0.9366219169528567 0.5014598540145986 0.05432407118326569 0.12992700729927006
1 0.8740243521698408 0.841970802919708 0.05588510771152045 0.1364963503649635
1 0.761005307524196 0.8346715328467154 0.05713393693412426 0.13941605839416057
1 0.30299719013424914 0.7857664233576642 0.03902591320636903 0.09124087591240876
1 0.3609116453325008 0.7941605839416058 0.03871370590071808 0.09635036496350365
1 0.4199188261005308 0.810948905109489 0.04308460817983141 0.10656934306569343
1 0.4768966593818295 0.8145985401459854 0.04214798626287855 0.10364963503649635
1 0.5326256634405245 0.8189781021897811 0.04308460817983141 0.10218978102189781
1 0.5827349359975024 0.8054744525547445 0.04214798626287855 0.10291970802919707
1 0.7034030596315953 0.8266423357664233 0.05744614423977521 0.1335766423357664
1 0.26053699656571966 0.17664233576642335 0.04339681548548236 0.10510948905109489