1 0.6885610347615198 0.8283720930232558 0.04001616814874697 0.07162790697674419
1 0.957962813257882 0.4688372093023256 0.03556992724333064 0.09302325581395349
1 0.9143088116410671 0.466046511627907 0.041228779304769606 0.09488372093023256
1 0.5250606305578012 0.7088372093023256 0.041228779304769606 0.07069767441860465
1 0.6485448666127729 0.7962790697674419 0.037590945836701695 0.06697674418604652
1 0.730800323362975 0.8562790697674418 0.04203718674211803 0.07534883720930233
1 0.7178658043654002 0.6116279069767442 0.033144704931285365 0.06790697674418604
1 0.6750202101859337 0.5874418604651163 0.037186742118027485 0.06790697674418604
1 0.6350040420371867 0.553953488372093 0.04042037186742118 0.07906976744186046
1 0.5970088924818109 0.5237209302325582 0.039611964430072755 0.07441860465116279
1 0.5547696038803557 0.49116279069767443 0.036782538399353276 0.07441860465116279
1 0.5135408245755861 0.46511627906976744 0.032740501212611156 0.06511627906976744
1 0.4749393694421989 0.4386046511627907 0.04042037186742118 0.07348837209302325
1 0.5749797898140663 0.24558139534883722 0.04082457558609539 0.11534883720930232
1 0.5022231204527081 0.20651162790697675 0.034357316087308 0.09302325581395349
1 0.26960388035569927 0.28837209302325584 0.03799514955537591 0.08186046511627906
1 0.11924009700889249 0.42604651162790697 0.037186742118027485 0.07441860465116279