1 0.9167715544367526 0.8726780185758514 0.12806796727501574 0.15247678018575853
1 0.8473882945248584 0.8020510835913313 0.12397734424166142 0.15673374613003097
1 0.7732850849590938 0.7341331269349846 0.12492133417243549 0.15944272445820434
1 0.7002831969792322 0.6621517027863777 0.12492133417243549 0.15557275541795665
1 0.6264946507237256 0.5924922600619195 0.12271869100062932 0.15712074303405574
1 0.553492762743864 0.5243808049535603 0.1252359974826935 0.15712074303405574
1 0.48206419131529266 0.45626934984520123 0.12838263058527374 0.1586687306501548
1 0.4092196349905601 0.38680340557275544 0.12492133417243549 0.15208978328173375
1 0.33621774701069856 0.317530959752322 0.11925739458779107 0.15982972136222912
1 0.26384518565135306 0.2451625386996904 0.12680931403398363 0.15673374613003097
1 0.18895531780994337 0.17763157894736842 0.11988672120830711 0.14783281733746131
1 0.11626809314033984 0.10623065015479877 0.09408432976714914 0.11803405572755418