1 0.18771043771043772 0.8034420289855072 0.06902356902356903 0.02717391304347826
1 0.33585858585858586 0.8170289855072463 0.08249158249158249 0.03260869565217391
1 0.4107744107744108 0.822463768115942 0.08080808080808081 0.036231884057971016
1 0.5589225589225589 0.8374094202898551 0.08080808080808081 0.03713768115942029
1 0.6338383838383839 0.8469202898550725 0.07912457912457913 0.034420289855072464
1 0.5681818181818182 0.022192028985507248 0.08249158249158249 0.03351449275362319
1 0.9562289562289562 0.18795289855072464 0.05387205387205387 0.04076086956521739
1 0.9393939393939394 0.22826086956521738 0.05723905723905724 0.03985507246376811
1 0.9267676767676768 0.2694746376811594 0.05555555555555555 0.042572463768115944
1 0.914983164983165 0.30978260869565216 0.058922558922558925 0.043478260869565216
1 0.8333333333333334 0.2875905797101449 0.08080808080808081 0.04800724637681159
1 0.7870370370370371 0.25407608695652173 0.045454545454545456 0.03351449275362319