1 0.9334215167548501 0.18282619907168643 0.13315696649029982 0.08303249097472924
1 0.5877425044091711 0.5709128416709645 0.0837742504409171 0.05466735430634347
1 0.4052028218694885 0.2480660134089737 0.07142857142857142 0.04641567818463126
1 0.35537918871252205 0.2926766374419804 0.07054673721340388 0.04589994842702424
1 0.32098765432098764 0.3406395048994327 0.07054673721340388 0.04589994842702424
1 0.4559082892416226 0.42753996905621455 0.08112874779541446 0.05466735430634347
1 0.3505291005291005 0.6015987622485818 0.07319223985890652 0.05002578648788035
1 0.36684303350970016 0.8158844765342961 0.07407407407407407 0.04744713769984528
1 0.6349206349206349 0.516761217122228 0.08289241622574955 0.05363589479112945
1 0.7742504409171076 0.3599793708096957 0.08465608465608465 0.05466735430634347
1 0.5568783068783069 0.3633316142341413 0.07671957671957672 0.04899432697266632
1 0.5361552028218695 0.32826199071686435 0.07583774250440917 0.04899432697266632
1 0.582010582010582 0.2849406910778752 0.08465608465608465 0.05518308406395049
1 0.6419753086419753 0.27075812274368233 0.09523809523809523 0.060856111397627644
1 0.6790123456790124 0.18359979370809695 0.14638447971781304 0.08354822073233625
1 0.8161375661375662 0.3071170706549768 0.08024691358024691 0.05312016503352243
1 0.44223985890652556 0.19907168643630738 0.0837742504409171 0.0556988138215575