2 0.483739837398374 0.3352994555353902 0.26287262872628725 0.03720508166969147
2 0.7841011743450768 0.25 0.26377597109304424 0.03901996370235935
2 0.4024390243902439 0.5825771324863884 0.26287262872628725 0.039927404718693285
2 0.7890695573622403 0.5789473684210527 0.26287262872628725 0.038112522686025406
0 0.5776874435411021 0.29219600725952816 0.7271906052393857 0.04900181488203267
0 0.5794941282746161 0.5417422867513612 0.7289972899728997 0.04900181488203267
0 0.6269196025293586 0.9292196007259528 0.6576332429990966 0.05263157894736842
2 0.5736224028906955 0.5081669691470054 0.04697380307136405 0.012704174228675136
2 0.7529358626919602 0.49727767695099817 0.06233062330623306 0.032667876588021776
2 0.6106594399277326 0.8988203266787659 0.15356820234869015 0.019056261343012703
2 0.3821138211382114 0.25499092558983666 0.26919602529358627 0.038112522686025406