0 0.21627286585365854 0.26616915422885573 0.0819359756097561 0.24662402274342574
0 0.3553734756097561 0.3624733475479744 0.037728658536585365 0.23738450604122247
0 0.5973704268292683 0.4150675195451315 0.08879573170731707 0.255863539445629
0 0.7764862804878049 0.46375266524520253 0.051448170731707314 0.11016346837242359
0 0.805640243902439 0.6165600568585643 0.05030487804878049 0.24520255863539445
0 0.8995807926829268 0.6652452025586354 0.04992378048780488 0.28002842928216065
0 0.4491234756097561 0.36069651741293535 0.054496951219512195 0.26936744847192606
2 0.8094512195121951 0.5067519545131486 0.019054878048780487 0.05543710021321962
2 0.7761051829268293 0.5152807391613362 0.020960365853658538 0.042643923240938165
2 0.4569359756097561 0.25692963752665243 0.028201219512195123 0.08599857853589196
2 0.42873475609756095 0.31627576403695806 0.019817073170731708 0.06112295664534471
2 0.4336890243902439 0.39836531627576405 0.023628048780487805 0.026297085998578537
2 0.3435594512195122 0.3283582089552239 0.015625 0.05828002842928216
2 0.4456935975609756 0.34968017057569295 0.007240853658536586 0.022743425728500355
2 0.4428353658536585 0.42039800995024873 0.006097560975609756 0.02061122956645345
2 0.4695121951219512 0.3877043354655295 0.012957317073170731 0.03482587064676617
0 0.13471798780487804 0.23916133617626156 0.07583841463414634 0.22388059701492538