0 0.4625039720368605 0.525695931477516 0.025738798856053385 0.07780157030692363
2 0.47934540832538924 0.5124910778015703 0.014299332697807437 0.04853675945753034
2 0.22322847156021608 0.3747323340471092 0.02001906577693041 0.0728051391862955
2 0.02780425802351446 0.2780157030692363 0.025738798856053385 0.026409707351891507
2 0.10645058786145535 0.32476802284082795 0.012074992055926279 0.047109207708779445
0 0.20670479822052748 0.37366167023554603 0.02256116936765173 0.07637401855817273
2 0.28551000953288846 0.38008565310492504 0.01811248808388942 0.024982155603140613
0 0.7899586908166508 0.6523911491791577 0.027963139497934542 0.11705924339757316
0 0.6978074356530028 0.6017130620985011 0.062281537972672385 0.13847251962883655
0 0.5781696854146806 0.5906495360456817 0.028916428344455035 0.16059957173447537
0 0.7486495074674293 0.15524625267665954 0.0374960279631395 0.07494646680942184
0 0.3655862726406101 0.47180585296216987 0.04607562758182396 0.1256245538900785
2 0.8728948204639339 0.668807994289793 0.021607880521131235 0.034261241970021415
2 0.9458214172227518 0.7312633832976445 0.016205910390848427 0.023554603854389723
2 0.9518589132507149 0.6998572448251249 0.02129011757229107 0.02926481084939329
2 0.9629806164601208 0.6677373304782298 0.03527168732125834 0.046395431834404
0 0.8891007308547824 0.7526766595289079 0.04321576104226247 0.1734475374732334
0 0.9528122020972355 0.7598144182726624 0.051795360660946935 0.1734475374732334
2 0.8795678423895774 0.8554603854389722 0.008897362567524627 0.013561741613133477
2 0.9342230695900858 0.9325481798715204 0.008897362567524627 0.03354746609564597
2 0.7618366698442962 0.1334760885082084 0.01938353987925008 0.034261241970021415
0 0.111534795042898 0.4057815845824411 0.06863679694947569 0.21341898643825838
0 0.037813790911979665 0.37544610992148464 0.0521131236097871 0.2369735902926481
2 0.3446139180171592 0.059957173447537475 0.023832221163012392 0.02569593147751606
0 0.2840800762631077 0.42326909350463954 0.022878932316491896 0.11848679514632406