2 0.5350561797752809 0.3824893009985735 0.010786516853932584 0.023894436519258204
2 0.6473033707865169 0.23502139800285307 0.009662921348314606 0.01925820256776034
2 0.5733707865168539 0.20649072753209702 0.01146067415730337 0.028530670470756064
2 0.4858426966292135 0.3983594864479315 0.010337078651685393 0.02211126961483595
2 0.25797752808988766 0.5652639087018545 0.010337078651685393 0.021398002853067047
0 0.9219101123595506 0.23199001426533525 0.04921348314606742 0.18723252496433665
0 0.8656179775280899 0.25641940085592013 0.04404494382022472 0.16191155492154066
0 0.711685393258427 0.33256062767475036 0.04449438202247191 0.09950071326676177
0 0.6542696629213484 0.31205420827389446 0.06044943820224719 0.17403708987161198
0 0.5931460674157303 0.3097360912981455 0.07303370786516854 0.24429386590584878
0 0.5525842696629214 0.4206490727532097 0.05348314606741573 0.12803138373751782
0 0.4408988764044944 0.4297432239657632 0.06337078651685393 0.20542082738944364
0 0.5101123595505618 0.44204707560627676 0.04808988764044944 0.13373751783166904
0 0.3835955056179775 0.46665477888730383 0.08808988764044944 0.2029243937232525
0 0.2743820224719101 0.5939728958630528 0.0350561797752809 0.09308131241084165
0 0.19640449438202248 0.7648002853067047 0.04134831460674157 0.1551355206847361
2 0.4686516853932584 0.9789586305278174 0.008314606741573034 0.015691868758915834
2 0.1389887640449438 0.9497146932952925 0.005168539325842696 0.006419400855920114
2 0.13539325842696628 0.9539942938659058 0.007415730337078652 0.012125534950071327
2 0.8587640449438202 0.19490014265335234 0.007415730337078652 0.018901569186875893
2 0.714494382022472 0.31116262482168333 0.010561797752808988 0.023181169757489302
0 0.15292134831460674 0.7945791726105563 0.05460674157303371 0.1783166904422254