2 0.22529982866933182 0.5106659729448492 0.01770416904625928 0.030697190426638918
0 0.4174757281553398 0.39542143600416235 0.03312392918332382 0.03850156087408949
0 0.5465448315248429 0.3465140478668054 0.07652769845802398 0.08636836628511967
0 0.6756139348943461 0.30437044745057235 0.036550542547115934 0.047866805411030174
0 0.817818389491719 0.26690946930280957 0.020559680182752713 0.08220603537981269
0 0.5799543118218161 0.8483350676378772 0.0885208452312964 0.026534859521331947
0 0.14306110793832097 0.9227367325702394 0.14563106796116504 0.06087408949011446
0 0.221302113078241 0.6995317377731529 0.16276413478012564 0.10457856399583768
0 0.9677327241576242 0.17637877211238293 0.061107938320959454 0.10509885535900104
2 0.9834380354083381 0.23621227887617066 0.021701884637350087 0.030176899063475548
2 0.27984009137635635 0.6888657648283039 0.041119360365505425 0.021852237252861603
2 0.5599657338663621 0.8293444328824141 0.04854368932038835 0.01664932362122789
2 0.549971444888635 0.8605619146722164 0.029697315819531698 0.012486992715920915
2 0.5262707024557396 0.3759105098855359 0.024557395773843516 0.02861602497398543
2 0.6616219303255283 0.31659729448491153 0.02569960022844089 0.032778355879292405
0 0.19960022844089093 0.4755463059313215 0.07824100513992005 0.10822060353798127