2 0.5056540342298288 0.5465116279069767 0.003973105134474328 0.009246287475483329
0 0.8594132029339854 0.8503782572149061 0.061124694376528114 0.0975063042869151
0 0.9095354523227384 0.5526758195572989 0.12163814180929096 0.08321658727934995
0 0.872096577017115 0.516671336508826 0.105440097799511 0.07284953768562623
0 0.839700488997555 0.47408237601569064 0.11460880195599021 0.08517792098627067
0 0.8161674816625917 0.4033342673017652 0.12927872860635697 0.08882039787055197
0 0.4219132029339853 0.6463995516951527 0.22402200488997556 0.05435696273465957
0 0.8033312958435208 0.34869711403754555 0.125 0.08882039787055197
0 0.7315097799511002 0.3089100588400112 0.15984107579462103 0.11235640235360045
0 0.5871026894865525 0.569347156066125 0.05256723716381418 0.05996077332586158
0 0.32365525672371637 0.22079013729335947 0.04584352078239609 0.04819277108433735
0 0.2206601466992665 0.191650322219109 0.14547677261613692 0.1894087979826282
2 0.15250611246943765 0.008826001681143177 0.023227383863080684 0.017091622303166153
2 0.7752139364303179 0.44368170355841974 0.008251833740831296 0.007565144298122724
2 0.776742053789731 0.44662370411880076 0.008863080684596576 0.0067245727094424204
2 0.8641503667481663 0.8090501541047913 0.007640586797066014 0.012048192771084338
2 0.937958435207824 0.47128047072008966 0.011002444987775062 0.009526478005043429
2 0.9057151589242054 0.16405155505743907 0.016809290953545233 0.014289717007565145
2 0.99190097799511 0.27150462314373774 0.013141809290953545 0.011207621182404036
2 0.9845660146699267 0.2769683384701597 0.014975550122249388 0.011487811711964136
2 0.2577933985330073 0.6469599327542729 0.013141809290953545 0.006164191650322219
2 0.7532090464547677 0.3743345474922948 0.01558679706601467 0.012328383300644438
2 0.7794926650366748 0.44956570467918183 0.013141809290953545 0.009806668534603531
2 0.6648838630806846 0.3419725413281031 0.017420537897310514 0.014289717007565145
2 0.5265892420537898 0.6353320257775287 0.011002444987775062 0.013729335948444943
2 0.3429095354523227 0.20061641916503223 0.01650366748166259 0.015130288596245448
2 0.3458129584352078 0.21812832726253853 0.014975550122249388 0.015410479125805548
0 0.1167481662591687 0.051134771644718406 0.08618581907090464 0.08041468198374895