2 0.009878682842287694 0.6384341637010676 0.019064124783362217 0.09252669039145907
2 0.8367417677642981 0.3758007117437722 0.03466204506065858 0.04555160142348755
2 0.8202772963604853 0.5512455516014235 0.03916811091854419 0.046263345195729534
2 0.8124783362218371 0.5142348754448398 0.03535528596187175 0.04341637010676157
2 0.8024263431542461 0.4544483985765125 0.04367417677642981 0.04768683274021352
2 0.7890814558058925 0.34412811387900355 0.03431542461005199 0.044839857651245554
2 0.7790294627383015 0.28932384341637013 0.03916811091854419 0.04911032028469751
2 0.8273830155979203 0.3202846975088968 0.03119584055459272 0.03558718861209965
2 0.8261698440207972 0.29252669039145907 0.0440207972270364 0.052669039145907474
2 0.8422876949740035 0.40640569395017795 0.03951473136915078 0.04128113879003559
2 0.9370883882149047 0.45302491103202847 0.048180242634315425 0.054804270462633455
2 0.8525129982668977 0.4918149466192171 0.03847487001733102 0.04555160142348755
2 0.9334488734835356 0.42419928825622777 0.045060658578856154 0.05124555160142349
2 0.925476603119584 0.3612099644128114 0.04228769497400347 0.04341637010676157
2 0.920103986135182 0.32562277580071175 0.0440207972270364 0.04768683274021352
2 0.9162911611785095 0.30071174377224197 0.04471403812824957 0.04768683274021352
2 0.8547660311958406 0.5288256227758007 0.03466204506065858 0.032740213523131674
2 0.8509532062391681 0.4587188612099644 0.04298093587521664 0.050533807829181494
2 0.6284228769497401 0.6451957295373666 0.04020797227036395 0.04341637010676157
2 0.707105719237435 0.33380782918149465 0.03743500866551126 0.04128113879003559
2 0.708318890814558 0.6195729537366548 0.04679376083188908 0.04768683274021352
2 0.689948006932409 0.5572953736654804 0.04124783362218371 0.04697508896797153
2 0.6835355285961872 0.501423487544484 0.03604852686308492 0.03914590747330961
2 0.6760831889081456 0.4412811387900356 0.04055459272097054 0.042704626334519574
2 0.6752166377816291 0.4120996441281139 0.03119584055459272 0.03701067615658363
2 0.6703639514731369 0.38327402135231314 0.03188908145580589 0.04199288256227758
2 0.6660311958405546 0.3540925266903915 0.03708838821490468 0.04768683274021352
2 0.704159445407279 0.299288256227758 0.036395147313691506 0.03914590747330961
2 0.7140381282495667 0.38647686832740213 0.038821490467937605 0.04128113879003559
2 0.8032928942807626 0.2395017793594306 0.01074523396880416 0.03202846975088968
2 0.7206239168110918 0.41423487544483983 0.0415944540727903 0.04697508896797153
2 0.7240901213171577 0.4451957295373665 0.03396880415944541 0.03772241992882562
2 0.7285961871750434 0.47259786476868326 0.04436741767764298 0.048398576512455514
2 0.7396880415944541 0.5590747330960855 0.04020797227036395 0.044839857651245554
2 0.6830155979202773 0.4697508896797153 0.025996533795493933 0.03416370106761566
2 0.7965337954939341 0.36583629893238434 0.02079722703639515 0.024199288256227757
2 0.7759098786828423 0.25551601423487547 0.023223570190641248 0.025622775800711744
2 0.8154246100519931 0.2669039145907473 0.02391681109185442 0.0298932384341637
2 0.046273830155979204 0.0501779359430605 0.029462738301559793 0.046263345195729534
2 0.21837088388214904 0.028113879003558717 0.02218370883882149 0.03202846975088968
2 0.09584055459272096 0.025622775800711744 0.027383015597920276 0.04412811387900356
2 0.07019064124783363 0.03914590747330961 0.028769497400346622 0.04128113879003559
0 0.9306759098786829 0.34306049822064055 0.08249566724436742 0.28327402135231317
0 0.8169844020797227 0.3811387900355872 0.11993067590987869 0.3508896797153025
0 0.7015597920277297 0.4483985765124555 0.11577123050259966 0.34306049822064055
0 0.5876949740034662 0.5249110320284698 0.11403812824956673 0.3608540925266904
0 0.47435008665511263 0.5875444839857651 0.10294627383015598 0.35658362989323844
0 0.35528596187175043 0.6320284697508897 0.11646447140381283 0.398576512455516
0 0.24124783362218372 0.6366548042704626 0.10814558058925476 0.3893238434163701
0 0.13535528596187174 0.6750889679715303 0.09532062391681109 0.33807829181494664
2 0.6074523396880416 0.698576512455516 0.04956672443674177 0.054804270462633455
2 0.6209705372616985 0.6128113879003558 0.035701906412478335 0.03558718861209965
2 0.23084922010398615 0.6829181494661922 0.024956672443674176 0.03345195729537367
2 0.23795493934142115 0.7370106761565837 0.03154246100519931 0.03914590747330961
2 0.15719237435008665 0.8384341637010676 0.05649913344887349 0.06120996441281139
2 0.26967071057192377 0.8231316725978648 0.056152512998266894 0.054804270462633455
2 0.20121317157712304 0.4822064056939502 0.02461005199306759 0.02491103202846975
2 0.20866551126516464 0.5444839857651246 0.03535528596187175 0.042704626334519574
2 0.21421143847487 0.5701067615658363 0.02772963604852686 0.03558718861209965
2 0.21559792027729635 0.6 0.03050259965337955 0.028469750889679714
2 0.22010398613518198 0.6302491103202847 0.028422876949740036 0.034875444839857654
2 0.23518197573656846 0.70711743772242 0.028769497400346622 0.03345195729537367
2 0.23760831889081455 0.7669039145907474 0.03708838821490468 0.04199288256227758
2 0.17383015597920276 0.7886120996441282 0.03431542461005199 0.0398576512455516
2 0.23986135181975737 0.796085409252669 0.0415944540727903 0.05195729537366548
2 0.2788561525129983 0.7459074733096085 0.03292894280762565 0.03416370106761566
2 0.27192374350086657 0.7217081850533807 0.025303292894280762 0.0298932384341637
2 0.2710571923743501 0.6886120996441281 0.03604852686308492 0.040569395017793594
2 0.2674176776429809 0.6590747330960854 0.03154246100519931 0.03558718861209965
2 0.2651646447140381 0.6323843416370106 0.0415944540727903 0.04199288256227758
2 0.25701906412478337 0.608540925266904 0.025996533795493933 0.0298932384341637
2 0.25528596187175046 0.5758007117437722 0.03500866551126516 0.0398576512455516
2 0.022530329289428077 0.7473309608540926 0.028422876949740036 0.11387900355871886
2 0.1684575389948007 0.7533807829181495 0.033275563258232235 0.04199288256227758
2 0.6195840554592721 0.5839857651245551 0.043327556325823226 0.04341637010676157
2 0.041421143847487005 0.698932384341637 0.021143847487001734 0.028469750889679714
2 0.9247833622183709 0.026334519572953737 0.015944540727902946 0.0199288256227758
2 0.7606585788561525 0.8508896797153025 0.01975736568457539 0.026334519572953737
2 0.2994800693240901 0.21245551601423487 0.019410745233968803 0.027758007117437724
2 0.2317157712305026 0.04128113879003559 0.026689774696707105 0.0298932384341637
2 0.07019064124783363 0.8067615658362989 0.04471403812824957 0.03914590747330961
2 0.05667244367417678 0.7775800711743772 0.029462738301559793 0.03772241992882562
2 0.039341421143847484 0.6078291814946619 0.04124783362218371 0.04128113879003559
2 0.13292894280762566 0.806049822064057 0.03500866551126516 0.03772241992882562
2 0.13743500866551125 0.5281138790035588 0.026689774696707105 0.032740213523131674
2 0.1369150779896014 0.5626334519572954 0.023570190641247834 0.029181494661921707
2 0.14575389948006934 0.6156583629893239 0.026689774696707105 0.028469750889679714
2 0.15043327556325822 0.6412811387900356 0.03119584055459272 0.03701067615658363
2 0.15476603119584056 0.6683274021352313 0.030849220103986136 0.03558718861209965
2 0.16013864818024262 0.701423487544484 0.03396880415944541 0.03914590747330961
2 0.12495667244367417 0.7192170818505338 0.025303292894280762 0.030604982206405694
2 0.1268630849220104 0.7498220640569395 0.03188908145580589 0.036298932384341634
2 0.2502599653379549 0.5491103202846975 0.03119584055459272 0.036298932384341634
2 0.24315424610051994 0.49501779359430603 0.029462738301559793 0.036298932384341634
2 0.3123050259965338 0.48362989323843414 0.033275563258232235 0.044839857651245554
2 0.6010398613518197 0.4658362989323843 0.03604852686308492 0.046263345195729534
2 0.49168110918544194 0.5679715302491103 0.029462738301559793 0.0398576512455516
2 0.5516464471403812 0.4302491103202847 0.03708838821490468 0.044839857651245554
2 0.5435008665511265 0.40213523131672596 0.040901213171577126 0.04697508896797153
2 0.5894280762564992 0.3725978647686833 0.036395147313691506 0.044839857651245554
2 0.5937608318890815 0.40533807829181495 0.0415944540727903 0.046263345195729534
2 0.5998266897746967 0.43523131672597865 0.043327556325823226 0.04768683274021352
2 0.5577123050259966 0.4583629893238434 0.04228769497400347 0.04555160142348755
2 0.5590987868284228 0.4893238434163701 0.040901213171577126 0.050533807829181494
2 0.6071057192374351 0.49501779359430603 0.04055459272097054 0.044839857651245554
2 0.31819757365684576 0.5110320284697509 0.03119584055459272 0.04412811387900356
2 0.5625649913344888 0.5220640569395018 0.045753899480069325 0.050533807829181494
2 0.5859618717504332 0.6736654804270462 0.035701906412478335 0.040569395017793594
2 0.584055459272097 0.6384341637010676 0.03604852686308492 0.04412811387900356
2 0.5760831889081456 0.6081850533807829 0.0415944540727903 0.044839857651245554
2 0.5705372616984402 0.5790035587188612 0.03951473136915078 0.04341637010676157
2 0.5724436741767764 0.5469750889679715 0.03292894280762565 0.036298932384341634
2 0.6086655112651647 0.5256227758007117 0.03743500866551126 0.040569395017793594
2 0.6138648180242634 0.5551601423487544 0.04228769497400347 0.04555160142348755
2 0.5034662045060658 0.6501779359430605 0.036395147313691506 0.03772241992882562
2 0.5117850953206239 0.6782918149466192 0.04124783362218371 0.04697508896797153
2 0.497053726169844 0.7619217081850533 0.0610051993067591 0.060498220640569395
2 0.3986135181975737 0.7718861209964413 0.04367417677642981 0.04911032028469751
2 0.3275563258232236 0.5676156583629893 0.024956672443674176 0.030604982206405694
2 0.33067590987868284 0.5971530249110321 0.03119584055459272 0.042704626334519574
2 0.3386481802426343 0.6526690391459075 0.028422876949740036 0.03701067615658363
2 0.3499133448873484 0.7423487544483985 0.03154246100519931 0.0398576512455516
2 0.3532062391681109 0.7693950177935943 0.03466204506065858 0.03701067615658363
2 0.35736568457539 0.797508896797153 0.03119584055459272 0.036298932384341634
2 0.392894280762565 0.7444839857651245 0.03708838821490468 0.038434163701067614
2 0.3856152512998267 0.7188612099644128 0.028769497400346622 0.032740213523131674
2 0.38336221837088386 0.691814946619217 0.03466204506065858 0.04555160142348755
2 0.378682842287695 0.6622775800711744 0.03154246100519931 0.03772241992882562
2 0.3785095320623917 0.6313167259786477 0.040901213171577126 0.048398576512455514
2 0.36793760831889083 0.604982206405694 0.03431542461005199 0.038434163701067614
2 0.3665511265164645 0.5768683274021352 0.03778162911611785 0.04199288256227758
2 0.3618717504332756 0.5508896797153024 0.03674176776429809 0.038434163701067614
2 0.35199306759098786 0.4626334519572954 0.035701906412478335 0.042704626334519574
2 0.4519930675909879 0.5786476868327403 0.03050259965337955 0.04128113879003559
2 0.39393414211438477 0.8167259786476868 0.05025996533795494 0.05195729537366548
0 0.042634315424610054 0.7078291814946619 0.07487001733102253 0.29537366548042704