2 0.4812171299774606 0.6000883132175449 0.04132231404958678 0.010303208713570797
0 0.284748309541698 0.9403885781571976 0.21337340345604808 0.050338534000588755
0 0.8302028549962435 0.2081248160141301 0.1517655897821187 0.03238151309979394
0 0.8324567993989481 0.27068001177509565 0.21487603305785125 0.04680600529879305
0 0.7862509391435011 0.347365322343244 0.20510894064613072 0.026493965263467766
0 0.6765589782118707 0.48277892257874594 0.17806160781367392 0.046511627906976744
0 0.4436513899323817 0.5659405357668531 0.23516153268219384 0.05563732705328231
0 0.38955672426746807 0.5924345010303209 0.236664162283997 0.03326464527524286
0 0.3035311795642374 0.6118634088901972 0.13974455296769348 0.013246982631733883
0 0.35086401202103684 0.6672063585516632 0.17731029301277235 0.0173682661171622
0 0.3279489105935387 0.7921695613776862 0.1720510894064613 0.03179275831616132
0 0.3384673178061608 0.7353547247571387 0.17655897821187078 0.042979099205181046
0 0.6795642374154771 0.413158669414189 0.11945905334335086 0.012069473064468648
2 0.3617580766341097 0.6233441271710333 0.035311795642374154 0.00794818957904033
2 0.8538692712246432 0.19767441860465115 0.05334335086401202 0.012658227848101266
2 0.83809166040571 0.21430674124227259 0.02779864763335838 0.017073888725345893
2 0.4004507888805409 0.7506623491315867 0.03906836964688205 0.007065057403591404
2 0.41960931630353115 0.66028848984398 0.04282494365138993 0.008831321754489255
0 0.8414725770097671 0.1518987341772152 0.21187077385424494 0.05122166617603768