2 0.7330882352941176 0.6886792452830188 0.013235294117647059 0.018867924528301886
2 0.6161764705882353 0.6819407008086253 0.0058823529411764705 0.014375561545372867
0 0.39044117647058824 0.16621743036837378 0.01911764705882353 0.07367475292003593
0 0.9415441176470588 0.24123989218328842 0.0625 0.036837376460017966
0 0.9176470588235294 0.7875112309074573 0.054411764705882354 0.07996406109613657
0 0.6900735294117647 0.7084456424079065 0.09779411764705882 0.1500449236298293
0 0.6 0.6841868823000898 0.07794117647058824 0.11590296495956873
0 0.4470588235294118 0.5269541778975741 0.09705882352941177 0.14106019766397124
0 0.17316176470588235 0.3238993710691824 0.03602941176470588 0.07637017070979335
2 0.9639705882352941 0.2637017070979335 0.023529411764705882 0.017070979335130278
0 0.09411764705882353 0.08355795148247978 0.054411764705882354 0.07906558849955077