0 0.38753918495297807 0.5813382443216697 0.0822884012539185 0.03560466543891958
0 0.5266457680250783 0.09883364027010436 0.12695924764890282 0.024554941682013505
0 0.4267241379310345 0.2955801104972376 0.08855799373040753 0.04358502148557397
0 0.7272727272727273 0.4877225291589932 0.08463949843260188 0.027624309392265192
0 0.6731974921630094 0.6206261510128913 0.08463949843260188 0.040515653775322284
0 0.8405172413793104 0.3766114180478821 0.08385579937304075 0.04358502148557397
0 0.8009404388714734 0.7176181706568447 0.10501567398119123 0.057704112952731736
0 0.8252351097178683 0.8738489871086557 0.08463949843260188 0.03376304481276857
0 0.5235109717868338 0.9610190300798036 0.047021943573667714 0.011663597298956415
2 0.5141065830721003 0.10988336402701043 0.0219435736677116 0.008594229588704727
2 0.7002351097178683 0.23634131368938 0.024294670846394983 0.013505217925107428
2 0.8087774294670846 0.8901166359729895 0.023510971786833857 0.011049723756906077
0 0.2358934169278997 0.2007366482504604 0.06739811912225706 0.04419889502762431