2 0.5585241730279898 0.4041095890410959 0.021628498727735368 0.02090843547224225
0 0.7983460559796438 0.678082191780822 0.022900763358778626 0.026676279740447006
0 0.8447837150127226 0.19826964671953856 0.058524173027989825 0.0692141312184571
0 0.6892493638676844 0.15681326604181686 0.17239185750636132 0.18385003604902667
0 0.6090966921119593 0.4124008651766402 0.0693384223918575 0.09516943042537851
0 0.5852417302798982 0.5847152126892574 0.029262086513994912 0.03460706560922855
0 0.5251272264631043 0.6506849315068494 0.02862595419847328 0.07426099495313626
0 0.4681933842239186 0.6496034607065609 0.03435114503816794 0.11391492429704397
2 0.18193384223918574 0.7984859408795962 0.013994910941475827 0.023792357606344627
2 0.45006361323155214 0.6240086517664023 0.014631043256997456 0.022350396539293438
0 0.3463740458015267 0.7217015140591204 0.04643765903307888 0.1528478731074261
0 0.29389312977099236 0.8013698630136986 0.04198473282442748 0.12040374909877433
0 0.18893129770992367 0.8561643835616438 0.062340966921119595 0.1506849315068493
0 0.9039440203562341 0.11968276856524873 0.05597964376590331 0.050468637346791634