2 0.4960707269155206 0.29420549581839905 0.026522593320235755 0.022102747909199524
0 0.10805500982318271 0.7700119474313023 0.09430255402750491 0.1923536439665472
0 0.19572691552062868 0.7703106332138591 0.06041257367387033 0.15113500597371565
0 0.29395874263261296 0.6176821983273596 0.09970530451866405 0.2927120669056153
0 0.3887524557956778 0.6030465949820788 0.08202357563850687 0.23237753882915174
0 0.47077603143418467 0.5615292712066906 0.07907662082514735 0.22461170848267623
0 0.4953339882121807 0.39755077658303467 0.181237721021611 0.46176821983273597
0 0.681483300589391 0.5486857825567503 0.05648330058939096 0.15949820788530467
0 0.805992141453831 0.5283751493428913 0.03143418467583497 0.1977299880525687
0 0.9194499017681729 0.5474910394265233 0.02848722986247544 0.15471923536439666
0 0.9508840864440079 0.5791517323775388 0.021611001964636542 0.07586618876941457
2 0.4491650294695481 0.21027479091995221 0.023084479371316306 0.04659498207885305
2 0.7843811394891945 0.4507168458781362 0.014734774066797643 0.03763440860215054
2 0.19302554027504912 0.7051971326164874 0.018664047151277015 0.03046594982078853
2 0.8136051080550099 0.8906810035842294 0.015225933202357564 0.03225806451612903
2 0.7210216110019646 0.9686379928315412 0.0137524557956778 0.026881720430107527
2 0.2821709233791749 0.48984468339307047 0.018172888015717092 0.03345280764635603
2 0.8261296660117878 0.8841099163679809 0.007858546168958742 0.016726403823178016
2 0.8212180746561886 0.8885902031063322 0.007858546168958742 0.017323775388291517
2 0.11640471512770137 0.7240143369175627 0.009823182711198428 0.017921146953405017
2 0.5147347740667977 0.4967144563918757 0.0137524557956778 0.024492234169653525
2 0.5333988212180747 0.47998805256869775 0.025540275049115914 0.022102747909199524
0 0.022838899803536344 0.8261648745519713 0.04567779960707269 0.17204301075268819