0 0.23357228195937874 0.15034097954122752 0.1039426523297491 0.03781773093614383
0 0.35722819593787336 0.30440173589584624 0.16726403823178015 0.0657160570365778
0 0.35424133811230585 0.3716676999380037 0.1923536439665472 0.05889646621202728
0 0.3984468339307049 0.4246745195288283 0.19474313022700118 0.07191568505889646
0 0.483273596176822 0.4894606323620583 0.21385902031063322 0.07873527588344699
0 0.6045400238948626 0.6447613143211407 0.21027479091995221 0.07191568505889646
0 0.8626045400238949 0.7941723496590205 0.1959378733572282 0.09423434593924365
2 0.4068100358422939 0.04742715437073776 0.025089605734767026 0.017978921264724116
2 0.19474313022700118 0.15220086794792312 0.04540023894862605 0.017978921264724116
2 0.3010752688172043 0.328580285182889 0.02867383512544803 0.018598884066955982
2 0.2897252090800478 0.37817730936143834 0.04420549581839905 0.01735895846249225
0 0.13142174432497014 0.07098574085554867 0.15531660692951016 0.05145691258524489