2 0.2512288367012561 0.9915700737618546 0.018569087930092845 0.01685985247629083
2 0.8746586564718732 0.5877239199157007 0.024576734025122882 0.01738672286617492
2 0.966411796832332 0.7299789251844047 0.015838339705079193 0.0184404636459431
2 0.8667394866193336 0.5929926238145417 0.025122883670125613 0.016332982086406742
2 0.8626433642818132 0.5998419388830347 0.024576734025122882 0.015279241306638568
2 0.8577280174767886 0.60695468914647 0.024576734025122882 0.01685985247629083
2 0.8511742217367558 0.6127502634351949 0.025669033315128344 0.01685985247629083
2 0.8544511196067722 0.6480505795574288 0.02239213544511196 0.02107481559536354
2 0.8495357728017476 0.6414646996838778 0.023484434735117424 0.02160168598524763
2 0.724194429273621 0.7945205479452054 0.025122883670125613 0.011591148577449948
2 0.7192790824685964 0.803740779768177 0.02403058438012015 0.011064278187565859
2 0.3208629164391043 0.9301896733403583 0.02239213544511196 0.02370916754478398
2 0.5259421081376298 0.9001580611169653 0.02184598580010923 0.02160168598524763
2 0.4309120699071546 0.7144362486828241 0.018569087930092845 0.01685985247629083
2 0.9666848716548334 0.09299262381454163 0.02075368651010377 0.022655426765015807
2 0.9732386673948662 0.08798735511064278 0.019661387220098307 0.022128556375131718
2 0.682413981430912 0.3340358271865121 0.025669033315128344 0.026343519494204427
2 0.706990715456035 0.3601159114857745 0.025669033315128344 0.025816649104320338
2 0.3233205898416166 0.6851949420442571 0.02075368651010377 0.02160168598524763
2 0.3555434188967777 0.6364594309799789 0.02184598580010923 0.020021074815595362
2 0.3618241398143091 0.6438356164383562 0.020207536865101038 0.018967334035827187
2 0.3675587110868378 0.6496311907270811 0.019661387220098307 0.020021074815595362
2 0.4120699071545603 0.6946786090621707 0.019115237575095576 0.0184404636459431
2 0.4180775532495904 0.7017913593256059 0.019115237575095576 0.01791359325605901
2 0.4429273620972146 0.7276080084299262 0.018569087930092845 0.018967334035827187
2 0.9530311305297652 0.06559536354056902 0.016384489350081924 0.016332982086406742
2 0.4287274713271436 0.6003688092729189 0.03386127799016931 0.03424657534246575
2 0.4811578372474058 0.5205479452054794 0.070999453850355 0.0737618545837724
2 0.5764609503003824 0.571917808219178 0.0726379027853632 0.07218124341412013
2 0.5988530857454942 0.5487355110642782 0.06826870562534135 0.0732349841938883
2 0.647187329328236 0.5036880927291886 0.06990715456034953 0.07270811380400422
2 0.6742217367558712 0.482086406743941 0.07154560349535773 0.07270811380400422
2 0.7255598033861278 0.4399367755532139 0.0726379027853632 0.07165437302423604
2 0.6597487711632988 0.3698630136986301 0.07209175314036045 0.07270811380400422
2 0.6108683779355544 0.1053740779768177 0.018022938285090113 0.018967334035827187
2 0.9609503003823048 0.09694415173867228 0.020207536865101038 0.023182297154899896
2 0.949208083014746 0.06875658587987356 0.016384489350081924 0.016332982086406742
0 0.3978700163844894 0.6649104320337197 0.1600218459858001 0.16754478398314016
0 0.9142545057345712 0.20574288724973658 0.1583833970507919 0.16280295047418336
0 0.8574549426542872 0.26580611169652263 0.14636810486073185 0.15437302423603794
0 0.8069361004915346 0.30979978925184404 0.1458219552157291 0.15279241306638566
0 0.7558711086837794 0.35089567966280294 0.14199890770071 0.14857744994731295
0 0.7097214636810486 0.39963119072708114 0.15019115237575095 0.15858798735511065
0 0.659202621518296 0.44204425711275025 0.1474604041507373 0.15489989462592202
0 0.608410704533042 0.48472075869336145 0.1474604041507373 0.15489989462592202
0 0.554614964500273 0.523972602739726 0.1381758601856909 0.14383561643835616
0 0.5062807209175314 0.5698103266596417 0.14199890770071 0.14910432033719706
0 0.4582195521572911 0.6135405690200211 0.1441835062807209 0.15015806111696522
0 0.3525395958492627 0.7012644889357218 0.1436373566357182 0.1506849315068493
2 0.9330966684871654 0.044783983140147525 0.018022938285090113 0.022128556375131718
0 0.2872747132714364 0.7220758693361433 0.1638448935008192 0.17228661749209695
0 0.2430365920262152 0.7721285563751317 0.1725832878208629 0.18177028451001054
2 0.18186783178590935 0.684141201264489 0.02184598580010923 0.02160168598524763
2 0.17640633533588204 0.6888830347734457 0.02075368651010377 0.02160168598524763
2 0.1646641179683233 0.7015279241306639 0.020207536865101038 0.02160168598524763
2 0.15811032222829055 0.7052160168598525 0.020207536865101038 0.02370916754478398
0 0.0797378481703987 0.95231822971549 0.09721463681048607 0.09536354056902002
2 0.7872747132714364 0.34773445732349845 0.025669033315128344 0.026343519494204427
2 0.9197160021845986 0.052423603793466805 0.018569087930092845 0.02370916754478398
2 0.9262697979246314 0.04873551106427819 0.018569087930092845 0.022655426765015807
2 0.4614964500273075 0.5429399367755532 0.049153468050245765 0.05005268703898841
2 0.6925177498634626 0.30584826132771337 0.04369197160021846 0.0458377239199157
2 0.5289459311851448 0.6153846153846154 0.05079191698525396 0.0505795574288725
2 0.4472965592572365 0.5524236037934668 0.049153468050245765 0.05005268703898841
2 0.4989077007099945 0.6230242360379347 0.08465319497542327 0.08693361433087461
2 0.4552157291097761 0.6306638566912539 0.03113052976515565 0.03371970495258166
2 0.4948115783724741 0.6714963119072708 0.031676679410158386 0.03424657534246575
2 0.7665210267613326 0.5042149631190727 0.04314582195521573 0.03898840885142255
2 0.03986892408519935 0.030558482613277135 0.009830693610049153 0.01053740779768177
2 0.2534134352812671 0.7982086406743941 0.02075368651010377 0.020021074815595362
2 0.5409612233752048 0.5800842992623815 0.018022938285090113 0.029504741833508957
2 0.5207536865101038 0.5674394099051633 0.020207536865101038 0.02107481559536354
2 0.548607318405243 0.5882507903055848 0.019115237575095576 0.030031612223393046
2 0.8115783724740578 0.46259220231822973 0.04369197160021846 0.0410958904109589
0 0.9535772801747678 0.051896733403582716 0.09284543965046423 0.10273972602739725