2 0.3509272467902996 0.18886861313868614 0.025677603423680456 0.018856447688564478
2 0.34569662387066097 0.21319951338199514 0.019971469329529243 0.016423357664233577
2 0.34236804564907275 0.22506082725060828 0.020922491678554447 0.015815085158150853
2 0.340941512125535 0.2363138686131387 0.019971469329529243 0.016423357664233577
2 0.33713742272943414 0.2475669099756691 0.019971469329529243 0.015815085158150853
2 0.33452211126961484 0.2594282238442822 0.02330004755111745 0.017639902676399026
2 0.33143128863528293 0.270985401459854 0.019020446980504042 0.015206812652068127
2 0.32929148834997624 0.2825425790754258 0.020446980504041846 0.016423357664233577
2 0.3273894436519258 0.2959245742092457 0.018544935805991442 0.016423357664233577
2 0.3221588207322872 0.3059610705596107 0.02234902520209225 0.015815085158150853
2 0.3181169757489301 0.3287712895377129 0.020922491678554447 0.015206812652068127
2 0.3150261531145982 0.3400243309002433 0.021398002853067047 0.0170316301703163
2 0.3121730860675226 0.3518856447688564 0.018544935805991442 0.013990267639902677
2 0.30313837375178315 0.3768248175182482 0.015691868758915834 0.03223844282238443
2 0.3128863528292915 0.38260340632603407 0.015216357584403234 0.031630170316301706
2 0.32429862101759394 0.38564476885644766 0.015216357584403234 0.0364963503649635
2 0.34831193533048027 0.20164233576642335 0.021398002853067047 0.016423357664233577
2 0.3540180694246315 0.17822384428223845 0.02234902520209225 0.01824817518248175
2 0.3204945316214931 0.4081508515815085 0.007608178792201617 0.010948905109489052
2 0.3880171184022825 0.15541362530413624 0.011412268188302425 0.009124087591240875
2 0.24774132192106516 0.2822384428223844 0.02282453637660485 0.01824817518248175
2 0.2724679029957204 0.2874087591240876 0.019971469329529243 0.016423357664233577
2 0.2755587256300523 0.2761557177615572 0.020446980504041846 0.01824817518248175
2 0.2524964336661912 0.25608272506082724 0.02377555872563005 0.019464720194647202
2 0.2601046124583928 0.23114355231143552 0.024726581074655255 0.019464720194647202
2 0.2867332382310984 0.23083941605839417 0.019971469329529243 0.017639902676399026
2 0.263433190679981 0.2183698296836983 0.02282453637660485 0.01824817518248175
2 0.25083214455539704 0.2125912408759124 0.0042796005706134095 0.011557177615571776
2 0.29243937232524964 0.2086374695863747 0.020922491678554447 0.01824817518248175
2 0.29600570613409416 0.19738442822384428 0.02234902520209225 0.018856447688564478
2 0.2731811697574893 0.1818734793187348 0.02234902520209225 0.015815085158150853
2 0.2810271041369472 0.15237226277372262 0.016167379933428434 0.013990267639902677
2 0.31145981930575367 0.12530413625304138 0.016167379933428434 0.01338199513381995
2 0.2867332382310984 0.12378345498783455 0.016167379933428434 0.012773722627737226
2 0.3594864479315264 0.14081508515815086 0.02757964812173086 0.020072992700729927
2 0.33713742272943414 0.38929440389294406 0.016167379933428434 0.037712895377128956
2 0.3309557774607703 0.40845498783454987 0.007608178792201617 0.007907542579075427
2 0.2703281027104137 0.29927007299270075 0.02234902520209225 0.01824817518248175
2 0.38492629576795057 0.37378345498783455 0.00903471231573942 0.018856447688564478
2 0.42677127912505947 0.3905109489051095 0.009985734664764621 0.021897810218978103
2 0.37137422729434144 0.3677007299270073 0.009510223490252021 0.021289537712895375
2 0.3573466476462197 0.36253041362530414 0.010936757013789824 0.021897810218978103
2 0.35021398002853066 0.36070559610705594 0.009985734664764621 0.021897810218978103
2 0.34331906799809797 0.3570559610705596 0.009510223490252021 0.021897810218978103
2 0.33642415596766523 0.35340632603406325 0.009985734664764621 0.021897810218978103
2 0.32952924393723254 0.3512773722627737 0.010461245839277223 0.021289537712895375
2 0.456490727532097 0.34641119221411193 0.01806942463147884 0.04075425790754258
2 0.46219686162624823 0.32086374695863745 0.009510223490252021 0.009124087591240875
2 0.4450784593437946 0.3488442822384428 0.010461245839277223 0.022506082725060828
2 0.43842130290061815 0.3451946472019465 0.009510223490252021 0.021289537712895375
2 0.43128863528292916 0.34215328467153283 0.009510223490252021 0.020072992700729927
2 0.42510699001426533 0.33880778588807786 0.011412268188302425 0.023114355231143552
2 0.4172610556348074 0.3381995133819951 0.010936757013789824 0.02068126520681265
2 0.41012838801711843 0.33454987834549876 0.010936757013789824 0.021897810218978103
2 0.3780313837375178 0.3707420924574209 0.009510223490252021 0.020072992700729927
2 0.39229671897289586 0.37439172749391725 0.012363290537327628 0.024939172749391728
2 0.34474560152163575 0.4121046228710462 0.007608178792201617 0.006690997566909975
2 0.3989538754160723 0.3789537712895377 0.010461245839277223 0.021897810218978103
2 0.34783642415596766 0.39263990267639903 0.016642891107941038 0.03710462287104623
2 0.3535425582501189 0.4197080291970803 0.008083689966714217 0.0072992700729927005
2 0.35782215882073226 0.39902676399026765 0.01759391345696624 0.040145985401459854
2 0.3699476937708036 0.40206812652068125 0.017118402282453638 0.03527980535279805
2 0.3806466951973371 0.40784671532846717 0.015691868758915834 0.03223844282238443
2 0.39182120779838325 0.41271289537712896 0.019020446980504042 0.03953771289537713
2 0.40252020922491677 0.4166666666666667 0.018544935805991442 0.038929440389294405
2 0.4141702330004755 0.4212287104622871 0.019020446980504042 0.03953771289537713
2 0.42510699001426533 0.4245742092457421 0.017118402282453638 0.0364963503649635
2 0.43437945791726107 0.43643552311435524 0.012838801711840228 0.028588807785888078
2 0.4429386590584879 0.4029805352798054 0.01759391345696624 0.03467153284671533
2 0.43390394674274846 0.39233576642335766 0.009985734664764621 0.021897810218978103
2 0.4198763670946267 0.38686131386861317 0.010461245839277223 0.023114355231143552
2 0.4125059438896814 0.3841240875912409 0.010936757013789824 0.023722627737226276
2 0.405848787446505 0.3822992700729927 0.009985734664764621 0.021289537712895375
2 0.24393723252496433 0.2944038929440389 0.02377555872563005 0.0170316301703163
2 0.23823109843081314 0.3059610705596107 0.024726581074655255 0.02068126520681265
2 0.17118402282453637 0.6840024330900243 0.017118402282453638 0.013990267639902677
2 0.20993818354731336 0.5523114355231143 0.015691868758915834 0.012165450121654502
2 0.21231573941987636 0.5431873479318735 0.015691868758915834 0.01338199513381995
2 0.1902044698050404 0.5355839416058394 0.025677603423680456 0.018856447688564478
2 0.21421778411792677 0.5343673965936739 0.015691868758915834 0.012773722627737226
2 0.19234427009034713 0.5209854014598541 0.025202092249167855 0.020072992700729927
2 0.21778411792677127 0.5237226277372263 0.015216357584403234 0.01338199513381995
2 0.19686162624821682 0.5076034063260341 0.02282453637660485 0.017639902676399026
2 0.2249167855444603 0.517639902676399 0.015216357584403234 0.014598540145985401
2 0.2215882073228721 0.5048661800486618 0.01331431288635283 0.012165450121654502
2 0.20565858297669995 0.4957420924574209 0.029006181645268664 0.02068126520681265
2 0.15026153114598192 0.4738442822384428 0.025677603423680456 0.015815085158150853
2 0.14550641940085593 0.48479318734793186 0.015216357584403234 0.012165450121654502
2 0.14360437470280552 0.49239659367396593 0.016167379933428434 0.011557177615571776
2 0.14122681883024252 0.5021289537712895 0.016167379933428434 0.012773722627737226
2 0.1402757964812173 0.510036496350365 0.017118402282453638 0.013990267639902677
2 0.1371849738468854 0.5255474452554745 0.019495958155016643 0.024330900243309004
2 0.18568711364717072 0.5477493917274939 0.02615311459819306 0.018856447688564478
2 0.20779838326200667 0.5611313868613139 0.016167379933428434 0.012773722627737226
2 0.12315739419876368 0.5486618004866181 0.024726581074655255 0.019464720194647202
2 0.1828340466000951 0.5611313868613139 0.024251069900142655 0.018856447688564478
2 0.17641464574417498 0.6636253041362531 0.016167379933428434 0.010948905109489052
2 0.178792201616738 0.6535888077858881 0.017118402282453638 0.013990267639902677
2 0.1809320019020447 0.6435523114355232 0.01759391345696624 0.014598540145985401
2 0.17070851165002376 0.6253041362530414 0.007608178792201617 0.0170316301703163
2 0.16500237755587258 0.6475060827250608 0.007608178792201617 0.015206812652068127
2 0.1873514027579648 0.6228710462287105 0.01806942463147884 0.012165450121654502
2 0.19377080361388493 0.614963503649635 0.014740846409890632 0.012165450121654502
2 0.19662387066096054 0.6067518248175182 0.014740846409890632 0.007907542579075427
2 0.19852591535901093 0.5967153284671532 0.016642891107941038 0.01338199513381995
2 0.17379933428435568 0.6040145985401459 0.02234902520209225 0.015815085158150853
2 0.1773656680932002 0.5900243309002433 0.024726581074655255 0.019464720194647202
2 0.20114122681883023 0.5885036496350365 0.015216357584403234 0.010340632603406326
2 0.20304327151688065 0.579683698296837 0.016167379933428434 0.01338199513381995
2 0.178792201616738 0.5763381995133819 0.02662862577270566 0.020072992700729927
2 0.20589633856395625 0.569647201946472 0.015216357584403234 0.011557177615571776
2 0.1274369947693771 0.5368004866180048 0.024726581074655255 0.021289537712895375
2 0.12339514978601997 0.5620437956204379 0.019495958155016643 0.015815085158150853
2 0.26699952448882547 0.31052311435523117 0.018544935805991442 0.015206812652068127
2 0.17641464574417498 0.3126520681265207 0.012363290537327628 0.009732360097323601
2 0.1885401806942463 0.27706812652068125 0.02234902520209225 0.015206812652068127
2 0.16642891107941038 0.27950121654501214 0.006657156443176415 0.013990267639902677
2 0.17760342368045648 0.2971411192214112 0.00903471231573942 0.009124087591240875
2 0.18830242510699002 0.3013990267639903 0.007608178792201617 0.007907542579075427
2 0.1899667142177841 0.2630778588807786 0.021398002853067047 0.018856447688564478
2 0.16975748930099857 0.26763990267639903 0.006657156443176415 0.012165450121654502
2 0.17498811222063718 0.246654501216545 0.006657156443176415 0.011557177615571776
2 0.19305753685211602 0.25 0.019971469329529243 0.010948905109489052
2 0.19519733713742274 0.24057177615571776 0.01378982406086543 0.007907542579075427
2 0.19067998097955302 0.23418491484184914 0.010461245839277223 0.006082725060827251
2 0.19210651450309082 0.22627737226277372 0.010461245839277223 0.010948905109489052
2 0.19591060389919163 0.22141119221411193 0.014265335235378032 0.010948905109489052
2 0.25915359010936756 0.34458637469586373 0.021873514027579647 0.016423357664233577
2 0.2346647646219686 0.3333333333333333 0.021398002853067047 0.012165450121654502
2 0.23751783166904422 0.3193430656934307 0.02330004755111745 0.01824817518248175
2 0.1875891583452211 0.2895377128953771 0.021398002853067047 0.0170316301703163
2 0.10817879220161673 0.19920924574209245 0.008083689966714217 0.009124087591240875
2 0.12291963861150737 0.573905109489051 0.019495958155016643 0.015206812652068127
2 0.09747979077508322 0.24391727493917276 0.007608178792201617 0.0072992700729927005
2 0.11673799334284356 0.5827250608272506 0.020446980504041846 0.019464720194647202
2 0.11768901569186876 0.47566909975669097 0.008083689966714217 0.015815085158150853
2 0.19733713742272943 0.152676399026764 0.008559201141226819 0.014598540145985401
2 0.19923918212077985 0.14263990267639903 0.007608178792201617 0.011557177615571776
2 0.20328102710413695 0.13351581508515814 0.005230622919638612 0.011557177615571776
2 0.20851165002377556 0.11222627737226278 0.008083689966714217 0.017639902676399026
2 0.21326676176890158 0.09032846715328467 0.00903471231573942 0.017639902676399026
2 0.0912981455064194 0.2655109489051095 0.008559201141226819 0.007907542579075427
2 0.0924869234427009 0.2612530413625304 0.00903471231573942 0.007907542579075427
2 0.0936757013789824 0.2569951338199513 0.008559201141226819 0.007907542579075427
2 0.09486447931526391 0.2524330900243309 0.008083689966714217 0.0072992700729927005
2 0.09605325725154541 0.24817518248175183 0.007608178792201617 0.0072992700729927005
2 0.10128388017118402 0.22536496350364962 0.008559201141226819 0.007907542579075427
2 0.10033285782215882 0.22992700729927007 0.008559201141226819 0.0072992700729927005
2 0.09985734664764621 0.23479318734793186 0.007608178792201617 0.0072992700729927005
2 0.403471231573942 0.3302919708029197 0.009985734664764621 0.01824817518248175
2 0.39657631954350925 0.3290754257907543 0.011412268188302425 0.021897810218978103
2 0.38254873989538757 0.32299270072992703 0.010936757013789824 0.021897810218978103
2 0.5223490252020923 0.27858880778588807 0.009985734664764621 0.021897810218978103
2 0.5228245363766049 0.3068734793187348 0.011887779362815026 0.023722627737226276
2 0.5292439372325249 0.3102189781021898 0.010461245839277223 0.024330900243309004
2 0.536376604850214 0.3126520681265207 0.010461245839277223 0.023114355231143552
2 0.5078459343794579 0.2892335766423358 0.01806942463147884 0.04440389294403893
2 0.5442225392296719 0.31386861313868614 0.008083689966714217 0.019464720194647202
2 0.5504041844983357 0.31782238442822386 0.010936757013789824 0.021289537712895375
2 0.5644317641464575 0.32299270072992703 0.010461245839277223 0.019464720194647202
2 0.5715644317641465 0.32512165450121655 0.010461245839277223 0.021289537712895375
2 0.5782215882073228 0.3293795620437956 0.010461245839277223 0.022506082725060828
2 0.5853542558250119 0.3312043795620438 0.009510223490252021 0.021289537712895375
2 0.5920114122681883 0.3357664233576642 0.012363290537327628 0.02068126520681265
2 0.5986685687113648 0.3385036496350365 0.009510223490252021 0.020072992700729927
2 0.6062767475035663 0.340632603406326 0.010461245839277223 0.021897810218978103
2 0.6134094151212554 0.34215328467153283 0.009510223490252021 0.018856447688564478
2 0.6195910603899192 0.34793187347931875 0.010461245839277223 0.023114355231143552
2 0.5159296243461722 0.30383211678832117 0.010461245839277223 0.022506082725060828
2 0.5287684260580123 0.2816301703163017 0.010461245839277223 0.02068126520681265
2 0.505468378506895 0.3491484184914842 0.010461245839277223 0.024330900243309004
2 0.5361388492629576 0.284367396593674 0.009985734664764621 0.020072992700729927
2 0.5889205896338564 0.25760340632603407 0.011887779362815026 0.024939172749391728
2 0.5958155016642891 0.25760340632603407 0.010461245839277223 0.020072992700729927
2 0.6022349025202092 0.2615571776155718 0.009985734664764621 0.02068126520681265
2 0.6093675701378982 0.2639902676399027 0.009985734664764621 0.021897810218978103
2 0.6167379933428435 0.2670316301703163 0.010461245839277223 0.021897810218978103
2 0.62339514978602 0.2694647201946472 0.010461245839277223 0.021897810218978103
2 0.6310033285782216 0.2728102189781022 0.010461245839277223 0.022506082725060828
2 0.6264859724203519 0.32086374695863745 0.010936757013789824 0.021289537712895375
2 0.6119828815977175 0.3156934306569343 0.010461245839277223 0.02068126520681265
2 0.6053257251545411 0.3126520681265207 0.010461245839277223 0.02068126520681265
2 0.5915359010936757 0.3068734793187348 0.010461245839277223 0.021289537712895375
2 0.5844032334759867 0.3026155717761557 0.010461245839277223 0.022506082725060828
2 0.577508321445554 0.3010948905109489 0.009985734664764621 0.02068126520681265
2 0.5639562529719448 0.2940997566909976 0.010461245839277223 0.021289537712895375
2 0.5427960057061341 0.2864963503649635 0.00903471231573942 0.019464720194647202
2 0.4916785544460295 0.35827250608272504 0.01331431288635283 0.031630170316301706
2 0.5114122681883024 0.354014598540146 0.00903471231573942 0.02068126520681265
2 0.37612933903946744 0.32025547445255476 0.011412268188302425 0.022506082725060828
2 0.6678554446029482 0.41514598540145986 0.00903471231573942 0.018856447688564478
2 0.681169757489301 0.42001216545012166 0.009985734664764621 0.021289537712895375
2 0.6890156918687589 0.41818734793187345 0.010461245839277223 0.021289537712895375
2 0.7030432715168806 0.4254866180048662 0.010936757013789824 0.024939172749391728
2 0.7092249167855444 0.43156934306569344 0.00903471231573942 0.021289537712895375
2 0.7161198288159771 0.43400243309002434 0.010461245839277223 0.021289537712895375
2 0.7289586305278174 0.458029197080292 0.01806942463147884 0.0413625304136253
2 0.7161198288159771 0.4628953771289538 0.011412268188302425 0.025547445255474453
2 0.7092249167855444 0.458029197080292 0.010936757013789824 0.023114355231143552
2 0.7016167379933429 0.45650851581508517 0.010936757013789824 0.022506082725060828
2 0.6944840703756539 0.45255474452554745 0.010936757013789824 0.023114355231143552
2 0.6861626248216833 0.45072992700729925 0.010461245839277223 0.021897810218978103
2 0.6785544460294817 0.4486009732360097 0.012363290537327628 0.024939172749391728
2 0.6721350451735616 0.4443430656934307 0.011887779362815026 0.023722627737226276
2 0.649548264384213 0.43552311435523117 0.010461245839277223 0.021897810218978103
2 0.6421778411792677 0.43156934306569344 0.011887779362815026 0.022506082725060828
2 0.6740370898716119 0.41757907542579076 0.009985734664764621 0.020072992700729927
2 0.6533523537803139 0.4081508515815085 0.008559201141226819 0.01824817518248175
2 0.5183071802187351 0.3543187347931874 0.010461245839277223 0.022506082725060828
2 0.6464574417498811 0.4051094890510949 0.009985734664764621 0.021897810218978103
2 0.5247265810746553 0.35827250608272504 0.00903471231573942 0.019464720194647202
2 0.5328102710413695 0.35979318734793186 0.010936757013789824 0.022506082725060828
2 0.5387541607227769 0.3637469586374696 0.006657156443176415 0.019464720194647202
2 0.5461245839277223 0.3661800486618005 0.010936757013789824 0.023114355231143552
2 0.553019495958155 0.36830900243309 0.009510223490252021 0.021289537712895375
2 0.5601521635758441 0.37135036496350365 0.010461245839277223 0.021289537712895375
2 0.567284831193533 0.3740875912408759 0.009510223490252021 0.023114355231143552
2 0.5744174988112221 0.3768248175182482 0.009510223490252021 0.021289537712895375
2 0.5813124108416547 0.38108272506082724 0.00903471231573942 0.018856447688564478
2 0.5886828340466 0.38260340632603407 0.010461245839277223 0.021897810218978103
2 0.6015216357584403 0.38990267639902676 0.008559201141226819 0.01824817518248175
2 0.6093675701378982 0.39081508515815083 0.009985734664764621 0.020072992700729927
2 0.6188777936281502 0.3944647201946472 0.009985734664764621 0.022506082725060828
2 0.625059438896814 0.3981143552311436 0.00903471231573942 0.020072992700729927
2 0.6393247741321921 0.40145985401459855 0.009985734664764621 0.021897810218978103
2 0.5815501664289111 0.2539537712895377 0.011412268188302425 0.022506082725060828
2 0.5741797432239658 0.25 0.00903471231573942 0.01824817518248175
2 0.5682358535425582 0.24604622871046228 0.009510223490252021 0.018856447688564478
2 0.37898240608654304 0.24391727493917276 0.010461245839277223 0.021897810218978103
2 0.39942938659058486 0.2542579075425791 0.010461245839277223 0.021897810218978103
2 0.4065620542082739 0.2569951338199513 0.010461245839277223 0.022506082725060828
2 0.4134569662387066 0.26034063260340634 0.010936757013789824 0.023114355231143552
2 0.42772230147408463 0.2639902676399027 0.00903471231573942 0.02068126520681265
2 0.43509272467902993 0.26763990267639903 0.009510223490252021 0.021897810218978103
2 0.4419876367094627 0.26976885644768855 0.008083689966714217 0.020072992700729927
2 0.4484070375653828 0.27402676399026765 0.010461245839277223 0.023722627737226276
2 0.4548264384213029 0.2767639902676399 0.00903471231573942 0.021897810218978103
2 0.4614835948644793 0.2798053527980535 0.008083689966714217 0.02068126520681265
2 0.47456015216357583 0.2752433090024331 0.016167379933428434 0.03467153284671533
2 0.46814075130765576 0.2539537712895377 0.009985734664764621 0.021289537712895375
2 0.461245839277223 0.25121654501216545 0.009510223490252021 0.021897810218978103
2 0.4548264384213029 0.24939172749391728 0.00903471231573942 0.019464720194647202
2 0.43342843556823585 0.23996350364963503 0.00903471231573942 0.020072992700729927
2 0.3749405611031859 0.16909975669099755 0.011887779362815026 0.025547445255474453
2 0.38587731811697573 0.24878345498783455 0.011887779362815026 0.025547445255474453
2 0.3723252496433666 0.2417883211678832 0.009510223490252021 0.020072992700729927
2 0.5611031859248692 0.24482968369829683 0.010461245839277223 0.021289537712895375
2 0.36590584878744653 0.23813868613138686 0.011887779362815026 0.021289537712895375
2 0.3540180694246315 0.3123479318734793 0.010936757013789824 0.022506082725060828
2 0.34831193533048027 0.30869829683698297 0.010936757013789824 0.020072992700729927
2 0.34712315739419874 0.2816301703163017 0.010461245839277223 0.02068126520681265
2 0.3540180694246315 0.28284671532846717 0.010936757013789824 0.023114355231143552
2 0.3673323823109843 0.29014598540145986 0.00903471231573942 0.02068126520681265
2 0.38159771754636235 0.29531630170316303 0.009985734664764621 0.020072992700729927
2 0.38920589633856395 0.298661800486618 0.009985734664764621 0.021897810218978103
2 0.3956252971944841 0.3007907542579075 0.009510223490252021 0.020072992700729927
2 0.4163100332857822 0.3093065693430657 0.008083689966714217 0.020072992700729927
2 0.42320494531621494 0.3123479318734793 0.009510223490252021 0.021289537712895375
2 0.43057536852116024 0.3147810218978102 0.008083689966714217 0.020072992700729927
2 0.437470280551593 0.3181265206812652 0.010461245839277223 0.021897810218978103
2 0.444602948169282 0.3214720194647202 0.008559201141226819 0.018856447688564478
2 0.4512601046124584 0.3242092457420925 0.009510223490252021 0.02068126520681265
2 0.3585354255825012 0.23722627737226276 0.012363290537327628 0.024330900243309004
2 0.40204469805040416 0.1608880778588808 0.012838801711840228 0.011557177615571776
2 0.38207322872087496 0.17092457420924576 0.00903471231573942 0.0170316301703163
2 0.38920589633856395 0.17396593673965938 0.009985734664764621 0.023114355231143552
2 0.3956252971944841 0.1760948905109489 0.009510223490252021 0.022506082725060828
2 0.3773181169757489 0.21776155717761558 0.008083689966714217 0.019464720194647202
2 0.38468854018069426 0.2198905109489051 0.009510223490252021 0.020072992700729927
2 0.39182120779838325 0.22293187347931873 0.008559201141226819 0.018856447688564478
2 0.3989538754160723 0.22627737226277372 0.009510223490252021 0.02068126520681265
2 0.405848787446505 0.22931873479318735 0.007132667617689016 0.019464720194647202
2 0.41298145506419404 0.23175182481751824 0.00903471231573942 0.019464720194647202
2 0.4194008559201141 0.2354014598540146 0.009510223490252021 0.01824817518248175
2 0.427246790299572 0.23661800486618004 0.008083689966714217 0.0170316301703163
2 0.6005706134094151 0.24118004866180048 0.014265335235378032 0.011557177615571776
2 0.5233000475511175 0.22019464720194648 0.01378982406086543 0.010948905109489052
2 0.5206847360912982 0.22871046228710462 0.014265335235378032 0.010948905109489052
2 0.5330480266286258 0.2314476885644769 0.010461245839277223 0.018856447688564478
2 0.5401806942463148 0.2354014598540146 0.011412268188302425 0.02068126520681265
2 0.5463623395149786 0.2393552311435523 0.009510223490252021 0.023722627737226276
2 0.5542082738944365 0.24148418491484186 0.010936757013789824 0.02068126520681265
2 0.37113647170708514 0.21472019464720193 0.00903471231573942 0.02068126520681265
2 0.3644793152639087 0.2116788321167883 0.010936757013789824 0.021897810218978103
2 0.47955301949595813 0.20985401459854014 0.00903471231573942 0.02068126520681265
2 0.4377080361388493 0.19282238442822383 0.00903471231573942 0.02068126520681265
2 0.4032334759866857 0.17913625304136252 0.011412268188302425 0.022506082725060828
2 0.41512125534950073 0.1663625304136253 0.01331431288635283 0.011557177615571776
2 0.4108416547788873 0.1809610705596107 0.009510223490252021 0.020072992700729927
2 0.4172610556348074 0.18491484184914841 0.009985734664764621 0.019464720194647202
2 0.42368045649072755 0.1897810218978102 0.009510223490252021 0.02068126520681265
2 0.43128863528292916 0.19008515815085159 0.010461245839277223 0.020072992700729927
2 0.4450784593437946 0.1955596107055961 0.009510223490252021 0.021289537712895375
2 0.47313361864003806 0.20742092457420924 0.010461245839277223 0.019464720194647202
2 0.45173561578697097 0.19829683698296838 0.010461245839277223 0.02068126520681265
2 0.46695197337137423 0.1873479318734793 0.012363290537327628 0.0072992700729927005
2 0.48026628625772705 0.19251824817518248 0.012363290537327628 0.007907542579075427
2 0.4890632429862102 0.2110705596107056 0.012838801711840228 0.029197080291970802
2 0.4657631954350927 0.20559610705596107 0.010936757013789824 0.021897810218978103
2 0.4581550166428911 0.20255474452554745 0.009985734664764621 0.021897810218978103
2 0.17403708987161198 0.6742700729927007 0.017118402282453638 0.015206812652068127
2 0.16856871136471707 0.6952554744525548 0.01759391345696624 0.014598540145985401
2 0.3174037089871612 0.8138686131386861 0.008083689966714217 0.014598540145985401
2 0.24084640989063244 0.73661800486618 0.008083689966714217 0.019464720194647202
2 0.2698525915359011 0.7472627737226277 0.009985734664764621 0.018856447688564478
2 0.2767475035663338 0.7506082725060828 0.009510223490252021 0.019464720194647202
2 0.30575368521160246 0.7627737226277372 0.009510223490252021 0.02068126520681265
2 0.3126485972420352 0.7645985401459854 0.009985734664764621 0.019464720194647202
2 0.3200190204469805 0.7685523114355232 0.010461245839277223 0.021289537712895375
2 0.3273894436519258 0.7706812652068127 0.009985734664764621 0.019464720194647202
2 0.3338088445078459 0.7475669099756691 0.011412268188302425 0.021897810218978103
2 0.318830242510699 0.7417883211678832 0.00903471231573942 0.020072992700729927
2 0.31122206371849737 0.7387469586374696 0.00903471231573942 0.021289537712895375
2 0.3043271516880647 0.7360097323600974 0.009510223490252021 0.019464720194647202
2 0.2969567284831194 0.7329683698296837 0.00903471231573942 0.019464720194647202
2 0.28982406086543033 0.7293187347931873 0.010936757013789824 0.021897810218978103
2 0.28269139324774134 0.7284063260340633 0.00903471231573942 0.018856447688564478
2 0.2760342368045649 0.7253649635036497 0.00903471231573942 0.017639902676399026
2 0.2686638135996196 0.7204987834549879 0.009510223490252021 0.020072992700729927
2 0.25463623395149787 0.7439172749391727 0.00903471231573942 0.019464720194647202
2 0.23395149786019973 0.7332725060827251 0.010461245839277223 0.017639902676399026
2 0.25392296718972895 0.7162408759124088 0.010461245839277223 0.021289537712895375
2 0.2263433190679981 0.7320559610705596 0.008559201141226819 0.020072992700729927
2 0.30266286257727054 0.8071776155717761 0.009985734664764621 0.019464720194647202
2 0.29505468378506894 0.8056569343065694 0.009985734664764621 0.020072992700729927
2 0.28863528292914886 0.8035279805352799 0.009510223490252021 0.0170316301703163
2 0.28221588207322873 0.7989659367396593 0.010936757013789824 0.020072992700729927
2 0.2743699476937708 0.7962287104622872 0.008559201141226819 0.014598540145985401
2 0.2677127912505944 0.7947080291970803 0.009510223490252021 0.018856447688564478
2 0.2608178792201617 0.7925790754257908 0.00903471231573942 0.01824817518248175
2 0.25416072277698526 0.787712895377129 0.009985734664764621 0.02068126520681265
2 0.24631478839752735 0.7855839416058394 0.008559201141226819 0.017639902676399026
2 0.24013314312886352 0.7834549878345499 0.008559201141226819 0.015815085158150853
2 0.2332382310984308 0.7804136253041363 0.009985734664764621 0.02068126520681265
2 0.22586780789348548 0.777676399026764 0.008559201141226819 0.017639902676399026
2 0.2187351402757965 0.774330900243309 0.009510223490252021 0.019464720194647202
2 0.21207798383262005 0.7709854014598541 0.010461245839277223 0.021289537712895375
2 0.21944840703756538 0.7281021897810219 0.009985734664764621 0.02068126520681265
2 0.26105563480741795 0.7186739659367397 0.008559201141226819 0.020072992700729927
2 0.24679029957203993 0.7128953771289538 0.008559201141226819 0.019464720194647202
2 0.33000475511174515 0.8181265206812652 0.011412268188302425 0.009732360097323601
2 0.29291488349976225 0.6830900243309003 0.010461245839277223 0.021897810218978103
2 0.3076557299096529 0.6888686131386861 0.009510223490252021 0.021289537712895375
2 0.3155016642891108 0.6909975669099757 0.009985734664764621 0.019464720194647202
2 0.3221588207322872 0.693734793187348 0.00903471231573942 0.020072992700729927
2 0.33666191155492153 0.6998175182481752 0.009510223490252021 0.020072992700729927
2 0.34427009034712314 0.7028588807785888 0.010461245839277223 0.022506082725060828
2 0.35021398002853066 0.6776155717761557 0.010936757013789824 0.023114355231143552
2 0.3435568235853543 0.6730535279805353 0.012838801711840228 0.026155717761557177
2 0.3357108892058963 0.6712287104622872 0.011412268188302425 0.024939172749391728
2 0.3281027104136947 0.666970802919708 0.012363290537327628 0.026155717761557177
2 0.3204945316214931 0.6642335766423357 0.011412268188302425 0.025547445255474453
2 0.6252971944840704 0.8567518248175182 0.014265335235378032 0.029805352798053526
2 0.6143604374702806 0.8527980535279805 0.012363290537327628 0.0267639902676399
2 0.6053257251545411 0.8497566909975669 0.011412268188302425 0.024330900243309004
2 0.5958155016642891 0.8485401459854015 0.01331431288635283 0.029197080291970802
2 0.6226818830242511 0.8211678832116789 0.01378982406086543 0.030413625304136254
2 0.30099857346647646 0.6864355231143552 0.010461245839277223 0.021289537712895375
2 0.3126485972420352 0.6608880778588808 0.010936757013789824 0.024939172749391728
2 0.24013314312886352 0.7095498783454988 0.008559201141226819 0.020072992700729927
2 0.3050404184498336 0.6584549878345499 0.010936757013789824 0.024939172749391728
2 0.23252496433666192 0.7071167883211679 0.010461245839277223 0.021289537712895375
2 0.2251545411317166 0.7043795620437956 0.009985734664764621 0.02068126520681265
2 0.23656680932001903 0.6608880778588808 0.00903471231573942 0.018856447688564478
2 0.25059438896814074 0.6657542579075426 0.009510223490252021 0.020072992700729927
2 0.2577270565858298 0.6690997566909975 0.010461245839277223 0.021897810218978103
2 0.2650974797907751 0.6724452554744526 0.00903471231573942 0.021289537712895375
2 0.2717546362339515 0.6754866180048662 0.009985734664764621 0.022506082725060828
2 0.28007608178792204 0.677007299270073 0.009510223490252021 0.019464720194647202
2 0.2864954826438421 0.6806569343065694 0.00903471231573942 0.02068126520681265
2 0.2501188777936281 0.639294403892944 0.009510223490252021 0.019464720194647202
2 0.25867807893485495 0.6402068126520681 0.01331431288635283 0.026155717761557177
2 0.2660485021398003 0.6429440389294404 0.009985734664764621 0.023114355231143552
2 0.2817403708987161 0.6496350364963503 0.011887779362815026 0.024330900243309004
2 0.2893485496909177 0.6532846715328468 0.010936757013789824 0.024330900243309004
2 0.2967189728958631 0.656021897810219 0.010461245839277223 0.023722627737226276
2 0.3097955301949596 0.8102189781021898 0.008083689966714217 0.021897810218978103
2 0.32691393247741324 0.8251216545012166 0.012838801711840228 0.010340632603406326
2 0.1445553970518307 0.7320559610705596 0.007608178792201617 0.015206812652068127
0 0.1773656680932002 0.6243917274939172 0.10175939134569663 0.2597323600973236
0 0.29624346172135047 0.6678832116788321 0.12648597242035187 0.0948905109489051
0 0.27983832620066573 0.7384428223844283 0.12505943889681406 0.09002433090024331
0 0.27056585829767 0.7977493917274939 0.1302900618164527 0.07360097323600973
0 0.22467902995720399 0.6456812652068127 0.07941036614360437 0.25
0 0.5354255825011888 0.6742700729927007 0.268188302425107 0.17092457420924576
0 0.5057061340941512 0.7889294403892944 0.2648597242035188 0.16666666666666666
0 0.48573466476462196 0.8743917274939172 0.2677127912505944 0.13442822384428224
0 0.7570137898240609 0.7527372262773723 0.1331431288635283 0.10401459854014598
0 0.7351402757964812 0.8342457420924574 0.1274369947693771 0.09306569343065693
0 0.7163575844032335 0.9035888077858881 0.12601046124583928 0.09306569343065693
0 0.6963861150737042 0.962287104622871 0.1336186400380409 0.07542579075425791
0 0.9037089871611983 0.8968978102189781 0.08131241084165478 0.2062043795620438
2 0.1757013789824061 0.3287712895377129 0.029957203994293864 0.024939172749391728
2 0.07608178792201617 0.7083333333333334 0.03233475986685687 0.1356447688564477
2 0.22467902995720399 0.8299878345498783 0.01378982406086543 0.02737226277372263
0 0.3169281978126486 0.583029197080292 0.1336186400380409 0.11253041362530414
0 0.8026628625772706 0.5736009732360098 0.12173086067522587 0.09610705596107055
2 0.6105563480741797 0.9248783454987834 0.014265335235378032 0.011557177615571776
0 0.823585354255825 0.48236009732360097 0.11982881597717546 0.09002433090024331
0 0.10603899191631003 0.21684914841849148 0.05801236329053733 0.12469586374695864
0 0.11935330480266286 0.5225060827250608 0.07227769852591535 0.12408759124087591
0 0.2698525915359011 0.23905109489051096 0.10699001426533523 0.26277372262773724
0 0.3775558725630052 0.39476885644768855 0.1312410841654779 0.10583941605839416
0 0.398716119828816 0.31599756690997566 0.12410841654778887 0.09184914841849148
0 0.4165477888730385 0.2451338199513382 0.12553495007132667 0.08880778588807786
0 0.4298621017593913 0.18552311435523114 0.11792677127912506 0.07177615571776155
0 0.33214455539705184 0.27007299270072993 0.0898716119828816 0.2615571776155718
0 0.5891583452211127 0.4844890510948905 0.25392296718972895 0.152676399026764
0 0.6136471707085116 0.4081508515815085 0.24679029957203993 0.13990267639902676
0 0.6288635282929149 0.33698296836982966 0.24108416547788872 0.1386861313868613
0 0.5784593437945792 0.24726277372262773 0.13076557299096528 0.07725060827250609
0 0.7089871611982882 0.29257907542579076 0.12933903946742747 0.07664233576642336
0 0.8475986685687114 0.3555352798053528 0.12315739419876368 0.06751824817518248
0 0.8402282453637661 0.4148418491484185 0.12077983832620066 0.0827250608272506
2 0.6038991916310034 0.940389294403893 0.012363290537327628 0.010948905109489052
2 0.6126961483594865 0.9157542579075426 0.012838801711840228 0.010340632603406326
2 0.3637660485021398 0.8159975669099757 0.011412268188302425 0.009124087591240875
2 0.47218259629101283 0.8643552311435523 0.011412268188302425 0.023114355231143552
2 0.4545886828340466 0.8591849148418491 0.012363290537327628 0.026155717761557177
2 0.44626723728007606 0.8518856447688564 0.01378982406086543 0.028588807785888078
2 0.43818354731336184 0.8731751824817519 0.010936757013789824 0.006690997566909975
2 0.43699476937708037 0.8497566909975669 0.01331431288635283 0.027980535279805353
2 0.4274845458868283 0.8467153284671532 0.011412268188302425 0.027980535279805353
2 0.4191631003328578 0.8445863746958637 0.011887779362815026 0.024939172749391728
2 0.4096528768426058 0.8409367396593674 0.010936757013789824 0.024939172749391728
2 0.4015691868758916 0.8366788321167883 0.01378982406086543 0.028588807785888078
2 0.39253447456015217 0.833941605839416 0.012838801711840228 0.0267639902676399
2 0.38635282929148834 0.8531021897810219 0.011887779362815026 0.010340632603406326
2 0.37375178316690444 0.847323600973236 0.011412268188302425 0.009732360097323601
2 0.38254873989538757 0.8302919708029197 0.012838801711840228 0.0267639902676399
2 0.35829766999524487 0.8415450121654501 0.01378982406086543 0.011557177615571776
2 0.3587731811697575 0.8327250608272506 0.012838801711840228 0.009732360097323601
2 0.3618640038040894 0.8248175182481752 0.012363290537327628 0.009732360097323601
2 0.463623395149786 0.8628345498783455 0.012363290537327628 0.024939172749391728
2 0.4816928197812649 0.8710462287104623 0.014265335235378032 0.0267639902676399
2 0.5986685687113648 0.9166666666666666 0.014265335235378032 0.027980535279805353
2 0.4921540656205421 0.8734793187347932 0.011412268188302425 0.024330900243309004
2 0.5896338563956253 0.9145377128953771 0.01331431288635283 0.026155717761557177
2 0.5737042320494532 0.9279197080291971 0.00903471231573942 0.010340632603406326
2 0.5817879220161674 0.9090632603406326 0.014740846409890632 0.03102189781021898
2 0.5729909652876842 0.9029805352798054 0.014265335235378032 0.02737226277372263
2 0.5630052306229196 0.9017639902676399 0.01331431288635283 0.028588807785888078
2 0.5546837850689491 0.8978102189781022 0.012838801711840228 0.027980535279805353
2 0.5487398953875416 0.9184914841849149 0.011412268188302425 0.010948905109489052
2 0.5206847360912982 0.906934306569343 0.011412268188302425 0.009732360097323601
2 0.4954826438421303 0.8968978102189781 0.01331431288635283 0.011557177615571776
2 0.5451735615786971 0.8959854014598541 0.01378982406086543 0.027980535279805353
2 0.5356633380884451 0.8920316301703163 0.012838801711840228 0.026155717761557177
2 0.5273418925344746 0.8877737226277372 0.010461245839277223 0.024939172749391728
2 0.5187826913932477 0.8841240875912408 0.01331431288635283 0.02737226277372263
2 0.509510223490252 0.8819951338199513 0.012838801711840228 0.025547445255474453
2 0.5007132667617689 0.8771289537712895 0.01331431288635283 0.027980535279805353
2 0.6331431288635283 0.8232968369829684 0.014740846409890632 0.03467153284671533
2 0.6136471707085116 0.8156934306569343 0.01378982406086543 0.030413625304136254
2 0.603661436043747 0.8150851581508516 0.01378982406086543 0.029197080291970802
2 0.35544460294816926 0.621654501216545 0.011887779362815026 0.024330900243309004
2 0.3706609605325725 0.5897201946472019 0.015691868758915834 0.03345498783454988
2 0.3601997146932953 0.5815085158150851 0.01759391345696624 0.040145985401459854
2 0.34712315739419874 0.5757299270072993 0.015216357584403234 0.03345498783454988
2 0.3359486447931526 0.5754257907542579 0.015691868758915834 0.03527980535279805
2 0.34712315739419874 0.6210462287104623 0.01331431288635283 0.029197080291970802
2 0.34022824536376606 0.6155717761557178 0.011887779362815026 0.023114355231143552
2 0.3333333333333333 0.6119221411192214 0.010461245839277223 0.021897810218978103
2 0.3257251545411317 0.6094890510948905 0.011412268188302425 0.024330900243309004
2 0.3174037089871612 0.6070559610705596 0.011887779362815026 0.025547445255474453
2 0.309320019020447 0.6049270072992701 0.011887779362815026 0.026155717761557177
2 0.3017118402282454 0.6003649635036497 0.010936757013789824 0.023114355231143552
2 0.2941036614360438 0.597323600973236 0.010936757013789824 0.023114355231143552
2 0.3126485972420352 0.5656934306569343 0.01759391345696624 0.037712895377128956
2 0.30290061816452685 0.559610705596107 0.019020446980504042 0.0413625304136253
2 0.28982406086543033 0.5559610705596107 0.018544935805991442 0.0413625304136253
2 0.3830242510699001 0.6040145985401459 0.025202092249167855 0.04866180048661801
2 0.3630527817403709 0.6265206812652068 0.009985734664764621 0.023114355231143552
2 0.25630052306229195 0.5307177615571776 0.014265335235378032 0.011557177615571776
2 0.422491678554446 0.5866788321167883 0.010936757013789824 0.007907542579075427
2 0.5668093200190204 0.6675790754257908 0.014265335235378032 0.03223844282238443
2 0.5556348074179743 0.662712895377129 0.016642891107941038 0.03345498783454988
2 0.545886828340466 0.6572384428223844 0.015216357584403234 0.03102189781021898
2 0.5347123157394199 0.6532846715328468 0.014740846409890632 0.029197080291970802
2 0.5237755587256301 0.6517639902676399 0.015691868758915834 0.03467153284671533
2 0.5133143128863529 0.6472019464720195 0.01378982406086543 0.029197080291970802
2 0.502377555872563 0.6417274939172749 0.014740846409890632 0.0340632603406326
2 0.492867332382311 0.635036496350365 0.015691868758915834 0.0364963503649635
2 0.48264384213029005 0.6319951338199513 0.015216357584403234 0.031630170316301706
2 0.47099381835473136 0.6289537712895377 0.015691868758915834 0.031630170316301706
2 0.4605325725154541 0.621654501216545 0.01378982406086543 0.029197080291970802
2 0.4503090822634332 0.6183090024330901 0.017118402282453638 0.03710462287104623
2 0.43913456966238706 0.6164841849148418 0.018544935805991442 0.035888077858880776
2 0.42819781264859724 0.610705596107056 0.015691868758915834 0.0340632603406326
2 0.4165477888730385 0.6100973236009732 0.01806942463147884 0.03527980535279805
2 0.2672372800760818 0.5480535279805353 0.016167379933428434 0.0340632603406326
2 0.25130765572990965 0.5383211678832117 0.016642891107941038 0.012165450121654502
2 0.5962910128388017 0.8102189781021898 0.016167379933428434 0.0340632603406326
2 0.21849738468854019 0.6684914841849149 0.018544935805991442 0.014598540145985401
2 0.21350451735615786 0.6894768856447688 0.017118402282453638 0.013990267639902677
2 0.20993818354731336 0.698905109489051 0.018544935805991442 0.014598540145985401
2 0.20874940561103186 0.7092457420924574 0.016167379933428434 0.012165450121654502
2 0.20637184973846887 0.7195863746958637 0.017118402282453638 0.012165450121654502
2 0.20328102710413695 0.7302311435523114 0.018544935805991442 0.013990267639902677
2 0.19947693770803615 0.739963503649635 0.020446980504041846 0.016423357664233577
2 0.19781264859724204 0.7506082725060828 0.01806942463147884 0.01338199513381995
2 0.19567284831193532 0.7606447688564477 0.01759391345696624 0.013990267639902677
2 0.17498811222063718 0.7652068126520681 0.012363290537327628 0.009732360097323601
2 0.15668093200190206 0.745742092457421 0.01759391345696624 0.014598540145985401
2 0.15810746552543986 0.7354014598540146 0.015691868758915834 0.01338199513381995
2 0.16048502139800286 0.7250608272506083 0.016642891107941038 0.01338199513381995
2 0.16500237755587258 0.7156326034063261 0.019020446980504042 0.015206812652068127
2 0.16666666666666666 0.7052919708029197 0.018544935805991442 0.013990267639902677
2 0.14859724203518782 0.7177615571776156 0.007132667617689016 0.01338199513381995
2 0.2161198288159772 0.6791362530413625 0.018544935805991442 0.013990267639902677
2 0.2215882073228721 0.6587591240875912 0.019020446980504042 0.014598540145985401
2 0.24869234427009035 0.5471411192214112 0.017118402282453638 0.012773722627737226
2 0.22182596291012838 0.6481143552311436 0.019495958155016643 0.012773722627737226
2 0.24607703281027105 0.556265206812652 0.016642891107941038 0.010340632603406326
2 0.24393723252496433 0.565389294403893 0.017118402282453638 0.012773722627737226
2 0.24227294341417024 0.5751216545012166 0.016642891107941038 0.013990267639902677
2 0.2867332382310984 0.5945863746958637 0.011412268188302425 0.022506082725060828
2 0.2788873038516405 0.5918491484184915 0.011887779362815026 0.024330900243309004
2 0.2715168806466952 0.587287104622871 0.011412268188302425 0.021289537712895375
2 0.263433190679981 0.5857664233576643 0.01331431288635283 0.025547445255474453
2 0.25653827864954826 0.5827250608272506 0.012838801711840228 0.0267639902676399
2 0.23989538754160722 0.5842457420924574 0.016642891107941038 0.012773722627737226
2 0.23751783166904422 0.593065693430657 0.01759391345696624 0.01338199513381995
2 0.23514027579648122 0.6021897810218978 0.015691868758915834 0.012165450121654502
2 0.23252496433666192 0.6110097323600974 0.017118402282453638 0.013990267639902677
2 0.23109843081312412 0.6204379562043796 0.016167379933428434 0.012165450121654502
2 0.2282453637660485 0.6295620437956204 0.017118402282453638 0.01338199513381995
2 0.22467902995720399 0.6380778588807786 0.018544935805991442 0.01338199513381995
2 0.5767950546837851 0.6718369829683698 0.015216357584403234 0.03467153284671533
2 0.5877318116975749 0.6739659367396593 0.015216357584403234 0.031630170316301706
2 0.5977175463623395 0.6797445255474452 0.015216357584403234 0.03345498783454988
2 0.5052306229196386 0.7725060827250608 0.016642891107941038 0.03527980535279805
2 0.48834997622444126 0.8026155717761557 0.012363290537327628 0.023722627737226276
2 0.4790775083214456 0.7989659367396593 0.012838801711840228 0.02737226277372263
2 0.47028055159296245 0.7959245742092458 0.01331431288635283 0.02737226277372263
2 0.4843081312410842 0.7652068126520681 0.01378982406086543 0.031630170316301706
2 0.4740846409890632 0.760036496350365 0.014265335235378032 0.03102189781021898
2 0.461245839277223 0.7925790754257908 0.011412268188302425 0.025547445255474453
2 0.46457441749881123 0.7585158150851582 0.016167379933428434 0.031630170316301706
2 0.4526866381359962 0.7898418491484185 0.01331431288635283 0.024939172749391728
2 0.4429386590584879 0.7868004866180048 0.014740846409890632 0.029805352798053526
2 0.43414170233000476 0.7837591240875912 0.014265335235378032 0.028588807785888078
2 0.4548264384213029 0.7545620437956204 0.015691868758915834 0.03223844282238443
2 0.4455539705183072 0.7503041362530414 0.014265335235378032 0.03223844282238443
2 0.43556823585354254 0.7451338199513382 0.016167379933428434 0.03527980535279805
2 0.42582025677603424 0.7782846715328468 0.009985734664764621 0.023722627737226276
2 0.4079885877318117 0.7712895377128953 0.009510223490252021 0.025547445255474453
2 0.4950071326676177 0.7706812652068127 0.014265335235378032 0.0340632603406326
2 0.49595815501664287 0.806265206812652 0.010461245839277223 0.021289537712895375
2 0.5660960532572515 0.708941605839416 0.015691868758915834 0.03223844282238443
2 0.5171184022824536 0.7767639902676399 0.016642891107941038 0.03527980535279805
2 0.5865430337612934 0.8068734793187348 0.015691868758915834 0.03102189781021898
2 0.5784593437945792 0.8400243309002433 0.012838801711840228 0.0267639902676399
2 0.5699001426533523 0.8351581508515815 0.012838801711840228 0.025547445255474453
2 0.5606276747503567 0.8345498783454988 0.01331431288635283 0.0267639902676399
2 0.5756062767475035 0.8035279805352799 0.012838801711840228 0.0267639902676399
2 0.5663338088445078 0.7986618004866181 0.014265335235378032 0.030413625304136254
2 0.5565858297669996 0.7922749391727494 0.014740846409890632 0.03345498783454988
2 0.551355206847361 0.8315085158150851 0.016642891107941038 0.032846715328467155
2 0.5425582501188778 0.8263381995133819 0.014265335235378032 0.029805352798053526
2 0.5337612933903947 0.8226885644768857 0.01378982406086543 0.029805352798053526
2 0.516642891107941 0.8147810218978102 0.011887779362815026 0.02737226277372263
2 0.546600095102235 0.7916666666666666 0.015691868758915834 0.03345498783454988
2 0.536376604850214 0.7880170316301703 0.015216357584403234 0.03223844282238443
2 0.526153114598193 0.7816301703163017 0.014740846409890632 0.030413625304136254
2 0.5073704232049453 0.8099148418491484 0.012363290537327628 0.024939172749391728
2 0.424869234427009 0.7414841849148418 0.011887779362815026 0.031630170316301706
2 0.4163100332857822 0.7369221411192214 0.014740846409890632 0.03223844282238443
2 0.40751307655729907 0.7347931873479319 0.014265335235378032 0.031630170316301706
2 0.3989538754160723 0.7287104622871047 0.014265335235378032 0.029197080291970802
2 0.661436043747028 0.7074209245742092 0.016167379933428434 0.032846715328467155
2 0.6512125534950072 0.7004257907542579 0.016642891107941038 0.03223844282238443
2 0.6533523537803139 0.7411800486618005 0.01331431288635283 0.03223844282238443
2 0.6433666191155493 0.7408759124087592 0.014265335235378032 0.032846715328467155
2 0.6333808844507846 0.7350973236009732 0.01331431288635283 0.03223844282238443
2 0.640038040893961 0.697992700729927 0.017118402282453638 0.03345498783454988
2 0.6300523062291964 0.6916058394160584 0.017118402282453638 0.0364963503649635
2 0.6236329053732763 0.7335766423357665 0.01378982406086543 0.030413625304136254
2 0.6148359486447932 0.7299270072992701 0.016167379933428434 0.0364963503649635
2 0.6048502139800286 0.7277980535279805 0.016167379933428434 0.03467153284671533
2 0.6200665715644318 0.6882603406326034 0.017118402282453638 0.03345498783454988
2 0.6086543033761294 0.684610705596107 0.01806942463147884 0.035888077858880776
2 0.5960532572515455 0.7198905109489051 0.014740846409890632 0.03102189781021898
2 0.5853542558250119 0.718065693430657 0.014265335235378032 0.03102189781021898
2 0.5753685211602473 0.7144160583941606 0.01331431288635283 0.028588807785888078
2 0.545886828340466 0.7010340632603407 0.012363290537327628 0.029805352798053526
2 0.5356633380884451 0.698905109489051 0.015691868758915834 0.037712895377128956
2 0.524488825487399 0.693734793187348 0.014265335235378032 0.028588807785888078
2 0.43580599144079885 0.6566301703163017 0.011887779362815026 0.028588807785888078
2 0.3880171184022825 0.7274939172749392 0.012363290537327628 0.0340632603406326
2 0.38968140751307656 0.764294403892944 0.01378982406086543 0.028588807785888078
2 0.3804089396100808 0.7612530413625304 0.011412268188302425 0.024939172749391728
2 0.4079885877318117 0.6459854014598541 0.015216357584403234 0.0340632603406326
2 0.41773656680932003 0.648418491484185 0.015691868758915834 0.032846715328467155
2 0.4270090347123157 0.6535888077858881 0.015216357584403234 0.03102189781021898
2 0.4457917261055635 0.6572384428223844 0.009985734664764621 0.024939172749391728
2 0.5147408464098906 0.6879562043795621 0.015691868758915834 0.032846715328467155
2 0.454113171659534 0.6651459854014599 0.014265335235378032 0.03102189781021898
2 0.4638611507370423 0.670316301703163 0.014740846409890632 0.031630170316301706
2 0.47479790775083214 0.6733576642335767 0.015691868758915834 0.032846715328467155
2 0.4847836424155968 0.6763990267639902 0.014740846409890632 0.0364963503649635
2 0.4938183547313362 0.681265206812652 0.016642891107941038 0.037712895377128956
2 0.504755111745126 0.6843065693430657 0.011887779362815026 0.025547445255474453
2 0.6348074179743224 0.4300486618004866 0.011412268188302425 0.024330900243309004
2 0.6269614835948645 0.42700729927007297 0.010936757013789824 0.023114355231143552
2 0.6198288159771754 0.4239659367396594 0.011887779362815026 0.024330900243309004
2 0.912981455064194 0.8287712895377128 0.012363290537327628 0.010340632603406326
2 0.9277223014740846 0.8467153284671532 0.015216357584403234 0.010948905109489052
2 0.9258202567760342 0.8561435523114356 0.017118402282453638 0.012773722627737226
2 0.9091773656680932 0.8451946472019465 0.01331431288635283 0.011557177615571776
2 0.9227294341417023 0.8652676399026764 0.016642891107941038 0.012773722627737226
2 0.9065620542082738 0.8534063260340633 0.011887779362815026 0.010948905109489052
2 0.9210651450309082 0.8740875912408759 0.016167379933428434 0.01338199513381995
2 0.9189253447456015 0.8835158150851582 0.016642891107941038 0.013990267639902677
2 0.9039467427484545 0.86161800486618 0.012363290537327628 0.010340632603406326
2 0.9020446980504042 0.870742092457421 0.01331431288635283 0.010340632603406326
2 0.9170233000475512 0.8932481751824818 0.01759391345696624 0.013990267639902677
2 0.9134569662387066 0.9017639902676399 0.015216357584403234 0.012773722627737226
2 0.9127436994769377 0.9105839416058394 0.015691868758915834 0.012165450121654502
2 0.9094151212553495 0.9197080291970803 0.01378982406086543 0.010948905109489052
2 0.9077508321445554 0.9276155717761557 0.01331431288635283 0.010948905109489052
2 0.905848787446505 0.9379562043795621 0.016167379933428434 0.01338199513381995
2 0.9110794103661436 0.837287104622871 0.01331431288635283 0.011557177615571776
2 0.9289110794103661 0.8378953771289538 0.014740846409890632 0.011557177615571776
2 0.8980028530670471 0.9650243309002433 0.01378982406086543 0.011557177615571776
2 0.9148834997622444 0.8199513381995134 0.01331431288635283 0.010948905109489052
2 0.9465049928673324 0.9282238442822385 0.01378982406086543 0.009732360097323601
2 0.9505468378506895 0.9105839416058394 0.01331431288635283 0.010948905109489052
2 0.9529243937232525 0.9014598540145985 0.01331431288635283 0.010948905109489052
2 0.9550641940085592 0.8914233576642335 0.014740846409890632 0.011557177615571776
2 0.9572039942938659 0.8813868613138686 0.015216357584403234 0.01338199513381995
2 0.9593437945791726 0.8719586374695864 0.016642891107941038 0.013990267639902677
2 0.9624346172135045 0.8628345498783455 0.016167379933428434 0.012773722627737226
2 0.963623395149786 0.8527980535279805 0.016642891107941038 0.012165450121654502
2 0.9667142177841179 0.8445863746958637 0.015216357584403234 0.011557177615571776
2 0.969091773656681 0.8348540145985401 0.016167379933428434 0.012773722627737226
2 0.9339039467427485 0.7968369829683698 0.028530670470756064 0.023114355231143552
2 0.9362815026153115 0.8108272506082725 0.014265335235378032 0.012165450121654502
2 0.9331906799809796 0.819647201946472 0.015691868758915834 0.012773722627737226
2 0.9317641464574418 0.8290754257907542 0.014740846409890632 0.012165450121654502
2 0.9165477888730386 0.8117396593673966 0.012838801711840228 0.010340632603406326
2 0.8999048977650975 0.954683698296837 0.014740846409890632 0.013990267639902677
2 0.8951497860199714 0.9726277372262774 0.01378982406086543 0.012165450121654502
2 0.9391345696623871 0.9562043795620438 0.014265335235378032 0.012165450121654502
2 0.8944365192582026 0.982360097323601 0.015216357584403234 0.012165450121654502
2 0.8913456966238706 0.9908759124087592 0.014740846409890632 0.010948905109489052
2 0.8747028055159296 0.9820559610705596 0.012838801711840228 0.010340632603406326
2 0.87660485021398 0.9732360097323601 0.012838801711840228 0.009732360097323601
2 0.8804089396100808 0.9562043795620438 0.015691868758915834 0.010948905109489052
2 0.8830242510699001 0.9482968369829684 0.01331431288635283 0.010948905109489052
2 0.8854018069424632 0.9400851581508516 0.01331431288635283 0.011557177615571776
2 0.8870660960532573 0.9318734793187348 0.01378982406086543 0.010948905109489052
2 0.8901569186875892 0.9230535279805353 0.012363290537327628 0.010340632603406326
2 0.8918212077983833 0.9139294403892944 0.012838801711840228 0.010340632603406326
2 0.8941987636709463 0.9045012165450121 0.010936757013789824 0.009732360097323601
2 0.8965763195435092 0.8965936739659367 0.01378982406086543 0.012165450121654502
2 0.8980028530670471 0.8880778588807786 0.011887779362815026 0.010948905109489052
2 0.8991916310033286 0.8789537712895377 0.014265335235378032 0.010948905109489052
2 0.942225392296719 0.9467761557177615 0.014740846409890632 0.012773722627737226
2 0.9360437470280552 0.9653284671532847 0.015691868758915834 0.012165450121654502
2 0.6126961483594865 0.4209245742092457 0.011887779362815026 0.025547445255474453
2 0.6963861150737042 0.8305961070559611 0.010936757013789824 0.021289537712895375
2 0.6823585354255824 0.823905109489051 0.010461245839277223 0.020072992700729927
2 0.6745126010461245 0.8077858880778589 0.020446980504041846 0.04257907542579075
2 0.6875891583452212 0.7989659367396593 0.010461245839277223 0.022506082725060828
2 0.6954350927246791 0.8026155717761557 0.009985734664764621 0.022506082725060828
2 0.7037565382786496 0.8047445255474452 0.010461245839277223 0.023114355231143552
2 0.7106514503090823 0.808698296836983 0.009985734664764621 0.022506082725060828
2 0.7187351402757964 0.8120437956204379 0.009985734664764621 0.023114355231143552
2 0.727056585829767 0.8138686131386861 0.011412268188302425 0.024330900243309004
2 0.7344270090347124 0.8178223844282239 0.010936757013789824 0.023722627737226276
2 0.8062291963861151 0.7913625304136253 0.009985734664764621 0.023114355231143552
2 0.8121730860675226 0.7630778588807786 0.012363290537327628 0.028588807785888078
2 0.8033761293390395 0.7566909975669099 0.016642891107941038 0.0340632603406326
2 0.7986210175939135 0.7904501216545012 0.011887779362815026 0.024939172749391728
2 0.7912505943889682 0.7858880778588808 0.010461245839277223 0.023114355231143552
2 0.7843556823585355 0.7822384428223844 0.010936757013789824 0.023114355231143552
2 0.6885401806942463 0.8287712895377128 0.012363290537327628 0.024939172749391728
2 0.7028055159296244 0.8348540145985401 0.012363290537327628 0.024939172749391728
2 0.791963861150737 0.753345498783455 0.012838801711840228 0.026155717761557177
2 0.7101759391345697 0.8381995133819952 0.010936757013789824 0.025547445255474453
2 0.7869709938183548 0.8381995133819952 0.011412268188302425 0.023114355231143552
2 0.7741321921065145 0.8610097323600974 0.009510223490252021 0.018856447688564478
2 0.7791250594388968 0.8354622871046229 0.009985734664764621 0.022506082725060828
2 0.7715168806466952 0.833029197080292 0.010936757013789824 0.022506082725060828
2 0.7643842130290062 0.8287712895377128 0.010936757013789824 0.021289537712895375
2 0.7570137898240609 0.8260340632603407 0.012363290537327628 0.024330900243309004
2 0.7672372800760818 0.8585766423357665 0.00903471231573942 0.018856447688564478
2 0.7529719448407037 0.8537104622871047 0.010936757013789824 0.022506082725060828
2 0.7456015216357584 0.8497566909975669 0.010461245839277223 0.02068126520681265
2 0.7489300998573466 0.822992700729927 0.010461245839277223 0.023114355231143552
2 0.7415596766524013 0.8211678832116789 0.00903471231573942 0.01824817518248175
2 0.7387066096053257 0.8476277372262774 0.009985734664764621 0.022506082725060828
2 0.7313361864003805 0.8464111922141119 0.012363290537327628 0.026155717761557177
2 0.7242035187826914 0.8418491484184915 0.011412268188302425 0.024330900243309004
2 0.717546362339515 0.8391119221411192 0.009510223490252021 0.020072992700729927
2 0.7762719923918212 0.7804136253041363 0.011887779362815026 0.024330900243309004
2 0.7826913932477413 0.7493917274939172 0.014265335235378032 0.030413625304136254
2 0.9355682358535425 0.9753649635036497 0.014740846409890632 0.010340632603406326
2 0.9852591535901094 0.8512773722627737 0.016167379933428434 0.013990267639902677
2 0.9805040418449834 0.8686131386861314 0.014265335235378032 0.012165450121654502
2 0.9788397527341892 0.878345498783455 0.014740846409890632 0.012165450121654502
2 0.9766999524488825 0.8874695863746959 0.015216357584403234 0.01338199513381995
2 0.9743223965763196 0.8968978102189781 0.015216357584403234 0.012773722627737226
2 0.9726581074655254 0.9051094890510949 0.014740846409890632 0.01338199513381995
2 0.9698050404184498 0.9139294403892944 0.015691868758915834 0.012773722627737226
2 0.9674274845458868 0.9230535279805353 0.01378982406086543 0.011557177615571776
2 0.9655254398478365 0.9318734793187348 0.011887779362815026 0.012165450121654502
2 0.9631478839752734 0.941301703163017 0.014740846409890632 0.011557177615571776
2 0.9605325725154541 0.9501216545012166 0.015216357584403234 0.01338199513381995
2 0.95886828340466 0.9598540145985401 0.015691868758915834 0.014598540145985401
2 0.9560152163575844 0.9683698296836983 0.015691868758915834 0.01338199513381995
2 0.9543509272467903 0.9774939172749392 0.015216357584403234 0.01338199513381995
2 0.9305753685211603 0.9936131386861314 0.015216357584403234 0.011557177615571776
2 0.9322396576319544 0.9847931873479319 0.01378982406086543 0.012165450121654502
2 0.9831193533048027 0.8604014598540146 0.015691868758915834 0.013990267639902677
2 0.988112220637185 0.8421532846715328 0.015216357584403234 0.012773722627737226
2 0.7710413694721826 0.7451338199513382 0.01378982406086543 0.029197080291970802
2 0.990489776509748 0.833029197080292 0.016167379933428434 0.013990267639902677
2 0.7608178792201616 0.7411800486618005 0.01331431288635283 0.028588807785888078
2 0.7510699001426534 0.73661800486618 0.014740846409890632 0.030413625304136254
2 0.7408464098906324 0.7311435523114356 0.016167379933428434 0.032846715328467155
2 0.7196861626248217 0.7241484184914841 0.015691868758915834 0.028588807785888078
2 0.7085116500237756 0.7208029197080292 0.014265335235378032 0.027980535279805353
2 0.6949595815501665 0.7253649635036497 0.029006181645268664 0.06265206812652069
2 0.7085116500237756 0.7521289537712895 0.011412268188302425 0.022506082725060828
2 0.7156443176414645 0.7554744525547445 0.011412268188302425 0.023114355231143552
2 0.7230147408464099 0.7588199513381995 0.011887779362815026 0.023722627737226276
2 0.7310984308131241 0.7615571776155717 0.011887779362815026 0.024330900243309004
2 0.7382310984308131 0.7655109489051095 0.011887779362815026 0.026155717761557177
2 0.7541607227769852 0.7700729927007299 0.012363290537327628 0.021897810218978103
2 0.7617689015691869 0.7731143552311436 0.011412268188302425 0.02068126520681265
2 0.7691393247741322 0.7761557177615572 0.010936757013789824 0.023114355231143552
0 0.9602948169281978 0.906021897810219 0.07750832144555397 0.18795620437956204
2 0.11174512601046124 0.4927007299270073 0.008559201141226819 0.00851581508515815
2 0.16096053257251544 0.6663625304136253 0.008083689966714217 0.012773722627737226
2 0.15168806466951973 0.7016423357664233 0.009510223490252021 0.015206812652068127
2 0.24369947693770805 0.6344282238442822 0.01378982406086543 0.027980535279805353
2 0.6029481692819781 0.5228102189781022 0.008559201141226819 0.010340632603406326
2 0.62339514978602 0.5304136253041363 0.007608178792201617 0.00851581508515815
2 0.6521635758440323 0.5407542579075426 0.008083689966714217 0.00851581508515815
2 0.6436043747028055 0.5383211678832117 0.00903471231573942 0.0072992700729927005
2 0.5594388968140751 0.2247566909975669 0.007132667617689016 0.007907542579075427
2 0.09938183547313362 0.5374087591240876 0.005706134094151213 0.012773722627737226
2 0.15977175463623394 0.3077858880778589 0.006657156443176415 0.012165450121654502
2 0.7496433666191156 0.37195863746958635 0.014740846409890632 0.02737226277372263
2 0.16286257727056586 0.2937956204379562 0.008083689966714217 0.01338199513381995
2 0.21754636233951496 0.12956204379562045 0.00903471231573942 0.009732360097323601
2 0.21802187351402758 0.1225669099756691 0.009985734664764621 0.007907542579075427
2 0.21921065145030907 0.11861313868613138 0.009510223490252021 0.0072992700729927005
2 0.2201616737993343 0.11374695863746959 0.008559201141226819 0.0072992700729927005
2 0.2215882073228721 0.10948905109489052 0.010461245839277223 0.006082725060827251
2 0.222301474084641 0.10583941605839416 0.009985734664764621 0.0072992700729927005
2 0.2237280076081788 0.10218978102189781 0.009985734664764621 0.0072992700729927005
2 0.23395149786019973 0.09732360097323602 0.009510223490252021 0.0072992700729927005
2 0.10223490252020923 0.22201946472019465 0.010461245839277223 0.0072992700729927005
2 0.10318592486923443 0.2174574209245742 0.009510223490252021 0.006690997566909975
2 0.10342368045649072 0.2141119221411192 0.009985734664764621 0.006082725060827251
2 0.10437470280551593 0.21015815085158152 0.009985734664764621 0.006690997566909975
2 0.10603899191631003 0.2062043795620438 0.008559201141226819 0.006082725060827251
2 0.17760342368045648 0.2369221411192214 0.007132667617689016 0.011557177615571776
2 0.17165953399904899 0.25760340632603407 0.007608178792201617 0.011557177615571776
2 0.6231573941987637 0.25121654501216545 0.008083689966714217 0.0072992700729927005
2 0.9098906324298621 0.409367396593674 0.005230622919638612 0.009732360097323601
2 0.6937708036138849 0.9744525547445255 0.009510223490252021 0.00851581508515815
2 0.40014265335235377 0.857360097323601 0.00903471231573942 0.007907542579075427
2 0.4120304327151688 0.8628345498783455 0.00903471231573942 0.007907542579075427
2 0.2161198288159772 0.7898418491484185 0.007132667617689016 0.006690997566909975
2 0.22182596291012838 0.791970802919708 0.007132667617689016 0.0072992700729927005
2 0.2655729909652877 0.8102189781021898 0.007132667617689016 0.0072992700729927005
2 0.10603899191631003 0.5617396593673966 0.005706134094151213 0.012773722627737226
2 0.17261055634807418 0.541970802919708 0.006657156443176415 0.010948905109489052
2 0.10580123632905374 0.5425790754257908 0.007132667617689016 0.012165450121654502
2 0.10675225867807893 0.531021897810219 0.006181645268663814 0.012165450121654502
2 0.2263433190679981 0.7940997566909975 0.005706134094151213 0.006690997566909975
2 0.23109843081312412 0.7959245742092458 0.005706134094151213 0.006690997566909975
2 0.23632905373276272 0.7983576642335767 0.006657156443176415 0.006690997566909975
2 0.24251069900142652 0.7998783454987834 0.005706134094151213 0.004866180048661801
2 0.24750356633380885 0.8026155717761557 0.006181645268663814 0.006690997566909975
2 0.25320970042796004 0.8056569343065694 0.006181645268663814 0.006690997566909975
2 0.7346647646219686 0.9917883211678832 0.010461245839277223 0.009124087591240875
2 0.6412268188302425 0.9340024330900243 0.012838801711840228 0.011557177615571776
2 0.7867332382310984 0.416970802919708 0.007132667617689016 0.006690997566909975
2 0.6081787922016167 0.9340024330900243 0.010461245839277223 0.009124087591240875
2 0.8361864003804089 0.4005474452554745 0.008083689966714217 0.013990267639902677
2 0.8440323347598668 0.4029805352798054 0.009510223490252021 0.018856447688564478
2 0.8661436043747028 0.5842457420924574 0.006181645268663814 0.010340632603406326
2 0.7667617689015692 0.45924574209245744 0.00903471231573942 0.0072992700729927005
2 0.6003328578221588 0.7928832116788321 0.008083689966714217 0.007907542579075427
2 0.5202092249167856 0.7512165450121655 0.005706134094151213 0.009732360097323601
2 0.5280551592962435 0.6301703163017032 0.00903471231573942 0.00851581508515815
2 0.5803613884926295 0.6523722627737226 0.008083689966714217 0.007907542579075427
2 0.5418449833571088 0.7165450121654501 0.00903471231573942 0.00851581508515815
2 0.6383737517831669 0.9540754257907542 0.014740846409890632 0.011557177615571776
2 0.6973371374227294 0.9209245742092458 0.008083689966714217 0.006082725060827251
2 0.7886352829291489 0.9008515815085159 0.005230622919638612 0.00851581508515815
2 0.656680932001902 0.8734793187347932 0.019020446980504042 0.0340632603406326
2 0.5306704707560628 0.9099756690997567 0.007608178792201617 0.00851581508515815
2 0.5382786495482644 0.9130170316301703 0.007608178792201617 0.006082725060827251
2 0.21707085116500238 0.13442822384428224 0.008083689966714217 0.006082725060827251
2 0.21564431764146458 0.13929440389294404 0.008083689966714217 0.006082725060827251
2 0.21398002853067047 0.14263990267639903 0.007608178792201617 0.007907542579075427
2 0.21374227294341416 0.14750608272506083 0.008083689966714217 0.007907542579075427
2 0.9617213504517356 0.6648418491484185 0.02234902520209225 0.023114355231143552
2 0.9805040418449834 0.6706204379562044 0.019020446980504042 0.017639902676399026
2 0.21184022824536378 0.13108272506082724 0.006181645268663814 0.011557177615571776
2 0.20827389443651925 0.14537712895377128 0.004755111745126011 0.009732360097323601
2 0.20565858297669995 0.15450121654501217 0.006181645268663814 0.012165450121654502
2 0.21207798383262005 0.15602189781021897 0.008559201141226819 0.007907542579075427
2 0.21302900618164528 0.15206812652068127 0.007608178792201617 0.006082725060827251
2 0.7941036614360437 0.8412408759124088 0.010461245839277223 0.023114355231143552
2 0.7812648597242036 0.864963503649635 0.010461245839277223 0.021897810218978103
2 0.7886352829291489 0.8677007299270073 0.010936757013789824 0.022506082725060828
2 0.7425106990014265 0.39324817518248173 0.009985734664764621 0.020072992700729927
2 0.7339514978601998 0.3914233576642336 0.010936757013789824 0.022506082725060828
2 0.7272943414170233 0.3886861313868613 0.009985734664764621 0.01824817518248175
2 0.7332382310984308 0.36465936739659366 0.009510223490252021 0.020072992700729927
2 0.7272943414170233 0.35979318734793186 0.008083689966714217 0.017639902676399026
2 0.719210651450309 0.38686131386861317 0.011887779362815026 0.023114355231143552
2 0.7130290061816452 0.38290754257907544 0.009985734664764621 0.021289537712895375
2 0.7208749405611032 0.3561435523114355 0.010461245839277223 0.020072992700729927
2 0.7132667617689016 0.3521897810218978 0.011412268188302425 0.024330900243309004
2 0.7063718497384689 0.35066909975669097 0.00903471231573942 0.020072992700729927
2 0.6987636709462672 0.3488442822384428 0.010936757013789824 0.022506082725060828
2 0.6911554921540656 0.34549878345498786 0.010936757013789824 0.023114355231143552
2 0.683547313361864 0.34124087591240876 0.010936757013789824 0.024330900243309004
2 0.676414645744175 0.3378953771289538 0.011887779362815026 0.023722627737226276
2 0.7058963385639563 0.38108272506082724 0.00903471231573942 0.020072992700729927
2 0.6997146932952925 0.3768248175182482 0.010936757013789824 0.021289537712895375
2 0.7398953875416072 0.36678832116788324 0.009510223490252021 0.02068126520681265
2 0.7681883024251069 0.3083941605839416 0.00903471231573942 0.00851581508515815
2 0.6792677127912506 0.36922141119221413 0.00903471231573942 0.02068126520681265
2 0.7653352353780314 0.3172141119221411 0.011887779362815026 0.010340632603406326
2 0.6169757489300999 0.5115571776155717 0.015691868758915834 0.032846715328467155
2 0.6528768426058013 0.2731143552311436 0.010461245839277223 0.024330900243309004
2 0.6604850213980028 0.2752433090024331 0.010461245839277223 0.023722627737226276
2 0.6685687113647171 0.27889294403892945 0.011412268188302425 0.024939172749391728
2 0.6766524013314313 0.2822384428223844 0.011412268188302425 0.025547445255474453
2 0.6842605801236329 0.284367396593674 0.012363290537327628 0.023722627737226276
2 0.6911554921540656 0.2874087591240876 0.011887779362815026 0.023722627737226276
2 0.698525915359011 0.2898418491484185 0.012363290537327628 0.023722627737226276
2 0.7054208273894437 0.29288321167883213 0.011887779362815026 0.022506082725060828
2 0.712791250594389 0.2956204379562044 0.010461245839277223 0.021897810218978103
2 0.7196861626248217 0.298661800486618 0.00903471231573942 0.021897810218978103
2 0.7330004755111745 0.30626520681265207 0.010936757013789824 0.021289537712895375
2 0.7401331431288636 0.3059610705596107 0.009985734664764621 0.02068126520681265
2 0.7467902995720399 0.3093065693430657 0.00903471231573942 0.022506082725060828
2 0.7641464574417499 0.3254257907542579 0.01331431288635283 0.010948905109489052
2 0.6854493580599144 0.3725669099756691 0.009985734664764621 0.020072992700729927
2 0.671659533999049 0.3658759124087591 0.009985734664764621 0.020072992700729927
2 0.8368996671421779 0.6046228710462287 0.012363290537327628 0.025547445255474453
2 0.7582025677603423 0.5428832116788321 0.010936757013789824 0.018856447688564478
2 0.7669995244888255 0.5425790754257908 0.01331431288635283 0.0267639902676399
2 0.7755587256300523 0.5456204379562044 0.012363290537327628 0.0267639902676399
2 0.7836424155967665 0.5501824817518248 0.012363290537327628 0.024939172749391728
2 0.7922016167379934 0.5535279805352799 0.011412268188302425 0.025547445255474453
2 0.8002853067047075 0.5565693430656934 0.010461245839277223 0.023114355231143552
2 0.809320019020447 0.5605231143552312 0.011412268188302425 0.023722627737226276
2 0.7910128388017118 0.5833333333333334 0.012838801711840228 0.024330900243309004
2 0.7979077508321446 0.5888077858880778 0.012363290537327628 0.023114355231143552
2 0.8064669519733714 0.5909367396593674 0.011412268188302425 0.024939172749391728
2 0.8138373751783167 0.593978102189781 0.010936757013789824 0.023722627737226276
2 0.8257251545411317 0.5678223844282239 0.012838801711840228 0.02737226277372263
2 0.8347598668568711 0.5705596107055961 0.011887779362815026 0.024330900243309004
2 0.8437945791726106 0.5736009732360098 0.01378982406086543 0.0267639902676399
2 0.8511650023775559 0.5781630170316302 0.011412268188302425 0.024939172749391728
2 0.85924869234427 0.5787712895377128 0.010461245839277223 0.02737226277372263
2 0.7503566333808844 0.5325425790754258 0.012363290537327628 0.024939172749391728
2 0.7831669044222539 0.5799878345498783 0.012363290537327628 0.023722627737226276
2 0.6645268663813599 0.3637469586374696 0.010936757013789824 0.023114355231143552
2 0.7750832144555397 0.5772506082725061 0.010461245839277223 0.021897810218978103
2 0.657394198763671 0.3613138686131387 0.010936757013789824 0.023114355231143552
2 0.6507370423204946 0.35766423357664234 0.009985734664764621 0.019464720194647202
2 0.6607227769852592 0.33211678832116787 0.011887779362815026 0.024330900243309004
2 0.6524013314312886 0.3290754257907543 0.011412268188302425 0.025547445255474453
2 0.6364717070851165 0.32329683698296835 0.011887779362815026 0.022506082725060828
2 0.6433666191155493 0.3546228710462287 0.010461245839277223 0.02068126520681265
2 0.6367094626723728 0.3518856447688564 0.010461245839277223 0.022506082725060828
2 0.6300523062291964 0.3488442822384428 0.010461245839277223 0.021289537712895375
2 0.656680932001902 0.43886861313868614 0.012363290537327628 0.026155717761557177
2 0.6609605325725154 0.41088807785888076 0.011412268188302425 0.020072992700729927
2 0.6949595815501665 0.4251824817518248 0.010936757013789824 0.02068126520681265
2 0.7417974322396577 0.5629562043795621 0.017118402282453638 0.03467153284671533
2 0.7515454113171659 0.5675182481751825 0.011887779362815026 0.024330900243309004
2 0.7596291012838802 0.5714720194647201 0.011887779362815026 0.022506082725060828
2 0.7669995244888255 0.5742092457420924 0.010461245839277223 0.023114355231143552
2 0.5587256300523062 0.4869221411192214 0.015216357584403234 0.03345498783454988
2 0.3616262482168331 0.3156934306569343 0.010936757013789824 0.023114355231143552
2 0.3749405611031859 0.2922749391727494 0.009985734664764621 0.022506082725060828
2 0.5078459343794579 0.43309002433090027 0.010461245839277223 0.023114355231143552
2 0.46742748454588684 0.4540754257907543 0.016167379933428434 0.03467153284671533
2 0.48834997622444126 0.4604622871046229 0.016167379933428434 0.0364963503649635
2 0.4988112220637185 0.4635036496350365 0.017118402282453638 0.0364963503649635
2 0.509510223490252 0.4659367396593674 0.014740846409890632 0.030413625304136254
2 0.5194959581550166 0.47049878345498786 0.012838801711840228 0.029805352798053526
2 0.5297194484070376 0.4738442822384428 0.012363290537327628 0.027980535279805353
2 0.5161673799334284 0.43613138686131386 0.011887779362815026 0.023114355231143552
2 0.5230622919638611 0.43856447688564476 0.010461245839277223 0.023114355231143552
2 0.530908226343319 0.4416058394160584 0.009985734664764621 0.02068126520681265
2 0.5380408939610081 0.44555961070559613 0.009985734664764621 0.021289537712895375
2 0.545886828340466 0.44799270072992703 0.010461245839277223 0.022506082725060828
2 0.5380408939610081 0.4793187347931874 0.012838801711840228 0.029197080291970802
2 0.5489776509747979 0.4811435523114355 0.01378982406086543 0.029197080291970802
2 0.5677603423680456 0.48996350364963503 0.012363290537327628 0.02737226277372263
2 0.5677603423680456 0.458029197080292 0.009510223490252021 0.02068126520681265
2 0.4788397527341893 0.4552919708029197 0.016167379933428434 0.03223844282238443
2 0.5007132667617689 0.4300486618004866 0.009510223490252021 0.019464720194647202
2 0.3611507370423205 0.2874087591240876 0.009985734664764621 0.021289537712895375
2 0.4938183547313362 0.42731143552311435 0.010936757013789824 0.023722627737226276
2 0.6024726581074655 0.4166666666666667 0.011412268188302425 0.023114355231143552
2 0.5951022349025202 0.4124087591240876 0.009985734664764621 0.02068126520681265
2 0.5877318116975749 0.41027980535279807 0.010461245839277223 0.021289537712895375
2 0.5808368996671421 0.40693430656934304 0.009985734664764621 0.021897810218978103
2 0.5729909652876842 0.40632603406326034 0.007608178792201617 0.024330900243309004
2 0.5580123632905373 0.3987226277372263 0.010936757013789824 0.023722627737226276
2 0.5508796956728483 0.39476885644768855 0.010936757013789824 0.021897810218978103
2 0.5432715168806467 0.3920316301703163 0.010936757013789824 0.021289537712895375
2 0.5356633380884451 0.3895985401459854 0.011887779362815026 0.023722627737226276
2 0.5282929148834997 0.3865571776155718 0.011412268188302425 0.023722627737226276
2 0.5128388017118403 0.38077858880778587 0.012838801711840228 0.024330900243309004
2 0.5064194008559201 0.3777372262773723 0.011412268188302425 0.023114355231143552
2 0.4988112220637185 0.3753041362530414 0.011412268188302425 0.024330900243309004
2 0.47622444127436997 0.4209245742092457 0.014740846409890632 0.029197080291970802
2 0.48621017593913457 0.42274939172749393 0.012838801711840228 0.024330900243309004
2 0.5753685211602473 0.4607664233576642 0.010461245839277223 0.022506082725060828
2 0.5827389443651926 0.4628953771289538 0.009985734664764621 0.021897810218978103
2 0.5896338563956253 0.46624087591240876 0.010461245839277223 0.021289537712895375
2 0.5996195910603899 0.4701946472019465 0.010461245839277223 0.021897810218978103
2 0.6745126010461245 0.5 0.009985734664764621 0.021897810218978103
2 0.6897289586305279 0.5060827250608273 0.010936757013789824 0.024330900243309004
2 0.6963861150737042 0.5079075425790754 0.010936757013789824 0.023114355231143552
2 0.7051830718021873 0.5115571776155717 0.012363290537327628 0.0267639902676399
2 0.7135045173561578 0.5170316301703163 0.012838801711840228 0.027980535279805353
2 0.6757013789824061 0.5331508515815085 0.012363290537327628 0.028588807785888078
2 0.6856871136471707 0.5368004866180048 0.012363290537327628 0.024939172749391728
2 0.6959106038991917 0.541058394160584 0.014740846409890632 0.029805352798053526
2 0.7068473609129815 0.5468369829683698 0.01378982406086543 0.030413625304136254
2 0.09843081312410841 0.23905109489051096 0.008559201141226819 0.00851581508515815
2 0.42106514503090825 0.26094890510948904 0.009985734664764621 0.02068126520681265
2 0.4472182596291013 0.24574209245742093 0.00903471231573942 0.019464720194647202
2 0.4403233475986686 0.24239659367396593 0.008559201141226819 0.018856447688564478
2 0.40228245363766046 0.30413625304136255 0.009510223490252021 0.02068126520681265
2 0.4096528768426058 0.30656934306569344 0.00903471231573942 0.02068126520681265
2 0.666191155492154 0.4951338199513382 0.010461245839277223 0.025547445255474453
2 0.6592962434617213 0.49391727493917276 0.009985734664764621 0.023114355231143552
2 0.651925820256776 0.4908759124087591 0.011412268188302425 0.024330900243309004
2 0.6074655254398479 0.4741484184914842 0.009985734664764621 0.022506082725060828
2 0.5789348549690918 0.4930048661800487 0.01378982406086543 0.029805352798053526
2 0.5877318116975749 0.4996958637469586 0.015216357584403234 0.03345498783454988
2 0.5981930575368521 0.5015206812652068 0.014265335235378032 0.029805352798053526
2 0.6072277698525915 0.5069951338199513 0.014265335235378032 0.03102189781021898
2 0.6271992391821207 0.5136861313868614 0.014265335235378032 0.029805352798053526
2 0.6371849738468854 0.5185523114355232 0.007608178792201617 0.024939172749391728
2 0.6145981930575368 0.4762773722627737 0.009985734664764621 0.02068126520681265
2 0.6666666666666666 0.5298053527980535 0.014265335235378032 0.029197080291970802
2 0.6222063718497385 0.4793187347931874 0.009985734664764621 0.021897810218978103
2 0.6295767950546838 0.48266423357664234 0.011412268188302425 0.022506082725060828
2 0.6371849738468854 0.4860097323600973 0.009510223490252021 0.019464720194647202
2 0.6440798858773181 0.4902676399026764 0.008083689966714217 0.0170316301703163
2 0.6452686638135996 0.5237226277372263 0.008559201141226819 0.025547445255474453
2 0.6571564431764146 0.5249391727493917 0.01331431288635283 0.027980535279805353
2 0.821207798383262 0.5970194647201946 0.011412268188302425 0.023722627737226276
2 0.8454588682834047 0.6052311435523114 0.009510223490252021 0.021897810218978103
2 0.777698525915359 0.9118004866180048 0.00903471231573942 0.02068126520681265
2 0.8166904422253923 0.7864963503649635 0.007132667617689016 0.0170316301703163
2 0.8045649072753209 0.8369829683698297 0.007608178792201617 0.015815085158150853
2 0.8002853067047075 0.8540145985401459 0.007608178792201617 0.0170316301703163
2 0.796718972895863 0.8704379562043796 0.007132667617689016 0.015815085158150853
2 0.7853067047075606 0.9187956204379562 0.00903471231573942 0.017639902676399026
2 0.7769852591535901 0.9534671532846716 0.007608178792201617 0.016423357664233577
2 0.7201616737993343 0.9869221411192214 0.016642891107941038 0.010340632603406326
2 0.7456015216357584 0.9784063260340633 0.009510223490252021 0.020072992700729927
2 0.7384688540180694 0.9750608272506083 0.011412268188302425 0.021897810218978103
2 0.7310984308131241 0.9717153284671532 0.009985734664764621 0.022506082725060828
2 0.724679029957204 0.968978102189781 0.009510223490252021 0.021897810218978103
2 0.7173086067522587 0.9662408759124088 0.00903471231573942 0.020072992700729927
2 0.7104136947218259 0.9631995133819952 0.010461245839277223 0.021289537712895375
2 0.6790299572039943 0.9708029197080292 0.014265335235378032 0.010948905109489052
2 0.702567760342368 0.9604622871046229 0.009985734664764621 0.021897810218978103
2 0.6885401806942463 0.9552919708029197 0.010461245839277223 0.021289537712895375
2 0.8128863528292914 0.8026155717761557 0.006181645268663814 0.017639902676399026
2 0.9835948644793152 0.5881995133819952 0.01759391345696624 0.0364963503649635
2 0.6745126010461245 0.9501216545012166 0.011887779362815026 0.023114355231143552
2 0.992867332382311 0.621654501216545 0.014265335235378032 0.012165450121654502
2 0.8473609129814551 0.3579683698296837 0.008559201141226819 0.018856447688564478
2 0.8533048026628626 0.36070559610705594 0.008083689966714217 0.01824817518248175
2 0.8606752258678079 0.36405109489051096 0.009510223490252021 0.018856447688564478
2 0.8663813599619591 0.36739659367396593 0.009510223490252021 0.02068126520681265
2 0.8737517831669044 0.36891727493917276 0.00903471231573942 0.017639902676399026
2 0.881359961959106 0.3731751824817518 0.007132667617689016 0.015206812652068127
2 0.8968140751307656 0.36009732360097324 0.012363290537327628 0.010948905109489052
2 0.8880171184022825 0.3753041362530414 0.00903471231573942 0.02068126520681265
2 0.8953875416072278 0.3771289537712895 0.008559201141226819 0.01824817518248175
2 0.9022824536376605 0.3798661800486618 0.008083689966714217 0.017639902676399026
2 0.9077508321445554 0.38321167883211676 0.004755111745126011 0.015815085158150853
2 0.9182120779838326 0.38017031630170317 0.009510223490252021 0.02068126520681265
2 0.9862101759391345 0.6499391727493917 0.016167379933428434 0.013990267639902677
2 0.988112220637185 0.6405109489051095 0.015216357584403234 0.012165450121654502
2 0.990489776509748 0.6307785888077859 0.015216357584403234 0.01338199513381995
2 0.6959106038991917 0.958029197080292 0.009985734664764621 0.02068126520681265
2 0.6673799334284356 0.9470802919708029 0.010936757013789824 0.023114355231143552
2 0.8533048026628626 0.6070559610705596 0.011887779362815026 0.025547445255474453
2 0.6711840228245364 0.898418491484185 0.010936757013789824 0.023114355231143552
2 0.6778411792677128 0.8728710462287105 0.009985734664764621 0.02068126520681265
2 0.6702330004755112 0.8701338199513382 0.009985734664764621 0.020072992700729927
2 0.6847360912981455 0.8765206812652068 0.010461245839277223 0.021897810218978103
2 0.6921065145030908 0.8789537712895377 0.010936757013789824 0.021897810218978103
2 0.6987636709462672 0.8813868613138686 0.00903471231573942 0.021897810218978103
2 0.7068473609129815 0.8829075425790754 0.012838801711840228 0.024939172749391728
2 0.7135045173561578 0.8859489051094891 0.009985734664764621 0.020072992700729927
2 0.7203994293865906 0.8889902676399026 0.010461245839277223 0.023722627737226276
2 0.7275320970042796 0.8938564476885644 0.010461245839277223 0.021289537712895375
2 0.7346647646219686 0.8962895377128953 0.010461245839277223 0.021289537712895375
2 0.7417974322396577 0.8996350364963503 0.009510223490252021 0.02068126520681265
2 0.7494056110318592 0.9008515815085159 0.010461245839277223 0.023114355231143552
2 0.7560627674750356 0.9041970802919708 0.008559201141226819 0.018856447688564478
2 0.7629576795054683 0.9084549878345499 0.00903471231573942 0.020072992700729927
2 0.7703281027104137 0.9111922141119222 0.009510223490252021 0.02068126520681265
2 0.6640513552068473 0.8947688564476886 0.010936757013789824 0.023114355231143552
2 0.6783166904422254 0.9023722627737226 0.009985734664764621 0.022506082725060828
2 0.6528768426058013 0.9598540145985401 0.01331431288635283 0.010948905109489052
2 0.6852116024726581 0.9045012165450121 0.011412268188302425 0.023114355231143552
2 0.6600095102234903 0.943734793187348 0.009510223490252021 0.021289537712895375
2 0.6533523537803139 0.941301703163017 0.010461245839277223 0.022506082725060828
2 0.6390870185449358 0.9434306569343066 0.012363290537327628 0.009732360097323601
2 0.77056585829767 0.9385644768856448 0.010936757013789824 0.023114355231143552
2 0.7639087018544936 0.9352189781021898 0.009985734664764621 0.020072992700729927
2 0.7572515454113171 0.9318734793187348 0.00903471231573942 0.02068126520681265
2 0.7498811222063718 0.9306569343065694 0.011412268188302425 0.025547445255474453
2 0.7425106990014265 0.927007299270073 0.010936757013789824 0.023114355231143552
2 0.7360912981455064 0.9227493917274939 0.010461245839277223 0.023114355231143552
2 0.7289586305278174 0.9200121654501217 0.009510223490252021 0.020072992700729927
2 0.7215882073228721 0.9175790754257908 0.010936757013789824 0.022506082725060828
2 0.7142177841179268 0.9145377128953771 0.010461245839277223 0.021289537712895375
2 0.7068473609129815 0.9121046228710462 0.00903471231573942 0.021289537712895375
2 0.7001902044698051 0.9090632603406326 0.011887779362815026 0.022506082725060828
2 0.693057536852116 0.9066301703163017 0.010936757013789824 0.021289537712895375
2 0.8820732287208749 0.3546228710462287 0.012363290537327628 0.009732360097323601
2 0.8692344270090347 0.3497566909975669 0.011412268188302425 0.009732360097323601
2 0.8395149786019972 0.3555352798053528 0.008083689966714217 0.017639902676399026
2 0.8347598668568711 0.4708029197080292 0.009985734664764621 0.01824817518248175
2 0.8245363766048502 0.49695863746958635 0.012363290537327628 0.0267639902676399
2 0.8159771754636234 0.4927007299270073 0.012363290537327628 0.0267639902676399
2 0.8074179743223966 0.48935523114355234 0.01331431288635283 0.029805352798053526
2 0.8209700427960057 0.46472019464720193 0.00903471231573942 0.01824817518248175
2 0.8143128863528293 0.46228710462287104 0.008083689966714217 0.0170316301703163
2 0.8074179743223966 0.45985401459854014 0.008559201141226819 0.0170316301703163
2 0.7998097955301949 0.4854014598540146 0.011412268188302425 0.023114355231143552
2 0.7912505943889682 0.48083941605839414 0.012363290537327628 0.026155717761557177
2 0.8007608178792202 0.4562043795620438 0.008559201141226819 0.019464720194647202
2 0.7874465049928673 0.45225060827250607 0.009510223490252021 0.018856447688564478
2 0.7798383262006657 0.4473844282238443 0.009510223490252021 0.020072992700729927
2 0.7831669044222539 0.4771897810218978 0.012363290537327628 0.023722627737226276
2 0.7734189253447457 0.4765815085158151 0.012838801711840228 0.026155717761557177
2 0.77056585829767 0.44799270072992703 0.010936757013789824 0.023722627737226276
2 0.7815026153114598 0.3987226277372263 0.014740846409890632 0.03223844282238443
2 0.8326200665715644 0.4990875912408759 0.012363290537327628 0.02737226277372263
2 0.8416547788873039 0.4720194647201946 0.008559201141226819 0.0170316301703163
2 0.8326200665715644 0.3537104622871046 0.008559201141226819 0.021289537712895375
2 0.8478364241559677 0.47566909975669097 0.008559201141226819 0.01824817518248175
2 0.8635282929148835 0.5991484184914841 0.005706134094151213 0.01338199513381995
2 0.871849738468854 0.5641727493917275 0.008083689966714217 0.016423357664233577
2 0.8763670946267237 0.5468369829683698 0.007608178792201617 0.0170316301703163
2 0.8837375178316691 0.5155109489051095 0.006181645268663814 0.012773722627737226
2 0.8754160722776986 0.5167274939172749 0.012363290537327628 0.026155717761557177
2 0.8670946267237281 0.5103406326034063 0.010936757013789824 0.023114355231143552
2 0.8587731811697575 0.5091240875912408 0.011412268188302425 0.025547445255474453
2 0.8930099857346647 0.47992700729927007 0.006657156443176415 0.015815085158150853
2 0.8825487398953875 0.48905109489051096 0.008559201141226819 0.019464720194647202
2 0.8758915834522111 0.4863138686131387 0.009510223490252021 0.020072992700729927
2 0.8682834046600095 0.48509732360097324 0.007608178792201617 0.013990267639902677
2 0.8613884926295768 0.4814476885644769 0.008083689966714217 0.016423357664233577
2 0.854493580599144 0.47992700729927007 0.008559201141226819 0.015815085158150853
2 0.850451735615787 0.5048661800486618 0.011887779362815026 0.025547445255474453
2 0.8414170233000475 0.5021289537712895 0.010936757013789824 0.024939172749391728
2 0.7948169281978127 0.3844282238442822 0.00903471231573942 0.01824817518248175
2 0.8090822634331907 0.3905109489051095 0.00903471231573942 0.01824817518248175
2 0.7907750832144556 0.4072384428223844 0.010461245839277223 0.018856447688564478
2 0.796718972895863 0.4114963503649635 0.009985734664764621 0.020072992700729927
2 0.8849262957679506 0.4190997566909976 0.008559201141226819 0.01824817518248175
2 0.8780313837375179 0.4163625304136253 0.008083689966714217 0.017639902676399026
2 0.8704232049453162 0.41575425790754256 0.008083689966714217 0.017639902676399026
2 0.8644793152639088 0.41271289537712896 0.008559201141226819 0.017639902676399026
2 0.8571088920589633 0.40875912408759124 0.00903471231573942 0.01824817518248175
2 0.8509272467902995 0.4051094890510949 0.00903471231573942 0.02068126520681265
2 0.7933903946742749 0.33880778588807786 0.011887779362815026 0.009732360097323601
2 0.8029006181645268 0.3239051094890511 0.014740846409890632 0.011557177615571776
2 0.8178792201616738 0.3293795620437956 0.01331431288635283 0.010340632603406326
2 0.8309557774607703 0.33485401459854014 0.012838801711840228 0.010340632603406326
2 0.7950546837850689 0.3302919708029197 0.012363290537327628 0.010948905109489052
2 0.8059914407988588 0.34215328467153283 0.008559201141226819 0.017639902676399026
2 0.8124108416547788 0.3458029197080292 0.009985734664764621 0.021289537712895375
2 0.8190679980979553 0.34854014598540145 0.008083689966714217 0.02068126520681265
2 0.8264384213029006 0.35066909975669097 0.008559201141226819 0.018856447688564478
2 0.8913456966238706 0.4221411192214112 0.008083689966714217 0.01824817518248175
2 0.8977650974797908 0.4251824817518248 0.009510223490252021 0.02068126520681265
2 0.9008559201141226 0.44799270072992703 0.008083689966714217 0.017639902676399026
2 0.8238231098430813 0.42244525547445255 0.00903471231573942 0.018856447688564478
2 0.8036138849262958 0.41332116788321166 0.008559201141226819 0.020072992700729927
2 0.8107465525439848 0.41514598540145986 0.008559201141226819 0.017639902676399026
2 0.816452686638136 0.39172749391727496 0.010461245839277223 0.021897810218978103
2 0.8238231098430813 0.39416058394160586 0.009985734664764621 0.02068126520681265
2 0.8300047551117451 0.3981143552311436 0.008083689966714217 0.017639902676399026
2 0.8174037089871612 0.41849148418491483 0.010461245839277223 0.021897810218978103
2 0.8309557774607703 0.4233576642335766 0.00903471231573942 0.01824817518248175
2 0.8913456966238706 0.45072992700729925 0.00903471231573942 0.02068126520681265
2 0.8447456015216358 0.42913625304136255 0.00903471231573942 0.017639902676399026
2 0.8511650023775559 0.43156934306569344 0.008559201141226819 0.017639902676399026
2 0.8590109367570138 0.43461070559610704 0.00903471231573942 0.017639902676399026
2 0.8654303376129339 0.4367396593673966 0.009510223490252021 0.019464720194647202
2 0.8716119828815977 0.44038929440389296 0.008559201141226819 0.02068126520681265
2 0.8849262957679506 0.4473844282238443 0.010461245839277223 0.020072992700729927
0 0.20256776034236804 0.204683698296837 0.08559201141226819 0.2427007299270073