2 0.6608851674641149 0.7885714285714286 0.061004784688995214 0.020317460317460317
2 0.46411483253588515 0.566984126984127 0.045454545454545456 0.020317460317460317
2 0.5257177033492823 0.6412698412698413 0.05861244019138756 0.022857142857142857
2 0.47787081339712917 0.6079365079365079 0.1519138755980861 0.05523809523809524
2 0.430622009569378 0.5914285714285714 0.05263157894736842 0.019682539682539683
2 0.41327751196172247 0.49174603174603176 0.06339712918660287 0.02349206349206349
2 0.3020334928229665 0.3707936507936508 0.06339712918660287 0.025396825396825397
2 0.23624401913875598 0.32634920634920633 0.10645933014354067 0.035555555555555556
2 0.17703349282296652 0.2688888888888889 0.13636363636363635 0.047619047619047616
2 0.13576555023923445 0.2542857142857143 0.05382775119617225 0.017142857142857144
2 0.19078947368421054 0.24031746031746032 0.056220095693779906 0.022222222222222223
2 0.04425837320574163 0.1619047619047619 0.050239234449760764 0.017777777777777778
2 0.11722488038277512 0.16793650793650794 0.05741626794258373 0.02349206349206349
0 0.8271531100478469 0.9415873015873016 0.25478468899521534 0.11682539682539683
0 0.7200956937799043 0.8288888888888889 0.22488038277511962 0.09333333333333334
0 0.6710526315789473 0.7685714285714286 0.22488038277511962 0.08444444444444445
0 0.6309808612440191 0.7222222222222222 0.2117224880382775 0.07936507936507936
0 0.5915071770334929 0.6777777777777778 0.2117224880382775 0.07555555555555556
0 0.555622009569378 0.6374603174603175 0.21889952153110048 0.0761904761904762
0 0.5143540669856459 0.5933333333333334 0.21291866028708134 0.08190476190476191
0 0.46411483253588515 0.5393650793650794 0.22966507177033493 0.08952380952380952
0 0.41327751196172247 0.48253968253968255 0.23564593301435408 0.09142857142857143
0 0.3791866028708134 0.4247619047619048 0.20334928229665072 0.08253968253968254
0 0.31758373205741625 0.37523809523809526 0.23564593301435408 0.09777777777777778
0 0.2661483253588517 0.31777777777777777 0.23086124401913877 0.0946031746031746
0 0.215311004784689 0.2584126984126984 0.215311004784689 0.08
0 0.18361244019138756 0.20507936507936508 0.1854066985645933 0.0673015873015873
2 0.5586124401913876 0.6819047619047619 0.1291866028708134 0.04698412698412698
2 0.6136363636363636 0.6933333333333334 0.05502392344497608 0.022857142857142857
2 0.5568181818181818 0.7215873015873016 0.056220095693779906 0.02095238095238095
2 0.1632775119617225 0.29777777777777775 0.05382775119617225 0.020317460317460317
2 0.1513157894736842 0.20603174603174604 0.05861244019138756 0.02095238095238095
2 0.6082535885167464 0.800952380952381 0.04665071770334928 0.019682539682539683
2 0.3624401913875598 0.42412698412698413 0.05980861244019139 0.022857142857142857
2 0.31519138755980863 0.31206349206349204 0.03229665071770335 0.018412698412698412
2 0.444377990430622 0.9342857142857143 0.08014354066985646 0.06412698412698413
2 0.5927033492822966 0.7371428571428571 0.1255980861244019 0.04698412698412698
2 0.24880382775119617 0.9247619047619048 0.06698564593301436 0.0653968253968254
2 0.2757177033492823 0.7974603174603174 0.13277511961722488 0.08507936507936507
2 0.12799043062200957 0.6704761904761904 0.028708133971291867 0.01650793650793651
2 0.10705741626794259 0.6619047619047619 0.02033492822966507 0.019682539682539683
2 0.1118421052631579 0.6361904761904762 0.06339712918660287 0.05333333333333334
2 0.7344497607655502 0.919047619047619 0.07416267942583732 0.02857142857142857
2 0.6590909090909091 0.8358730158730159 0.05502392344497608 0.018412698412698412
2 0.7081339712918661 0.8247619047619048 0.05502392344497608 0.020317460317460317
2 0.6142344497607656 0.7726984126984127 0.14952153110047847 0.050793650793650794
0 0.13456937799043062 0.16634920634920636 0.22129186602870812 0.08888888888888889