2 0.21725912067352665 0.08381924198250729 0.052853133769878394 0.11078717201166181
2 0.2855472404115996 0.13957725947521865 0.021047708138447148 0.04008746355685131
2 0.30940130963517304 0.18731778425655976 0.01824134705332086 0.03935860058309038
2 0.3199251637043966 0.20954810495626822 0.01683816651075772 0.03279883381924198
2 0.3423760523854069 0.19642857142857142 0.014967259120673527 0.03134110787172012
2 0.38423760523854067 0.29008746355685133 0.017305893358278764 0.03498542274052478
2 0.39967259120673526 0.2725947521865889 0.01637043966323667 0.033527696793002916
2 0.4207202993451824 0.27988338192419826 0.042563143124415344 0.08746355685131195
2 0.4747427502338634 0.3334548104956268 0.03835360149672591 0.08090379008746355
2 0.49812909260991584 0.3356413994169096 0.01777362020579981 0.038629737609329445
2 0.568755846585594 0.4263848396501458 0.03928905519176801 0.08017492711370262
2 0.5855940130963517 0.4282069970845481 0.01403180542563143 0.02696793002915452
2 0.60266604303087 0.4719387755102041 0.01637043966323667 0.03279883381924198
2 0.6195042095416277 0.47922740524781343 0.03601496725912067 0.07215743440233237
2 0.7137511693171188 0.5466472303206997 0.018709073900841908 0.03498542274052478
2 0.7273152478952292 0.5553935860058309 0.021515434985968196 0.04664723032069971
2 0.7516370439663237 0.581268221574344 0.01683816651075772 0.034256559766763846
2 0.8519644527595884 0.6916909620991254 0.03882132834424696 0.07725947521865889
2 0.8861085126286249 0.7066326530612245 0.021047708138447148 0.04154518950437318
2 0.9097287184284378 0.7310495626822158 0.01777362020579981 0.03644314868804665
2 0.9232927970065482 0.7427113702623906 0.025257249766136577 0.05393586005830904
2 0.9380261927034612 0.7576530612244898 0.017305893358278764 0.03279883381924198
2 0.9707670720299345 0.793002915451895 0.019176800748362956 0.03935860058309038
2 0.2600561272217025 0.14176384839650147 0.040224508886810104 0.08527696793002916
2 0.18521983161833488 0.07179300291545189 0.026192703461178673 0.0619533527696793
2 0.16814780168381666 0.08564139941690962 0.020112254443405052 0.038629737609329445
0 0.20907390084190833 0.12354227405247814 0.06828811973807297 0.13192419825072887
0 0.2539756782039289 0.16727405247813412 0.06548175865294668 0.1377551020408163
0 0.2902245088868101 0.2018950437317784 0.05753040224508887 0.12973760932944606
0 0.3192235734331151 0.22521865889212828 0.06407857811038353 0.1326530612244898
0 0.362488306828812 0.2725947521865889 0.07951356407857811 0.15014577259475217
0 0.40130963517305895 0.30612244897959184 0.05332086061739944 0.12099125364431487
0 0.4275023386342376 0.33126822157434405 0.05612722170252572 0.1217201166180758
0 0.4630495790458372 0.3607871720116618 0.07296538821328344 0.14431486880466474
0 0.5009354536950421 0.42857142857142855 0.05706267539756782 0.1239067055393586
0 0.5596351730589336 0.44497084548104954 0.06407857811038353 0.12463556851311954
0 0.5916744621141253 0.47922740524781343 0.05893358278765201 0.1260932944606414
0 0.6164639850327409 0.5029154518950437 0.05706267539756782 0.12682215743440234
0 0.6440598690364827 0.5342565597667639 0.05893358278765201 0.12973760932944606
0 0.6721234798877456 0.5583090379008746 0.0617399438727783 0.13411078717201166
0 0.7053320860617399 0.5947521865889213 0.0608044901777362 0.12682215743440234
0 0.7296538821328344 0.6126093294460642 0.06361085126286249 0.13338192419825073
0 0.7570159027128157 0.6392128279883382 0.06127221702525725 0.13119533527696792
0 0.784845650140318 0.6690962099125365 0.06454630495790459 0.13411078717201166
0 0.8147801683816651 0.6927842565597667 0.05612722170252572 0.13192419825072887
0 0.842843779232928 0.7157434402332361 0.06361085126286249 0.1326530612244898
0 0.8720767072029935 0.7463556851311953 0.060336763330215155 0.1282798833819242
0 0.9099625818521984 0.7780612244897959 0.06127221702525725 0.11880466472303207
0 0.9618802619270346 0.827259475218659 0.06314312441534144 0.12682215743440234
2 0.5028063610851263 0.3753644314868805 0.015902712815715623 0.030612244897959183
2 0.567820392890552 0.4784985422740525 0.01683816651075772 0.03279883381924198
2 0.6309635173058934 0.5080174927113703 0.01777362020579981 0.03206997084548105
2 0.6908325537885874 0.5211370262390671 0.01683816651075772 0.033527696793002916
2 0.6798409728718429 0.5572157434402333 0.021983161833489244 0.04154518950437318
2 0.7934985968194574 0.6967930029154519 0.019176800748362956 0.03644314868804665
2 0.8274087932647334 0.6982507288629738 0.0205799812909261 0.037900874635568516
2 0.8423760523854069 0.6643586005830904 0.01777362020579981 0.03571428571428571
0 0.17797006548175864 0.09657434402332361 0.06969130028063611 0.13192419825072887