2 0.9517490952955368 0.9754098360655737 0.028950542822677925 0.04918032786885246
2 0.695416164053076 0.7627504553734062 0.019300361881785282 0.033697632058287796
2 0.22406513872135103 0.32103825136612024 0.022316043425814235 0.042805100182149364
2 0.1884800965018094 0.2855191256830601 0.023522316043425813 0.044626593806921674
2 0.1516887816646562 0.2518214936247723 0.024728588661037394 0.05009107468123861
2 0.11911942098914355 0.2062841530054645 0.039203860072376355 0.07377049180327869
2 0.07599517490952955 0.1470856102003643 0.024125452352231604 0.042805100182149364
0 0.8425814234016887 0.9116575591985429 0.08805790108564536 0.17122040072859745
0 0.784680337756333 0.8570127504553734 0.10735826296743065 0.18761384335154827
0 0.7249698431845597 0.8064663023679417 0.08926417370325694 0.17395264116575593
0 0.6845597104945718 0.7682149362477231 0.08805790108564536 0.16666666666666666
0 0.6504825090470446 0.7358834244080146 0.07659831121833534 0.15664845173041894
0 0.6139927623642943 0.6994535519125683 0.08202653799758745 0.16029143897996356
0 0.5741857659831122 0.6707650273224044 0.07961399276236429 0.15938069216757741
0 0.5247285886610374 0.6220400728597449 0.08685162846803378 0.17304189435336975
0 0.4752714113389626 0.575591985428051 0.09891435464414958 0.1785063752276867
0 0.4164656212303981 0.5286885245901639 0.10796139927623644 0.19763205828779598
0 0.3600723763570567 0.4685792349726776 0.08685162846803378 0.17395264116575593
0 0.3238841978287093 0.4335154826958106 0.08082026537997587 0.16757741347905283
0 0.28739445114595896 0.4016393442622951 0.08021712907117008 0.1621129326047359
0 0.2563329312424608 0.3797814207650273 0.07117008443908324 0.15846994535519127
0 0.2138118214716526 0.33879781420765026 0.08021712907117008 0.16393442622950818
0 0.17430639324487335 0.30783242258652094 0.07478890229191798 0.16393442622950818
0 0.14143546441495777 0.2773224043715847 0.08021712907117008 0.16848816029143898
0 0.10554885404101327 0.23998178506375228 0.08082026537997587 0.16120218579234974
2 0.27291917973462004 0.3155737704918033 0.048854041013269 0.09198542805100182
2 0.2982509047044632 0.3356102003642987 0.027141133896260553 0.05009107468123861
2 0.30639324487334135 0.3674863387978142 0.038600723763570564 0.07741347905282331
2 0.3959589867310012 0.4972677595628415 0.023522316043425813 0.04553734061930783
2 0.4378769601930036 0.49954462659380694 0.021712907117008445 0.039162112932604735
2 0.7952352231604343 0.836976320582878 0.024728588661037394 0.04918032786885246
2 0.7104945717732207 0.7249544626593807 0.016887816646562123 0.03642987249544627
2 0.3715319662243667 0.4326047358834244 0.022919179734620022 0.04189435336976321
2 0.8968636911942099 0.9594717668488161 0.025331724969843185 0.04644808743169399
2 0.8091073582629674 0.8479052823315119 0.03437876960193004 0.06739526411657559
2 0.6872738238841978 0.7285974499089253 0.046441495778045835 0.0947176684881603
2 0.6664656212303981 0.7313296903460837 0.022919179734620022 0.04553734061930783
2 0.649577804583836 0.726775956284153 0.021712907117008445 0.04007285974499089
2 0.6227382388419783 0.6534608378870674 0.025934861278648975 0.05191256830601093
2 0.5826296743063932 0.6361566484517304 0.024125452352231604 0.042805100182149364
2 0.5361881785283474 0.6120218579234973 0.026537997587454766 0.051001821493624776
2 0.5003015681544029 0.5746812386156649 0.024728588661037394 0.04735883424408015
2 0.4191797346200241 0.45491803278688525 0.022919179734620022 0.040983606557377046
0 0.06272617611580217 0.1994535519125683 0.09167671893848009 0.17304189435336975