2 0.47316043425814236 0.3861566484517304 0.025934861278648975 0.04553734061930783
2 0.5283474065138721 0.40619307832422585 0.05548854041013269 0.11293260473588343
2 0.46531966224366705 0.3233151183970856 0.07056694813027745 0.13296903460837886
2 0.4273220747889023 0.30327868852459017 0.05850422195416164 0.1111111111111111
2 0.4010856453558504 0.2877959927140255 0.054282267792521106 0.10382513661202186
2 0.33926417370325695 0.21584699453551912 0.05850422195416164 0.11475409836065574
2 0.30759951749095293 0.2053734061930783 0.024125452352231604 0.05009107468123861
2 0.2882991556091677 0.17805100182149364 0.047044632086851626 0.08652094717668488
2 0.2620627261761158 0.16484517304189436 0.027141133896260553 0.051001821493624776
2 0.23642943305186973 0.15255009107468123 0.05669481302774427 0.11566484517304189
2 0.21803377563329313 0.10018214936247723 0.027141133896260553 0.052823315118397086
2 0.1779252110977081 0.08515482695810565 0.021712907117008445 0.044626593806921674
0 0.8256936067551267 0.7158469945355191 0.09529553679131483 0.1785063752276867
0 0.8857056694813028 0.7727686703096539 0.11158021712907117 0.19398907103825136
0 0.7605548854041013 0.6530054644808743 0.10253317249698432 0.18761384335154827
0 0.6770205066344994 0.5783242258652095 0.14535585042219543 0.22768670309653916
0 0.5566948130277443 0.46766848816029144 0.09047044632086852 0.17759562841530055
0 0.5060313630880579 0.42531876138433516 0.09167671893848009 0.18032786885245902
0 0.4571773220747889 0.3825136612021858 0.10012062726176116 0.18761384335154827
0 0.3854041013268999 0.3146630236794171 0.1399276236429433 0.21584699453551912
0 0.30217129071170085 0.23816029143897996 0.06875753920386007 0.1575591985428051
0 0.2647768395657419 0.20810564663023678 0.09529553679131483 0.17759562841530055
0 0.21773220747889022 0.16484517304189436 0.09047044632086852 0.16939890710382513
2 0.4894451145958987 0.3460837887067395 0.024728588661037394 0.04735883424408015
2 0.5563932448733414 0.44808743169398907 0.028347406513872134 0.0546448087431694
2 0.5615199034981906 0.47996357012750457 0.021712907117008445 0.04189435336976321
2 0.5965018094089264 0.4435336976320583 0.025331724969843185 0.04918032786885246
2 0.26658624849215923 0.11748633879781421 0.018094089264173704 0.018214936247723135
2 0.9010856453558505 0.76183970856102 0.026537997587454766 0.05373406193078324
2 0.7711097708082026 0.6420765027322405 0.06453558504221954 0.1384335154826958
2 0.7394451145958987 0.6156648451730419 0.028950542822677925 0.051001821493624776
2 0.5759951749095296 0.49681238615664847 0.027744270205066344 0.05555555555555555
0 0.1764173703256936 0.12021857923497267 0.05971049457177322 0.14207650273224043