2 0.019304099142040038 0.44214372716199757 0.038608198284080075 0.04628501827040195
2 0.44280266920877026 0.7929354445797807 0.014299332697807437 0.02679658952496955
2 0.4578169685414681 0.8032886723507917 0.03574833174451859 0.07673568818514007
2 0.3906101048617731 0.7877588306942753 0.019542421353670163 0.034713763702801465
2 0.361534795042898 0.7679658952496955 0.019542421353670163 0.03532277710109622
2 0.20138226882745472 0.5164433617539586 0.07006673021925644 0.058465286236297195
2 0.12297426120114395 0.4884287454323995 0.020972354623450904 0.0438489646772229
2 0.07912297426120114 0.4701583434835566 0.028598665395614873 0.0682095006090134
2 0.2533365109628217 0.35505481120584653 0.028122020972354625 0.05481120584652863
2 0.2280743565300286 0.35322777101096225 0.020495710200190656 0.03654080389768575
2 0.21401334604385128 0.3471376370280146 0.01811248808388942 0.030450669914738125
2 0.18446139180171592 0.3270401948842874 0.01811248808388942 0.03532277710109622
2 0.11177311725452813 0.27527405602923266 0.014775977121067683 0.031668696711327646
2 0.06553860819828408 0.2926309378806334 0.06625357483317446 0.035931790499390985
2 0.5007149666348903 0.832216808769793 0.03670162059103908 0.0712545676004872
2 0.5347950428979981 0.8343483556638246 0.02478551000953289 0.05602923264311815
2 0.5536224976167778 0.841047503045067 0.03670162059103908 0.0730816077953715
2 0.5698284080076264 0.8550548112058465 0.016682554814108675 0.030450669914738125
2 0.5996186844613918 0.8778928136419001 0.03145853193517636 0.06272838002436054
2 0.6153479504289799 0.9004263093788063 0.014299332697807437 0.028623629719853837
2 0.861534795042898 0.48112058465286234 0.020495710200190656 0.01705237515225335
2 0.8341277407054337 0.440925700365408 0.055290753098188754 0.04628501827040195
2 0.8167302192564347 0.40773447015834346 0.03193517635843661 0.027405602923264313
2 0.8033841754051477 0.38885505481120586 0.07959961868446139 0.06394640682095006
2 0.7452335557673975 0.28775883069427527 0.0328884652049571 0.05176613885505481
2 0.7628693994280267 0.24878197320341047 0.022402287893231648 0.03227771010962241
2 0.7387988560533841 0.23995127892813642 0.017159199237368923 0.0341047503045067
2 0.6985224022878932 0.23447015834348356 0.00905624404194471 0.028014616321559074
2 0.6796949475691134 0.25943970767356883 0.016205910390848427 0.0438489646772229
2 0.6163012392755005 0.26522533495736905 0.017159199237368923 0.06881851400730817
2 0.525023832221163 0.27618757612667477 0.019542421353670163 0.08221680876979294
2 0.05862726406101049 0.25365408038976855 0.08388941849380362 0.045676004872107184
0 0.22855100095328884 0.6994518879415347 0.05958055290753098 0.09317904993909866
2 0.47878932316491896 0.2746650426309379 0.026215443279313633 0.0876979293544458
0 0.5691134413727359 0.2496954933008526 0.029551954242135366 0.07186358099878197
0 0.8393708293612965 0.43574908647990257 0.07054337464251668 0.07734470158343483
0 0.8203050524308866 0.38337393422655297 0.06482364156339371 0.07369062119366626
0 0.7986177311725453 0.3157734470158344 0.06339370829361296 0.05785627283800244
0 0.7676358436606292 0.2661388550548112 0.08722592945662536 0.12058465286236297
0 0.6765967588179218 0.24817295980511572 0.03479504289799809 0.07856272838002436
0 0.6179694947569113 0.24817295980511572 0.03193517635843661 0.07490864799025579
0 0.5295519542421354 0.2496954933008526 0.03145853193517636 0.07429963459196103
0 0.2809818875119161 0.7256394640682094 0.05100095328884652 0.08343483556638245
0 0.3174451858913251 0.3696711327649208 0.0667302192564347 0.07551766138855055
0 0.23427073403241183 0.33617539585870887 0.0548141086749285 0.0779537149817296
0 0.18207816968541468 0.309074299634592 0.05433746425166826 0.08221680876979294
0 0.1415633937082936 0.292326431181486 0.04861773117254528 0.07186358099878197
0 0.13989513822688274 0.5073081607795371 0.04909437559580553 0.07429963459196103
0 0.18255481410867494 0.5426309378806333 0.058150619637750235 0.06211936662606577
0 0.8601048617731173 0.49756394640682094 0.07197330791229743 0.08038976857490865
0 0.8784556720686368 0.5505481120584653 0.058150619637750235 0.04628501827040195
0 0.8758341277407055 0.6178440925700366 0.05862726406101049 0.06272838002436054
0 0.8641563393708294 0.6976248477466505 0.06387035271687322 0.055420219244823384
0 0.8446139180171592 0.7640073081607796 0.06863679694947569 0.07369062119366626
0 0.8257864632983795 0.8249086479902558 0.07006673021925644 0.07612667478684532
0 0.8012392755004767 0.896163215590743 0.07816968541468065 0.10170523751522534
0 0.7323641563393708 0.9372716199756395 0.046234509056244044 0.0730816077953715
0 0.6846997140133461 0.9360535931790499 0.051954242135367014 0.07673568818514007
0 0.6375119161105816 0.9028623629719854 0.051954242135367014 0.08830694275274056
0 0.5974737845567207 0.8839829476248477 0.05290753098188751 0.08952496954933009
0 0.5507626310772163 0.8635809987819733 0.05100095328884652 0.08526187576126674
0 0.4990467111534795 0.8367844092570037 0.052430886558627265 0.08891595615103533
0 0.4520972354623451 0.8169914738124239 0.051954242135367014 0.08587088915956151
0 0.4127740705433746 0.7956760048721072 0.05433746425166826 0.0907429963459196
0 0.36201143946615827 0.7694884287454324 0.053860819828408006 0.08830694275274056
0 0.32197330791229745 0.7469549330085262 0.05767397521448999 0.08708891595615104
2 0.4959485224022879 0.24208282582216809 0.013822688274547188 0.04689403166869671
2 0.4520972354623451 0.2777101096224117 0.012869399428026692 0.030450669914738125
2 0.14537654909437558 0.5106577344701584 0.02001906577693041 0.03227771010962241
2 0.19590085795996187 0.3376979293544458 0.010486177311725452 0.020097442143727162
2 0.18064823641563393 0.3048112058465286 0.014299332697807437 0.020097442143727162
2 0.18374642516682554 0.5435444579780755 0.023355576739752144 0.02253349573690621
2 0.10176358436606292 0.47990255785627284 0.012869399428026692 0.028014616321559074
2 0.5471877979027645 0.2518270401948843 0.008579599618684462 0.027405602923264313
2 0.571258341277407 0.25943970767356883 0.011916110581506196 0.030450669914738125
2 0.5860343183984748 0.27040194884287455 0.0109628217349857 0.025578562728380026
2 0.6382268827454719 0.26887941534713766 0.011439466158245948 0.027405602923264313
2 0.7142516682554814 0.2545676004872107 0.014775977121067683 0.05481120584652863
2 0.7900381315538608 0.34165651644336176 0.025262154432793137 0.024360535931790498
2 0.796234509056244 0.31851400730816076 0.01763584366062917 0.01705237515225335
2 0.817206863679695 0.32551766138855054 0.018589132507149667 0.016443361753958587
2 0.8334127740705434 0.4722898903775883 0.025262154432793137 0.020097442143727162
2 0.8060057197330791 0.8885505481120585 0.012392755004766444 0.015834348355663823
2 0.7004289799809342 0.9290499390986602 0.018589132507149667 0.031059683313032885
2 0.6568160152526216 0.9031668696711328 0.015252621544327931 0.03288672350791717
2 0.22831267874165873 0.7034104750304506 0.01811248808388942 0.031668696711327646
2 0.28789323164918973 0.7186358099878197 0.015252621544327931 0.024360535931790498
2 0.790514775977121 0.9001218026796589 0.033841754051477595 0.04141291108404385
2 0.8581982840800763 0.523142509135201 0.022402287893231648 0.020706455542021926
2 0.8775023832221163 0.5426309378806333 0.027645376549094377 0.015834348355663823
2 0.8765490943755958 0.6510353227771011 0.023832221163012392 0.013398294762484775
2 0.8603431839847474 0.7171132764920828 0.030505243088655862 0.026187576126674786
2 0.830791229742612 0.7582216808769793 0.025738798856053385 0.018270401948842874
2 0.8093422306959008 0.8285627283800243 0.02478551000953289 0.020097442143727162
2 0.7216396568160153 0.944884287454324 0.011439466158245948 0.031059683313032885
2 0.6363203050524309 0.8967722289890377 0.025738798856053385 0.04689403166869671
