2 0.5556067588325653 0.6392081736909323 0.017511520737327188 0.024265644955300127
2 0.5582181259600615 0.6143039591315453 0.013517665130568356 0.020434227330779056
2 0.5752688172043011 0.586845466155811 0.015053763440860216 0.021711366538952746
2 0.556221198156682 0.5855683269476373 0.01566820276497696 0.02681992337164751
2 0.5771121351766513 0.5600255427841635 0.015053763440860216 0.021711366538952746
2 0.5585253456221199 0.5587484035759898 0.012903225806451613 0.024265644955300127
2 0.5774193548387097 0.5325670498084292 0.014439324116743472 0.020434227330779056
2 0.5592933947772657 0.5351213282247765 0.013210445468509985 0.020434227330779056
2 0.5769585253456221 0.5051085568326947 0.01597542242703533 0.024265644955300127
2 0.558678955453149 0.5095785440613027 0.01566820276497696 0.022988505747126436
2 0.5769585253456221 0.4782886334610473 0.013517665130568356 0.021711366538952746
2 0.5591397849462365 0.483397190293742 0.0141321044546851 0.021711366538952746
2 0.5769585253456221 0.45274584929757344 0.014746543778801843 0.024265644955300127
2 0.5596006144393241 0.4610472541507024 0.011981566820276499 0.020434227330779056
2 0.5771121351766513 0.42464878671775225 0.014439324116743472 0.021711366538952746
2 0.5576036866359447 0.438058748403576 0.013517665130568356 0.017879948914431672
2 0.5623655913978495 0.41315453384418904 0.008909370199692781 0.019157088122605363
2 0.5754224270353303 0.39719029374201786 0.012903225806451613 0.022988505747126436
2 0.5592933947772657 0.3895274584929757 0.008294930875576038 0.01532567049808429
2 0.5795698924731183 0.3735632183908046 0.008909370199692781 0.016602809706257982
2 0.5786482334869432 0.34802043422733075 0.009523809523809525 0.019157088122605363
2 0.5596006144393241 0.36717752234993617 0.008909370199692781 0.019157088122605363
2 0.6159754224270353 0.38122605363984674 0.018433179723502304 0.02681992337164751
2 0.6168970814132104 0.4099616858237548 0.012903225806451613 0.020434227330779056
2 0.6158218125960061 0.4367816091954023 0.0162826420890937 0.02554278416347382
2 0.6150537634408603 0.46934865900383144 0.017204301075268817 0.02681992337164751
2 0.6150537634408603 0.49744572158365263 0.01597542242703533 0.02681992337164751
2 0.6147465437788019 0.5280970625798213 0.016589861751152075 0.024265644955300127
2 0.6162826420890937 0.558109833971903 0.015360983102918587 0.022988505747126436
2 0.6138248847926268 0.5887611749680716 0.017204301075268817 0.0280970625798212
2 0.5749615975422427 0.6143039591315453 0.01566820276497696 0.02554278416347382
2 0.5745007680491552 0.6411238825031929 0.013517665130568356 0.022988505747126436
2 0.5560675883256528 0.6666666666666666 0.015360983102918587 0.022988505747126436
2 0.5059907834101383 0.5638569604086845 0.016589861751152075 0.02681992337164751
2 0.5235023041474655 0.565772669220945 0.013517665130568356 0.020434227330779056
2 0.5259600614439324 0.5427841634738186 0.01597542242703533 0.022988505747126436
2 0.5055299539170507 0.5344827586206896 0.016897081413210446 0.024265644955300127
2 0.5258064516129032 0.5166028097062579 0.014439324116743472 0.019157088122605363
2 0.5059907834101383 0.508301404853129 0.016589861751152075 0.0280970625798212
2 0.5052227342549923 0.48020434227330777 0.017511520737327188 0.02554278416347382
2 0.5254992319508448 0.4661558109833972 0.015053763440860216 0.022988505747126436
2 0.5082949308755761 0.4521072796934866 0.01566820276497696 0.022988505747126436
2 0.525652841781874 0.4425287356321839 0.015360983102918587 0.02681992337164751
2 0.5264208909370199 0.41762452107279696 0.01566820276497696 0.02554278416347382
2 0.506605222734255 0.42528735632183906 0.016589861751152075 0.02554278416347382
2 0.5072196620583718 0.39846743295019155 0.01597542242703533 0.0280970625798212
2 0.5267281105990783 0.3901660280970626 0.008294930875576038 0.0140485312899106
2 0.5268817204301075 0.36845466155810985 0.009831029185867896 0.016602809706257982
2 0.507373271889401 0.36973180076628354 0.015053763440860216 0.021711366538952746
2 0.5070660522273426 0.34163473818646234 0.01566820276497696 0.02681992337164751
2 0.5827956989247312 0.8614303959131545 0.006758832565284178 0.08301404853128991
2 0.5749615975422427 0.8467432950191571 0.0064516129032258064 0.07407407407407407
2 0.5649769585253456 0.8627075351213283 0.010445468509984639 0.09323116219667944
2 0.5540706605222734 0.8601532567049809 0.007680491551459293 0.10344827586206896
2 0.5738863287250384 0.7777777777777778 0.017204301075268817 0.022988505747126436
2 0.5559139784946237 0.7752234993614304 0.015053763440860216 0.02554278416347382
2 0.574347158218126 0.7522349936143039 0.01566820276497696 0.02554278416347382
2 0.5740399385560676 0.7241379310344828 0.01566820276497696 0.02554278416347382
2 0.5560675883256528 0.7209450830140486 0.01597542242703533 0.024265644955300127
2 0.5761904761904761 0.6966794380587484 0.016897081413210446 0.02681992337164751
2 0.5560675883256528 0.6941251596424011 0.014746543778801843 0.024265644955300127
2 0.5754224270353303 0.6666666666666666 0.01597542242703533 0.0280970625798212
2 0.6136712749615976 0.6187739463601533 0.017511520737327188 0.02937420178799489
2 0.6129032258064516 0.6475095785440613 0.017818740399385562 0.03065134099616858
2 0.6149001536098311 0.6768837803320562 0.01566820276497696 0.022988505747126436
2 0.6127496159754224 0.7094508301404853 0.017511520737327188 0.02681992337164751
2 0.8986175115207373 0.9789272030651341 0.02273425499231951 0.02937420178799489
2 0.9075268817204301 0.9527458492975734 0.013517665130568356 0.017879948914431672
2 0.9072196620583718 0.929757343550447 0.01228878648233487 0.01532567049808429
2 0.9078341013824884 0.9086845466155811 0.009216589861751152 0.0140485312899106
2 0.8923195084485407 0.9080459770114943 0.007680491551459293 0.01277139208173691
2 0.8921658986175115 0.9259259259259259 0.007373271889400922 0.01277139208173691
2 0.8917050691244239 0.9521072796934866 0.010752688172043012 0.0140485312899106
2 0.8657450076804916 0.929757343550447 0.006758832565284178 0.07662835249042145
2 0.8542242703533026 0.9125159642401022 0.007680491551459293 0.10089399744572158
2 0.8462365591397849 0.9125159642401022 0.00706605222734255 0.0983397190293742
2 0.8202764976958525 0.9636015325670498 0.013517665130568356 0.02681992337164751
2 0.8216589861751152 0.9367816091954023 0.013210445468509985 0.021711366538952746
2 0.821505376344086 0.9144316730523627 0.013517665130568356 0.020434227330779056
2 0.8233486943164362 0.8652618135376756 0.01228878648233487 0.024265644955300127
2 0.8050691244239632 0.9086845466155811 0.007680491551459293 0.016602809706257982
2 0.8055299539170507 0.934227330779055 0.0141321044546851 0.019157088122605363
2 0.8039938556067588 0.9642401021711366 0.015360983102918587 0.022988505747126436
2 0.7729646697388632 0.9597701149425287 0.020276497695852536 0.02937420178799489
2 0.7769585253456222 0.9284802043422733 0.015360983102918587 0.022988505747126436
2 0.7614439324116743 0.9259259259259259 0.012596006144393242 0.022988505747126436
2 0.762058371735791 0.9035759897828863 0.008909370199692781 0.016602809706257982
2 0.7784946236559139 0.8863346104725415 0.007373271889400922 0.017879948914431672
2 0.7791090629800307 0.8582375478927203 0.0141321044546851 0.02554278416347382
2 0.7615975422427035 0.855683269476373 0.014746543778801843 0.020434227330779056
2 0.7619047619047619 0.8812260536398467 0.011674347158218126 0.022988505747126436
2 0.7311827956989247 0.9227330779054917 0.012903225806451613 0.019157088122605363
2 0.7316436251920123 0.901021711366539 0.013824884792626729 0.019157088122605363
2 0.7304147465437788 0.876117496807152 0.008294930875576038 0.01532567049808429
2 0.7314900153609831 0.8518518518518519 0.012903225806451613 0.017879948914431672
2 0.9376344086021505 0.933588761174968 0.009216589861751152 0.01532567049808429
2 0.9382488479262673 0.9150702426564495 0.007987711213517665 0.0140485312899106
2 0.9525345622119815 0.9157088122605364 0.008294930875576038 0.01277139208173691
2 0.6345622119815668 0.6028097062579821 0.011367127496159755 0.020434227330779056
2 0.6133640552995392 0.7394636015325671 0.0162826420890937 0.022988505747126436
2 0.6133640552995392 0.7681992337164751 0.017511520737327188 0.02681992337164751
2 0.6125960061443932 0.7994891443167306 0.017818740399385562 0.022988505747126436
2 0.6116743471582181 0.8288633461047255 0.018433179723502304 0.03065134099616858
2 0.6360983102918587 0.7381864623243933 0.018125960061443933 0.0280970625798212
2 0.6172043010752688 0.8876117496807152 0.006758832565284178 0.08173690932311622
2 0.6242703533026114 0.8869731800766284 0.006144393241167435 0.07279693486590039
2 0.6353302611367128 0.896551724137931 0.006758832565284178 0.0842911877394636
2 0.6416282642089094 0.8524904214559387 0.0039938556067588326 0.03959131545338442
2 0.6416282642089094 0.9246487867177522 0.0052227342549923195 0.05363984674329502
2 0.6362519201228879 0.7049808429118773 0.017818740399385562 0.03065134099616858
2 0.6373271889400922 0.6711366538952745 0.018740399385560675 0.02681992337164751
2 0.6373271889400922 0.6334610472541508 0.019969278033794162 0.02554278416347382
2 0.6597542242703534 0.4540229885057471 0.0052227342549923195 0.06257982120051085
2 0.9522273425499233 0.9348659003831418 0.008294930875576038 0.01277139208173691
2 0.6697388632872504 0.4495530012771392 0.006144393241167435 0.0842911877394636
2 0.6680491551459293 0.5466155810983397 0.00706605222734255 0.09961685823754789
2 0.658678955453149 0.5191570881226054 0.005529953917050691 0.070242656449553
2 0.669431643625192 0.657088122605364 0.011674347158218126 0.021711366538952746
2 0.6680491551459293 0.6864623243933589 0.012596006144393242 0.024265644955300127
2 0.6678955453149001 0.7222222222222222 0.0141321044546851 0.021711366538952746
2 0.6660522273425499 0.7528735632183908 0.011059907834101382 0.016602809706257982
2 0.6714285714285714 0.8461047254150702 0.018740399385560675 0.024265644955300127
2 0.6708141321044547 0.8933588761174968 0.018125960061443933 0.02681992337164751
2 0.6671274961597542 0.9425287356321839 0.01935483870967742 0.02554278416347382
2 0.7267281105990784 0.9514687100893997 0.017511520737327188 0.02554278416347382
2 0.9423963133640553 0.9853128991060025 0.021812596006144394 0.02681992337164751
2 0.9516129032258065 0.9572158365261814 0.008294930875576038 0.0140485312899106
2 0.5067588325652842 0.5919540229885057 0.01566820276497696 0.02681992337164751
2 0.5245775729646698 0.5893997445721584 0.007680491551459293 0.0140485312899106
2 0.5258064516129032 0.6155810983397191 0.0162826420890937 0.02554278416347382
2 0.4261136712749616 0.6060025542784163 0.010445468509984639 0.016602809706257982
2 0.1978494623655914 0.8397190293742018 0.0030721966205837174 0.02681992337164751
2 0.20414746543778803 0.8397190293742018 0.003379416282642089 0.02937420178799489
2 0.20783410138248848 0.8384418901660281 0.0027649769585253456 0.034482758620689655
2 0.21228878648233487 0.8416347381864623 0.003686635944700461 0.0280970625798212
2 0.21996927803379415 0.8422733077905492 0.0030721966205837174 0.02937420178799489
2 0.22795698924731184 0.8480204342273308 0.004301075268817204 0.033205619412515965
2 0.2708141321044547 0.8544061302681992 0.003379416282642089 0.03065134099616858
2 0.27557603686635945 0.8486590038314177 0.0030721966205837174 0.02937420178799489
2 0.27880184331797236 0.8492975734355045 0.003379416282642089 0.03065134099616858
2 0.28294930875576035 0.8499361430395913 0.0030721966205837174 0.02937420178799489
2 0.2910906298003072 0.8499361430395913 0.0039938556067588326 0.031928480204342274
2 0.3013824884792627 0.8486590038314177 0.004301075268817204 0.034482758620689655
2 0.3170506912442396 0.851213282247765 0.003686635944700461 0.037037037037037035
2 0.3204301075268817 0.8537675606641124 0.0030721966205837174 0.02937420178799489
2 0.3245775729646697 0.8588761174968071 0.003379416282642089 0.034482758620689655
2 0.38003072196620585 0.879948914431673 0.008602150537634409 0.020434227330779056
2 0.3763440860215054 0.8544061302681992 0.008602150537634409 0.01532567049808429
2 0.3890937019969278 0.8684546615581098 0.0039938556067588326 0.0280970625798212
2 0.39477726574500765 0.8499361430395913 0.006144393241167435 0.08812260536398467
2 0.4021505376344086 0.8473818646232439 0.006144393241167435 0.08301404853128991
0 0.40691244239631336 0.8441890166028098 0.034715821812596005 0.09450830140485313
2 0.4098310291858679 0.8569604086845466 0.006758832565284178 0.08684546615581099
2 0.41797235023041474 0.8582375478927203 0.00706605222734255 0.0842911877394636
2 0.4238095238095238 0.7931034482758621 0.011981566820276499 0.017879948914431672
2 0.42442396313364056 0.7694763729246488 0.011367127496159755 0.019157088122605363
2 0.42442396313364056 0.743933588761175 0.011367127496159755 0.019157088122605363
2 0.4254992319508449 0.7203065134099617 0.008602150537634409 0.01532567049808429
2 0.4254992319508449 0.698595146871009 0.009216589861751152 0.01277139208173691
2 0.425652841781874 0.6519795657726692 0.00706605222734255 0.011494252873563218
2 0.19447004608294932 0.8652618135376756 0.007987711213517665 0.0140485312899106
2 0.19431643625192013 0.8378033205619413 0.003379416282642089 0.0280970625798212
2 0.18678955453149002 0.8358876117496807 0.003686635944700461 0.031928480204342274
0 0.20184331797235022 0.8180076628352491 0.05468509984639017 0.0983397190293742
0 0.2990783410138249 0.8250319284802043 0.054377880184331796 0.10472541507024266
0 0.4250384024577573 0.565772669220945 0.018740399385560675 0.45977011494252873
0 0.4631336405529954 0.598978288633461 0.03533026113671275 0.6002554278416348
0 0.514900153609831 0.6143039591315453 0.035637480798771125 0.5849297573435505
0 0.5662058371735791 0.632183908045977 0.03686635944700461 0.5721583652618135
0 0.6155145929339477 0.6104725415070242 0.02119815668202765 0.4776500638569604
0 0.6262672811059908 0.8876117496807152 0.04516129032258064 0.09195402298850575
0 0.723195084485407 0.879948914431673 0.0282642089093702 0.13793103448275862
0 0.7683563748079877 0.8971902937420179 0.0282642089093702 0.12643678160919541
0 0.8141321044546851 0.909323116219668 0.028878648233486945 0.13793103448275862
0 0.8996927803379416 0.9355044699872286 0.026113671274961597 0.0983397190293742
0 0.9447004608294931 0.9393358876117497 0.025806451612903226 0.07535121328224777
2 0.1824884792626728 0.8339719029374202 0.0030721966205837174 0.033205619412515965
2 0.08218125960061444 0.8192848020434227 0.0039938556067588326 0.034482758620689655
2 0.0935483870967742 0.8212005108556832 0.0039938556067588326 0.035759897828863345
2 0.09800307219662058 0.8237547892720306 0.003686635944700461 0.03065134099616858
2 0.10153609831029185 0.8250319284802043 0.0027649769585253456 0.0280970625798212
2 0.10814132104454685 0.8218390804597702 0.0030721966205837174 0.034482758620689655
2 0.11105990783410138 0.8263090676883781 0.003379416282642089 0.0280970625798212
2 0.11582181259600614 0.8256704980842912 0.0030721966205837174 0.031928480204342274
2 0.11920122887864823 0.8275862068965517 0.0030721966205837174 0.0280970625798212
2 0.12350230414746544 0.8243933588761175 0.0030721966205837174 0.037037037037037035
2 0.12734254992319508 0.8269476372924649 0.003379416282642089 0.031928480204342274
2 0.13164362519201228 0.8390804597701149 0.003379416282642089 0.035759897828863345
2 0.17403993855606759 0.8409961685823755 0.004608294930875576 0.034482758620689655
2 0.17895545314900155 0.8358876117496807 0.003379416282642089 0.02937420178799489
2 0.42672811059907834 0.6302681992337165 0.012903225806451613 0.024265644955300127
2 0.42657450076804915 0.5842911877394636 0.011981566820276499 0.019157088122605363
2 0.5067588325652842 0.6194125159642401 0.015053763440860216 0.022988505747126436
2 0.4259600614439324 0.5568326947637292 0.007680491551459293 0.01277139208173691
2 0.45606758832565286 0.6832694763729247 0.011367127496159755 0.017879948914431672
2 0.47419354838709676 0.7158365261813537 0.01566820276497696 0.021711366538952746
2 0.4559139784946237 0.710727969348659 0.012903225806451613 0.019157088122605363
2 0.4706605222734255 0.7401021711366539 0.013517665130568356 0.021711366538952746
2 0.45514592933947773 0.7381864623243933 0.012596006144393242 0.022988505747126436
2 0.45483870967741935 0.7618135376756067 0.013824884792626729 0.024265644955300127
2 0.4715821812596006 0.7905491698595147 0.016589861751152075 0.02554278416347382
2 0.4539170506912442 0.789272030651341 0.013824884792626729 0.020434227330779056
2 0.4720430107526882 0.8173690932311622 0.015053763440860216 0.020434227330779056
2 0.4534562211981567 0.8128991060025543 0.01228878648233487 0.019157088122605363
2 0.45268817204301076 0.8697318007662835 0.0052227342549923195 0.06896551724137931
2 0.4594470046082949 0.8710089399744572 0.005837173579109063 0.06641123882503193
2 0.4662058371735791 0.8729246487867177 0.005837173579109063 0.07279693486590039
2 0.4728110599078341 0.876117496807152 0.004301075268817204 0.05363984674329502
2 0.5038402457757296 0.8601532567049809 0.006144393241167435 0.08812260536398467
2 0.5116743471582181 0.8607918263090677 0.00706605222734255 0.10472541507024266
2 0.5204301075268817 0.8588761174968071 0.007373271889400922 0.09067688378033206
2 0.5231950844854071 0.7950191570881227 0.015360983102918587 0.02681992337164751
2 0.5225806451612903 0.7675606641123882 0.014746543778801843 0.02554278416347382
2 0.5235023041474655 0.7401021711366539 0.0141321044546851 0.024265644955300127
2 0.523963133640553 0.7151979565772669 0.014439324116743472 0.020434227330779056
2 0.5044546850998464 0.7905491698595147 0.014746543778801843 0.022988505747126436
2 0.5049155145929339 0.7605363984674329 0.014439324116743472 0.024265644955300127
2 0.5044546850998464 0.731162196679438 0.015360983102918587 0.021711366538952746
2 0.5053763440860215 0.7037037037037037 0.016589861751152075 0.02554278416347382
2 0.5043010752688172 0.6743295019157088 0.013824884792626729 0.02554278416347382
2 0.5224270353302611 0.665389527458493 0.013210445468509985 0.020434227330779056
2 0.5061443932411674 0.6481481481481481 0.01566820276497696 0.024265644955300127
2 0.5231950844854071 0.640485312899106 0.0141321044546851 0.024265644955300127
2 0.4565284178187404 0.6577266922094508 0.011674347158218126 0.020434227330779056
2 0.47127496159754223 0.6647509578544061 0.01228878648233487 0.019157088122605363
2 0.4552995391705069 0.6309067688378033 0.01228878648233487 0.022988505747126436
2 0.4734254992319508 0.36717752234993617 0.01228878648233487 0.021711366538952746
2 0.4268817204301075 0.5370370370370371 0.008909370199692781 0.016602809706257982
2 0.4273425499231951 0.5127713920817369 0.011059907834101382 0.019157088122605363
2 0.42657450076804915 0.48659003831417624 0.008294930875576038 0.01532567049808429
2 0.42672811059907834 0.46360153256704983 0.006758832565284178 0.01532567049808429
2 0.4270353302611367 0.4425287356321839 0.011059907834101382 0.016602809706257982
2 0.42811059907834104 0.42081736909323114 0.013824884792626729 0.021711366538952746
2 0.4274961597542243 0.39527458492975737 0.008909370199692781 0.016602809706257982
2 0.4282642089093702 0.35185185185185186 0.008602150537634409 0.016602809706257982
2 0.4311827956989247 0.3326947637292465 0.00706605222734255 0.0140485312899106
2 0.47634408602150535 0.29310344827586204 0.01566820276497696 0.02681992337164751
2 0.45837173579109064 0.29246487867177523 0.014746543778801843 0.022988505747126436
2 0.4748079877112135 0.34355044699872284 0.013210445468509985 0.017879948914431672
2 0.45606758832565286 0.34163473818646234 0.015053763440860216 0.02681992337164751
2 0.45821812596006145 0.367816091954023 0.013824884792626729 0.02554278416347382
2 0.47250384024577574 0.640485312899106 0.014746543778801843 0.021711366538952746
2 0.47357910906298 0.39272030651340994 0.012596006144393242 0.024265644955300127
2 0.45852534562211983 0.39655172413793105 0.011981566820276499 0.021711366538952746
2 0.4559139784946237 0.42017879948914433 0.014746543778801843 0.017879948914431672
2 0.4740399385560676 0.4425287356321839 0.0141321044546851 0.019157088122605363
2 0.4738863287250384 0.46871008939974457 0.014439324116743472 0.022988505747126436
2 0.4737327188940092 0.49233716475095785 0.0141321044546851 0.021711366538952746
2 0.4576036866359447 0.4987228607918263 0.012596006144393242 0.021711366538952746
2 0.45622119815668205 0.5255427841634738 0.0141321044546851 0.024265644955300127
2 0.4729646697388633 0.5683269476372924 0.013824884792626729 0.017879948914431672
2 0.45683563748079875 0.5523627075351213 0.012903225806451613 0.021711366538952746
2 0.4572964669738863 0.5798212005108557 0.010138248847926268 0.01532567049808429
2 0.471889400921659 0.5900383141762452 0.013517665130568356 0.020434227330779056
2 0.4559139784946237 0.6040868454661558 0.012903225806451613 0.022988505747126436
2 0.7159754224270354 0.8212005108556832 0.009523809523809525 0.017879948914431672
2 0.7172043010752688 0.8403575989782887 0.009523809523809525 0.01532567049808429
2 0.7153609831029186 0.867816091954023 0.013824884792626729 0.024265644955300127
2 0.1554531490015361 0.9821200510855683 0.008602150537634409 0.017879948914431672
2 0.3089093701996928 0.8480204342273308 0.0039938556067588326 0.033205619412515965
2 0.3119815668202765 0.8518518518518519 0.003379416282642089 0.0280970625798212
2 0.666973886328725 0.8671775223499362 0.009216589861751152 0.017879948914431672
2 0.6757296466973887 0.8716475095785441 0.005837173579109063 0.016602809706257982
2 0.8052227342549924 0.888250319284802 0.006758832565284178 0.016602809706257982
2 0.42780337941628266 0.3735632183908046 0.010752688172043012 0.016602809706257982
2 0.5064516129032258 0.31800766283524906 0.00706605222734255 0.017879948914431672
2 0.6294930875576037 0.901021711366539 0.0030721966205837174 0.03959131545338442
2 0.7588325652841782 0.9508301404853129 0.007987711213517665 0.016602809706257982
2 0.8227342549923196 0.89272030651341 0.007373271889400922 0.01532567049808429
2 0.886021505376344 0.9789272030651341 0.004301075268817204 0.02681992337164751
2 0.7147465437788019 0.89272030651341 0.014439324116743472 0.022988505747126436
2 0.7161290322580646 0.9176245210727969 0.01228878648233487 0.021711366538952746
0 0.1055299539170507 0.79757343550447 0.05560675883256529 0.10855683269476372