2 0.4413218035824583 0.7584310850439883 0.01173563928350834 0.03592375366568915
2 0.3193329215565164 0.749633431085044 0.013588634959851761 0.047653958944281524
2 0.33600988264360715 0.7734604105571847 0.021000617665225447 0.010263929618768328
2 0.33137739345274864 0.7426686217008798 0.008029647930821495 0.020527859237536656
2 0.3471278567016677 0.7445014662756598 0.013588634959851761 0.041788856304985335
2 0.3585546633724521 0.751466275659824 0.010500308832612723 0.030791788856304986
2 0.37461395923409513 0.7518328445747801 0.00926497838171711 0.025659824046920823
2 0.3866584311303274 0.75 0.012353304508956145 0.036656891495601175
2 0.40179122915379867 0.751099706744868 0.010500308832612723 0.0344574780058651
2 0.42896849907350215 0.7540322580645161 0.00926497838171711 0.028592375366568914
2 0.4851760345892526 0.7041788856304986 0.024088943792464484 0.032991202346041054
2 0.2625077208153181 0.7338709677419355 0.011117974058060531 0.030791788856304986
2 0.49876466954910437 0.7155425219941349 0.024088943792464484 0.03225806451612903
2 0.5108091414453366 0.7302052785923754 0.021000617665225447 0.02932551319648094
2 0.5210006176652254 0.7357038123167156 0.02038295243977764 0.028592375366568914
2 0.5071031500926498 0.6869501466275659 0.033353922174181594 0.03519061583577713
2 0.551266213712168 0.6755865102639296 0.016676961087090797 0.009530791788856305
2 0.5398394070413836 0.6667888563049853 0.017294626312538603 0.009530791788856305
2 0.5293390982087709 0.657991202346041 0.014823965410747375 0.008064516129032258
2 0.5176034589252625 0.6458944281524927 0.017294626312538603 0.010263929618768328
2 0.5617665225447808 0.6627565982404692 0.01173563928350834 0.020527859237536656
2 0.27393452748610253 0.7445014662756598 0.016676961087090797 0.0373900293255132
2 0.2526250772081532 0.7620967741935484 0.017294626312538603 0.009530791788856305
2 0.5268684373069796 0.6323313782991202 0.0074119827053736875 0.015395894428152493
2 0.4280420012353304 0.7800586510263929 0.014823965410747375 0.011730205278592375
2 0.6136504014823966 0.9879032258064516 0.00926497838171711 0.018328445747800588
2 0.3841877702285361 0.9816715542521994 0.009882643607164917 0.02346041055718475
2 0.9088943792464484 0.3486070381231672 0.016676961087090797 0.02126099706744868
2 0.7760963557751699 0.4079912023460411 0.015441630636195183 0.015395894428152493
2 0.5901791229153799 0.5091642228739003 0.010500308832612723 0.03152492668621701
2 0.07875231624459543 0.8720674486803519 0.016676961087090797 0.015395894428152493
2 0.20197652872143299 0.7554985337243402 0.017294626312538603 0.012463343108504398
2 0.40055589870290303 0.7771260997067448 0.01173563928350834 0.008797653958944282
2 0.24212476837554045 0.7309384164222874 0.011117974058060531 0.03225806451612903
0 0.3795552810376776 0.7752932551319648 0.11550339715873996 0.0872434017595308
0 0.20630018529956765 0.7591642228739003 0.13094502779493514 0.09604105571847507
2 0.14021000617665225 0.7280058651026393 0.012353304508956145 0.036656891495601175
2 0.15441630636195183 0.7203079178885631 0.013588634959851761 0.038856304985337244
2 0.17356392835083384 0.718475073313783 0.014823965410747375 0.04398826979472141
2 0.1704756022235948 0.7536656891495601 0.02470660901791229 0.013196480938416423
2 0.19209388511426806 0.7313049853372434 0.011117974058060531 0.028592375366568914
2 0.20290302655960468 0.7309384164222874 0.008029647930821495 0.017595307917888565
2 0.2118591723285979 0.7316715542521994 0.0074119827053736875 0.01906158357771261
2 0.5494132180358245 0.6488269794721407 0.008029647930821495 0.01906158357771261
2 0.5389129092032119 0.6418621700879765 0.00926497838171711 0.018328445747800588
2 0.8431130327362569 0.39332844574780057 0.017294626312538603 0.015395894428152493
2 0.9715873996294009 0.31744868035190615 0.014823965410747375 0.04252199413489736
2 0.8375540457072267 0.34274193548387094 0.02470660901791229 0.024193548387096774
2 0.8597899938233478 0.33651026392961875 0.021000617665225447 0.03225806451612903
2 0.8403335392217418 0.36107038123167157 0.0253242742433601 0.024193548387096774
2 0.8628783199505868 0.3555718475073314 0.01852995676343422 0.026392961876832845
2 0.8424953675108091 0.3782991202346041 0.027177269919703522 0.026392961876832845
2 0.8872760963557752 0.38929618768328444 0.014206300185299567 0.008797653958944282
2 0.9076590487955528 0.3218475073313783 0.010500308832612723 0.03225806451612903
2 0.9067325509573811 0.3629032258064516 0.025941939468807906 0.02785923753665689
2 0.9555281037677579 0.32441348973607037 0.013588634959851761 0.04032258064516129
0 0.9651019147621989 0.34274193548387094 0.014206300185299567 0.07697947214076246
2 0.7906114885731933 0.3848973607038123 0.017294626312538603 0.030791788856304986
0 0.9138357010500309 0.3467741935483871 0.03644224830142063 0.0747800586510264
0 0.8502161828289068 0.36033724340175954 0.05003088326127239 0.08284457478005865
0 0.7828906732550958 0.39002932551319647 0.05991352686843731 0.08504398826979472
0 0.7161828289067326 0.4281524926686217 0.06856084002470661 0.09530791788856305
0 0.6578134651019147 0.4846041055718475 0.06794317479925881 0.08797653958944282
0 0.6084002470660902 0.5461876832844574 0.07041383570105003 0.08211143695014662
0 0.5694873378628783 0.6070381231671554 0.06917850525015441 0.07624633431085044
0 0.5404570722668314 0.655425219941349 0.06917850525015441 0.0718475073313783
0 0.5043236565781346 0.717375366568915 0.07473749227918468 0.07991202346041056
2 0.8360098826436072 0.3284457478005865 0.019147621988882025 0.020527859237536656
2 0.7844348363187152 0.3684017595307918 0.01605929586164299 0.030058651026392963
2 0.5111179740580605 0.6282991202346041 0.02038295243977764 0.02932551319648094
2 0.6482396541074738 0.4901026392961877 0.027794935145151328 0.012463343108504398
2 0.5466337245213094 0.6022727272727273 0.017294626312538603 0.012463343108504398
2 0.6084002470660902 0.5260263929618768 0.009882643607164917 0.030058651026392963
2 0.5920321185917233 0.5480205278592375 0.024088943792464484 0.010997067448680353
2 0.602532427424336 0.5615835777126099 0.030265596046942556 0.013196480938416423
2 0.6182828906732551 0.5795454545454546 0.025941939468807906 0.012463343108504398
2 0.6272390364422483 0.5498533724340176 0.010500308832612723 0.026392961876832845
2 0.6371216800494132 0.4747067448680352 0.024088943792464484 0.012463343108504398
2 0.6556516368128474 0.4574780058651026 0.00926497838171711 0.024926686217008796
2 0.6661519456454602 0.4706744868035191 0.010500308832612723 0.026392961876832845
2 0.6772699197035207 0.4930351906158358 0.008029647930821495 0.019794721407624633
2 0.7773316862260655 0.35410557184750735 0.014206300185299567 0.02932551319648094
2 0.6961087090796788 0.40652492668621704 0.022235948116121063 0.032991202346041054
2 0.7109326744904262 0.39552785923753664 0.011117974058060531 0.03152492668621701
2 0.7229771463866584 0.41055718475073316 0.017912291537986413 0.03812316715542522
2 0.7075355157504633 0.4336510263929619 0.027794935145151328 0.02126099706744868
2 0.7137121680049413 0.4508797653958944 0.03150092649783817 0.021994134897360705
2 0.8282890673255096 0.40762463343108507 0.014823965410747375 0.011730205278592375
2 0.7708462013588635 0.3944281524926686 0.02347127856701668 0.01906158357771261
2 0.7659048795552811 0.3775659824046921 0.021000617665225447 0.016129032258064516
2 0.7621988882025942 0.3621700879765396 0.022235948116121063 0.016129032258064516
2 0.1621371216800494 0.7324046920821115 0.005558987029030266 0.010263929618768328
2 0.22328597899938232 0.7360703812316716 0.008029647930821495 0.016129032258064516
2 0.18190240889437925 0.7313049853372434 0.008029647930821495 0.013929618768328446
2 0.8662754786905498 0.3782991202346041 0.010500308832612723 0.01466275659824047
2 0.5571340333539222 0.6836510263929618 0.014823965410747375 0.010997067448680353
2 0.06485484867201977 0.8966275659824047 0.01852995676343422 0.03225806451612903
2 0.7427424336009882 0.44904692082111436 0.008029647930821495 0.018328445747800588
2 0.9258801729462631 0.3680351906158358 0.014823965410747375 0.020527859237536656
2 0.9255713403335393 0.3486070381231672 0.014206300185299567 0.019794721407624633
2 0.8709079678814082 0.3852639296187683 0.013588634959851761 0.018328445747800588
2 0.8545398394070414 0.32111436950146627 0.017912291537986413 0.02346041055718475
2 0.23193329215565164 0.7382697947214076 0.005558987029030266 0.010263929618768328
2 0.7977146386658431 0.39919354838709675 0.016676961087090797 0.03152492668621701
2 0.7100061766522545 0.4629765395894428 0.014206300185299567 0.012463343108504398
2 0.6871525633106856 0.4974340175953079 0.00926497838171711 0.015395894428152493
2 0.6340333539221742 0.4629765395894428 0.015441630636195183 0.009530791788856305
2 0.6432983323038913 0.4541788856304985 0.01173563928350834 0.018328445747800588
2 0.653798641136504 0.5392228739002932 0.012970969734403953 0.013929618768328446
2 0.551575046324892 0.7005131964809385 0.011117974058060531 0.013929618768328446
2 0.532118591723286 0.7067448680351907 0.0067943174799258805 0.016129032258064516
2 0.2526250772081532 0.7371700879765396 0.0074119827053736875 0.01686217008797654
0 0.08801729462631254 0.905791788856305 0.06609017912291539 0.06818181818181818