2 0.08649789029535865 0.2540983606557377 0.034358047016274866 0.030965391621129327
2 0.11332127787823991 0.5951730418943534 0.028933092224231464 0.05737704918032787
2 0.10066305003013863 0.5774134790528234 0.038577456298975285 0.058287795992714025
2 0.08468957203134418 0.563752276867031 0.0162748643761302 0.023679417122040074
2 0.07745629897528632 0.5450819672131147 0.0379746835443038 0.05555555555555555
2 0.051537070524412296 0.4977231329690346 0.013863773357444244 0.01366120218579235
2 0.06901748040988548 0.5191256830601093 0.045207956600361664 0.04371584699453552
2 0.04972875226039783 0.4599271402550091 0.02230259192284509 0.012750455373406194
2 0.054249547920433995 0.4175774134790528 0.0433996383363472 0.020947176684881604
2 0.060880048221820374 0.3561020036429873 0.014466546112115732 0.014571948998178506
2 0.09342977697408077 0.1848816029143898 0.016877637130801686 0.012750455373406194
2 0.19379144062688367 0.6470856102003643 0.009041591320072333 0.031876138433515486
2 0.10397830018083183 0.15072859744990894 0.0162748643761302 0.015482695810564663
2 0.11573236889692586 0.09289617486338798 0.03375527426160337 0.029143897996357013
2 0.11874623267028331 0.04918032786885246 0.02531645569620253 0.0273224043715847
2 0.1268836648583484 0.01639344262295082 0.019891500904159132 0.0273224043715847
0 0.16787221217600964 0.1894353369763206 0.029535864978902954 0.061930783242258654
0 0.22031344183242918 0.2563752276867031 0.04279686558167571 0.06466302367941712
0 0.24713682941531043 0.29143897996357016 0.04822182037371911 0.08196721311475409
0 0.2857142857142857 0.32604735883424407 0.05304400241109102 0.07832422586520947
0 0.3176612417118746 0.3629326047358834 0.04219409282700422 0.06466302367941712
2 0.1702833031946956 0.6316029143897997 0.02109704641350211 0.05555555555555555
2 0.21820373719107897 0.6411657559198543 0.008438818565400843 0.025500910746812388
0 0.38276069921639544 0.42896174863387976 0.039783001808318265 0.06375227686703097
2 0.718203737191079 0.7404371584699454 0.013863773357444244 0.052823315118397086
2 0.6389391199517782 0.6338797814207651 0.03496081977094635 0.020036429872495445
2 0.9596142254370102 0.7709471766848816 0.016877637130801686 0.06284153005464481
2 0.9333936106088004 0.7855191256830601 0.006630500301386378 0.01912568306010929
2 0.9219409282700421 0.7704918032786885 0.013863773357444244 0.04918032786885246
2 0.9119951778179626 0.7641165755919854 0.006027727546714889 0.02185792349726776
2 0.8948161543098252 0.7682149362477231 0.011452682338758288 0.0482695810564663
2 0.8526220614828209 0.7591074681238615 0.012658227848101266 0.044626593806921674
2 0.7887281494876431 0.7495446265938069 0.013863773357444244 0.04371584699453552
2 0.7549728752260397 0.7509107468123861 0.009041591320072333 0.02459016393442623
2 0.6711874623267028 0.73816029143898 0.009041591320072333 0.028233151183970857
2 0.20855937311633513 0.6584699453551912 0.007233273056057866 0.020036429872495445
2 0.5804701627486437 0.7099271402550091 0.014466546112115732 0.05009107468123861
2 0.4590114526823388 0.686247723132969 0.006630500301386378 0.022768670309653915
2 0.4077757685352622 0.7081056466302368 0.015069318866787222 0.011839708561020037
2 0.4062688366485835 0.6789617486338798 0.009644364074743821 0.033697632058287796
2 0.3589511754068716 0.6698542805100182 0.006630500301386378 0.022768670309653915
2 0.3465943339361061 0.6643897996357013 0.008438818565400843 0.02459016393442623
2 0.2721518987341772 0.6657559198542805 0.009041591320072333 0.03460837887067395
2 0.2628089210367691 0.6552823315118397 0.007233273056057866 0.022768670309653915
2 0.23025919228450875 0.650728597449909 0.009644364074743821 0.040983606557377046
0 0.3474984930681133 0.3907103825136612 0.0379746835443038 0.061930783242258654
0 0.4089813140446052 0.4512750455373406 0.04038577456298975 0.06284153005464481
0 0.09252561784207354 0.5865209471766849 0.03676913803496082 0.06375227686703097
0 0.36347197106690776 0.6830601092896175 0.013261000602772756 0.051001821493624776
0 0.3351416515973478 0.6775956284153005 0.027727546714888487 0.0546448087431694
0 0.29686558167570826 0.6698542805100182 0.012658227848101266 0.0482695810564663
0 0.2619047619047619 0.6671220400728597 0.03074141048824593 0.05373406193078324
0 0.23086196503918022 0.6602914389799636 0.027727546714888487 0.0546448087431694
0 0.1946955997588909 0.6502732240437158 0.027727546714888487 0.04553734061930783
0 0.16696805304400242 0.6416211293260473 0.03375527426160337 0.05555555555555555
0 0.13743218806509946 0.6252276867030966 0.028933092224231464 0.05373406193078324
0 0.11332127787823991 0.6129326047358834 0.03375527426160337 0.058287795992714025
0 0.05244122965641953 0.4959016393442623 0.03375527426160337 0.042805100182149364
0 0.44002411091018684 0.7017304189435337 0.0108499095840868 0.042805100182149364
0 0.04701627486437613 0.4599271402550091 0.030138637733574444 0.03278688524590164
0 0.04671488848704038 0.38524590163934425 0.03676913803496082 0.04189435336976321
0 0.05485232067510549 0.34790528233151186 0.040988547317661245 0.051001821493624776
0 0.06630500301386377 0.30601092896174864 0.03134418324291742 0.023679417122040074
0 0.07263411693791441 0.28005464480874315 0.033152501506931886 0.026411657559198543
0 0.0807715491259795 0.24726775956284153 0.04219409282700422 0.05737704918032787
0 0.09463532248342375 0.18806921675774135 0.037371910789632305 0.0482695810564663
0 0.10337552742616034 0.14845173041894352 0.0379746835443038 0.04553734061930783
0 0.11392405063291139 0.09335154826958106 0.03496081977094635 0.044626593806921674
0 0.4008438818565401 0.6903460837887068 0.0216998191681736 0.0546448087431694
0 0.4680530440024111 0.697632058287796 0.027124773960216998 0.051001821493624776
0 0.4463532248342375 0.49271402550091076 0.0379746835443038 0.060109289617486336
0 0.8936106088004823 0.7714025500910747 0.02591922845087402 0.051001821493624776
0 0.47257383966244726 0.5191256830601093 0.040988547317661245 0.061930783242258654
0 0.5156720916214587 0.5673952641165756 0.03676913803496082 0.060109289617486336
0 0.5418927064496685 0.5897085610200364 0.037371910789632305 0.05919854280510018
0 0.5837854128993369 0.6115664845173042 0.047619047619047616 0.05737704918032787
0 0.6359252561784208 0.6156648451730419 0.039783001808318265 0.023679417122040074
0 0.6790235081374322 0.6179417122040073 0.031946955997588906 0.02459016393442623
0 0.9891500904159132 0.7873406193078324 0.008438818565400843 0.04644808743169399
0 0.956298975286317 0.7841530054644809 0.028330319469559977 0.052823315118397086
0 0.9213381555153707 0.7750455373406193 0.02471368294153104 0.04735883424408015
0 0.8502109704641351 0.7650273224043715 0.028330319469559977 0.051001821493624776
0 0.5018083182640145 0.7067395264116576 0.027124773960216998 0.052823315118397086
0 0.8170584689572031 0.7604735883424408 0.027124773960216998 0.04918032786885246
0 0.7851115129596142 0.7527322404371585 0.033152501506931886 0.05191256830601093
0 0.7525617842073539 0.7472677595628415 0.029535864978902954 0.05191256830601093
0 0.7197106690777577 0.7427140255009107 0.02531645569620253 0.05009107468123861
0 0.6832429174201327 0.7372495446265938 0.023508137432188065 0.05009107468123861
0 0.6416515973477999 0.7290528233151184 0.027124773960216998 0.05009107468123861
0 0.6133212778782399 0.7249544626593807 0.02109704641350211 0.051001821493624776
0 0.5786618444846293 0.7190346083788707 0.02531645569620253 0.05555555555555555
0 0.543701024713683 0.7117486338797814 0.02531645569620253 0.05191256830601093
2 0.5861965039180229 0.6229508196721312 0.034358047016274866 0.020036429872495445
2 0.568414707655214 0.5979052823315119 0.013261000602772756 0.033697632058287796
2 0.5406871609403255 0.5910746812386156 0.020494273658830622 0.04189435336976321
2 0.32127787823990356 0.6771402550091075 0.009644364074743821 0.020947176684881604
2 0.1844484629294756 0.42349726775956287 0.0216998191681736 0.023679417122040074
2 0.5066305003013863 0.703551912568306 0.007836045810729355 0.020947176684881604
2 0.4349005424954792 0.6939890710382514 0.0054249547920434 0.02185792349726776
2 0.5473176612417119 0.7040072859744991 0.007233273056057866 0.023679417122040074
2 0.498794454490657 0.5632969034608379 0.027124773960216998 0.05373406193078324
2 0.11543098251959011 0.10974499089253188 0.018685955394816153 0.01366120218579235
2 0.7296564195298373 0.73224043715847 0.007836045810729355 0.020036429872495445
2 0.2163954189270645 0.6648451730418944 0.006027727546714889 0.018214936247723135
2 0.0433996383363472 0.44626593806921677 0.012055455093429777 0.01092896174863388
2 0.05304400241109102 0.43579234972677594 0.016877637130801686 0.01366120218579235
2 0.07685352622061482 0.2918943533697632 0.015069318866787222 0.015482695810564663
2 0.04430379746835443 0.3888888888888889 0.0162748643761302 0.012750455373406194
2 0.161543098251959 0.2053734061930783 0.007233273056057866 0.017304189435336976
2 0.5904159132007233 0.7112932604735883 0.009041591320072333 0.02185792349726776
2 0.20162748643761302 0.22131147540983606 0.012658227848101266 0.02185792349726776
2 0.18957203134418324 0.24681238615664844 0.018685955394816153 0.030965391621129327
2 0.10669077757685352 0.06147540983606557 0.014466546112115732 0.015482695810564663
2 0.5828812537673297 0.5960837887067395 0.013261000602772756 0.015482695810564663
2 0.6784207353827607 0.6306921675774135 0.018685955394816153 0.01366120218579235
2 0.8414707655213984 0.7504553734061931 0.008438818565400843 0.02185792349726776
2 0.8167570825798673 0.7536429872495446 0.009644364074743821 0.026411657559198543
2 0.79957805907173 0.7436247723132969 0.006630500301386378 0.015482695810564663
2 0.7380952380952381 0.7495446265938069 0.007836045810729355 0.02185792349726776
2 0.18233875828812537 0.22814207650273224 0.03918022905364678 0.06284153005464481
2 0.22784810126582278 0.2786885245901639 0.01567209162145871 0.023679417122040074
2 0.21338155515370705 0.2604735883424408 0.030138637733574444 0.04735883424408015
2 0.24834237492465341 0.29280510018214934 0.02531645569620253 0.044626593806921674
2 0.2796865581675708 0.331511839708561 0.02652200120554551 0.04735883424408015
2 0.3857745629897529 0.4503642987249545 0.012055455093429777 0.020947176684881604
2 0.32610006027727545 0.38342440801457195 0.013261000602772756 0.023679417122040074
2 0.4424352019288728 0.5036429872495446 0.013261000602772756 0.02185792349726776
2 0.4692585895117541 0.5305100182149363 0.028330319469559977 0.05191256830601093
0 0.11784207353827607 0.0482695810564663 0.044002411091018684 0.052823315118397086