2 0.30012224938875304 0.8882803943044907 0.0550122249388753 0.01642935377875137
2 0.4902200488997555 0.3546002190580504 0.05867970660146699 0.013691128148959474
0 0.839242053789731 0.702354874041621 0.2041564792176039 0.11993428258488499
0 0.7328850855745721 0.842552026286966 0.24327628361858192 0.1538882803943045
2 0.2610024449877751 0.018346111719605696 0.17237163814180928 0.03450164293537788
2 0.4077017114914425 0.21221248630887185 0.05990220048899755 0.02135815991237678
2 0.4290953545232274 0.23877327491785322 0.05867970660146699 0.017524644030668127
2 0.519559902200489 0.32913472070098576 0.11491442542787286 0.023001095290251915
2 0.49205378973105135 0.31051478641840086 0.05990220048899755 0.013143483023001095
2 0.5488997555012225 0.4011500547645126 0.15892420537897312 0.029025191675794086
2 0.5488997555012225 0.9556407447973713 0.04156479217603912 0.02628696604600219
2 0.523838630806846 0.45043811610076673 0.04767726161369193 0.008214676889375685
2 0.5507334963325183 0.5221796276013143 0.05745721271393643 0.0728368017524644
2 0.5452322738386308 0.5826944140197152 0.05867970660146699 0.013143483023001095
2 0.4938875305623472 0.6237677984665937 0.08312958435207823 0.0208105147864184
2 0.45843520782396086 0.6522453450164294 0.061124694376528114 0.014238773274917854
2 0.28545232273838633 0.9082694414019715 0.13080684596577016 0.03778751369112815
2 0.2469437652811736 0.9238773274917853 0.07090464547677261 0.0208105147864184
0 0.9040342298288508 0.5648959474260679 0.16748166259168704 0.13088718510405256
0 0.9046454767726161 0.4244249726177437 0.1687041564792176 0.10405257393209201
0 0.8704156479217604 0.3023001095290252 0.2200488997555012 0.11171960569550932
0 0.7885085574572127 0.18729463307776562 0.2078239608801956 0.06681270536692223
0 0.38814180929095354 0.22261774370208104 0.15770171149144255 0.061883899233296825
0 0.43215158924205377 0.26998904709748084 0.16014669926650366 0.06133625410733844
0 0.4773838630806846 0.3305038335158817 0.14058679706601468 0.05312157721796276
0 0.5220048899755502 0.4033406352683461 0.14425427872860636 0.0443592552026287
0 0.5299511002444988 0.453723986856517 0.14547677261613692 0.039978094194961664
0 0.49266503667481665 0.5273822562979189 0.08801955990220049 0.04819277108433735
0 0.5073349633251834 0.5700985761226726 0.1271393643031785 0.023001095290251915
0 0.4706601466992665 0.6486856516976999 0.15892420537897312 0.059693318729463304
0 0.4407090464547677 0.6922234392113911 0.1356968215158924 0.03504928806133625
0 0.3924205378973105 0.7513691128148959 0.1491442542787286 0.054764512595837894
0 0.3429095354523227 0.8083242059145673 0.14792176039119803 0.05366922234392114
0 0.30623471882640585 0.8573384446878423 0.14792176039119803 0.05421686746987952
0 0.2701711491442543 0.9014238773274917 0.15158924205378974 0.05585980284775466
0 0.23166259168704156 0.94934282584885 0.15036674816625917 0.05640744797371303
0 0.7328850855745721 0.11500547645125958 0.20660146699266504 0.07338444687842278
2 0.2334963325183374 0.9474260679079957 0.06601466992665037 0.019715224534501644
2 0.6301955990220048 0.8548740416210295 0.05012224938875306 0.03614457831325301
2 0.6723716381418093 0.8042168674698795 0.039119804400977995 0.02573932092004381
2 0.3319070904645477 0.8094194961664841 0.05990220048899755 0.017524644030668127
2 0.3257946210268949 0.8628148959474261 0.06234718826405868 0.018072289156626505
2 0.3856968215158924 0.7497261774370209 0.06968215158924206 0.024096385542168676
2 0.6937652811735942 0.7779299014238773 0.040342298288508556 0.02683461117196057
2 0.37713936430317846 0.17579408543263966 0.08679706601466992 0.01533406352683461
2 0.3905867970660147 0.1927710843373494 0.05990220048899755 0.012048192771084338
2 0.8245721271393643 0.4184008762322015 0.03300733496332518 0.028477546549835708
2 0.8704156479217604 0.4353778751369113 0.044009779951100246 0.009857612267250822
2 0.5 0.5117743702081051 0.02444987775061125 0.022453450164293537
2 0.7524449877750611 0.7007119386637459 0.03300733496332518 0.023548740416210297
2 0.8190709046454768 0.6612814895947426 0.07823960880195599 0.024644030668127054
2 0.8074572127139364 0.593921139101862 0.04767726161369193 0.05312157721796276
2 0.8636919315403423 0.5980284775465499 0.03300733496332518 0.027382256297918947
2 0.8704156479217604 0.4608433734939759 0.11491442542787286 0.04216867469879518
2 0.8147921760391198 0.38718510405257395 0.035452322738386305 0.03066812705366922
2 0.8416870415647921 0.35870755750273825 0.05012224938875306 0.012048192771084338
2 0.8453545232273839 0.3376232201533406 0.03300733496332518 0.02573932092004381
2 0.7885085574572127 0.3315991237677985 0.05867970660146699 0.05312157721796276
2 0.7463325183374083 0.2727272727272727 0.08190709046454768 0.06681270536692223
2 0.7958435207823961 0.2675246440306681 0.03178484107579462 0.019167579408543262
2 0.6852078239608802 0.20235487404162103 0.04767726161369193 0.039978094194961664
2 0.6259168704156479 0.13362541073384446 0.08557457212713937 0.054764512595837894
0 0.3606356968215159 0.17332968236582694 0.13447432762836187 0.05750273822562979