1 0.4917100900047371 0.27410428196912323 0.14116532449076266 0.07631808913486746
1 0.7470393178588347 0.10952519662103116 0.15821885362387494 0.09554325662685698
1 0.7271435338702037 0.25662685697640547 0.14116532449076266 0.0739877658025051
1 0.736854571293226 0.33148849402854647 0.14827096162955944 0.07748325080104865
1 0.15348176219801044 0.20506845324788814 0.11463761250592136 0.06874453830468978
1 0.35362387494078634 0.5487911447713371 0.11605873993368072 0.06932711913778036
1 0.5317385125532923 0.6779784445091757 0.13879677877783042 0.0935042237110399
1 0.2245381335859782 0.7598310515584037 0.15442918048318333 0.09000873871249636
1 0.5741354808147797 0.8571220506845325 0.1241117953576504 0.06961840955432566
1 0.5684509711037423 0.9496067579376638 0.13832306963524396 0.09030002912904166
1 0.8015158692562766 0.9335857850276726 0.12979630506868783 0.07923099330032042
1 0.8024632875414496 0.8595980192251675 0.11369019422074846 0.06757937663850859
1 0.7960682141165325 0.7845907369647539 0.14637612505921363 0.07893970288377512
1 0.783041212695405 0.7101660355374309 0.1269540502131691 0.06932711913778036
1 0.3221222169587873 0.30337896883192544 0.1241117953576504 0.08360034954849986