1 0.8878588516746412 0.1357927786499215 0.04126794258373206 0.07692307692307693
1 0.7573265550239234 0.15175300889586604 0.04336124401913875 0.08058608058608059
1 0.6698564593301436 0.24411302982731553 0.05203349282296651 0.09052851909994768
1 0.7344497607655502 0.8799058084772371 0.05980861244019139 0.0999476713762428
1 0.774671052631579 0.8058608058608059 0.0451555023923445 0.07012035583464155
1 0.7887260765550239 0.674515960230246 0.04037081339712919 0.07639979068550497
1 0.7757177033492823 0.5196232339089482 0.05861244019138756 0.10465724751439037
1 0.6278409090909091 0.836996336996337 0.0583133971291866 0.07901622187336473
1 0.4505083732057416 0.7666143380429095 0.04694976076555024 0.07953950811093669
1 0.4452751196172249 0.6813186813186813 0.05382775119617225 0.08058608058608059
1 0.44482655502392343 0.5934065934065934 0.0625 0.10361067503924647
1 0.2737739234449761 0.5206698063840921 0.06309808612440192 0.10779696493982208
1 0.21217105263157895 0.5617477760334904 0.04395933014354067 0.07901622187336473
1 0.2755681818181818 0.6219256933542647 0.045753588516746414 0.08634222919937205
1 0.2888755980861244 0.7004186289900576 0.05921052631578947 0.09576138147566719
1 0.2772129186602871 0.7896389324960753 0.061004784688995214 0.10779696493982208
1 0.13815789473684212 0.9118262689691261 0.05442583732057416 0.08215593929879644
1 0.08208732057416268 0.7815279958137101 0.0583133971291866 0.10518053375196232
1 0.08358253588516747 0.7048665620094191 0.04455741626794258 0.07849293563579278
1 0.07610645933014354 0.6297749869178441 0.060705741626794256 0.10413396127681843
1 0.0826854066985646 0.5536368393511251 0.057117224880382775 0.09837781266352695
1 0.9826555023923444 0.12218733647305076 0.03409090909090909 0.058084772370486655
1 0.9146232057416268 0.47043432757718473 0.057117224880382775 0.09837781266352695
1 0.9083433014354066 0.5518053375196232 0.04455741626794258 0.0685504971219257
1 0.9286782296650717 0.6334379905808477 0.042165071770334926 0.07482993197278912
1 0.9638157894736842 0.7888540031397174 0.04126794258373206 0.0727367870225013
1 0.04889354066985646 0.2922553636839351 0.05651913875598086 0.0999476713762428