2 0.7051439069197796 0.7284880894506564 0.008369054909165136 0.013125911521633447
0 0.7457644417228005 0.7489061740398639 0.0332720963461931 0.11035488575595527
0 0.5716472749540723 0.7540106951871658 0.011226780975709328 0.10889645114244045
0 0.584915288834456 0.7613028682547399 0.006736068585425597 0.09722897423432182
0 0.5993059808124107 0.7496353913466213 0.007756685037762809 0.09528439474963539
0 0.6218616044090631 0.7826932425862907 0.006736068585425597 0.08070004861448711
0 0.6473770157174934 0.7503646086533787 0.012043274137579097 0.1006319883325231
0 0.661767707695448 0.7693242586290715 0.024903041437027963 0.11424404472532815
0 0.6818738518064911 0.7924161400097229 0.006327822004490713 0.08945065629557608
0 0.7098387426005307 0.7659212445308702 0.022249438660951214 0.08799222168206125
0 0.7908756889161054 0.7462323772484201 0.012451520718513982 0.10209042294603791
0 0.5340885895080628 0.7489061740398639 0.012043274137579097 0.11618862421001458
0 0.8246580934884671 0.7513368983957219 0.013472137170851195 0.07826932425862908
0 0.8472137170851194 0.701507049100632 0.007144315166360482 0.09236752552260574
0 0.8666054296795265 0.717549829849295 0.02184119208001633 0.1118133203694701
0 0.92018779342723 0.7372386971317453 0.01755460298020004 0.15508021390374332
2 0.06858542559706063 0.14560038891589694 0.018779342723004695 0.030627126883811376
2 0.09563176158399674 0.1912980068060282 0.012451520718513982 0.022848808945065628
2 0.12522963870177586 0.24720466699076324 0.014492753623188406 0.024793388429752067
2 0.30414370279648906 0.47131745260087504 0.015513370075525617 0.02771025765678172
0 0.549806082874056 0.723869713174526 0.014492753623188406 0.12348079727758872
0 0.5178607879159012 0.7382109868740885 0.008164931618697694 0.10938259601361205
0 0.24055929781588078 0.5 0.018983466013472138 0.07632474477394263
0 0.15370483772198407 0.3179387457462324 0.03225147989385589 0.0797277588721439
0 0.17391304347826086 0.339572192513369 0.03306797305572566 0.07632474477394263
0 0.17830169422331088 0.3889158969372873 0.032455603184323334 0.10209042294603791
0 0.08562972035109206 0.18983957219251338 0.06593182282098388 0.11132717549829849
0 0.188507858746683 0.4207583859990277 0.02878138395590937 0.0850753524550316
0 0.20034700959379464 0.45187165775401067 0.022249438660951214 0.07340787554691298
0 0.2136150234741784 0.45405930967428293 0.02959787711777914 0.09722897423432182
0 0.23076137987344356 0.47666504618376276 0.030414370279648908 0.10549343704423918
0 0.262094304960196 0.4846864365580943 0.0400081649316187 0.11764705882352941
0 0.5057154521330884 0.733835683033544 0.009185548071034905 0.13660670879922218
0 0.2667891406409471 0.5700048614487118 0.0400081649316187 0.18230432668935342
0 0.28536436007348437 0.5413223140495868 0.04858134313125127 0.16188624210014585
0 0.308940600122474 0.5588235294117647 0.039804041641151255 0.13563441905687895
0 0.3241477852622984 0.574623237724842 0.0347009593794652 0.12639766650461837
0 0.34874464176362524 0.596985901798736 0.022249438660951214 0.10209042294603791
0 0.36578893651765665 0.6519202722411278 0.02531128801796285 0.12542537676227516
0 0.3881404368238416 0.6708799222168206 0.031230863441518677 0.13417598444336412
0 0.46887119820371503 0.7360233349538162 0.015513370075525617 0.1166747690811862
2 0.31894264135537864 0.4910063198833252 0.012451520718513982 0.02236266407389402
2 0.31220657276995306 0.5405930967428294 0.010002041232904674 0.030140982012639768
2 0.3765054092671974 0.6764705882352942 0.011226780975709328 0.04618376276130287
2 0.3905899163094509 0.6395235780262518 0.005511328842620943 0.01798736023334954
2 0.5945090834864258 0.7156052503646086 0.006736068585425597 0.02236266407389402
2 0.502959787711778 0.679144385026738 0.004082465809348847 0.019445794846864366
2 0.7817922024903041 0.6052503646086533 0.007756685037762809 0.008750607681088965
2 0.39753010818534396 0.7360233349538162 0.00959379465196979 0.03403014098201264
2 0.3948765054092672 0.7032085561497327 0.005511328842620943 0.019931939718035974
2 0.38160849152888343 0.6441419543023821 0.008369054909165136 0.02333495381623724
2 0.46989181465605223 0.6920272241127856 0.005307205552153501 0.032571706368497814
2 0.4671361502347418 0.725085075352455 0.006736068585425597 0.029654837141468156
2 0.4916309450908349 0.7124453087019932 0.005103082261686058 0.03354399611084103
2 0.4989793835476628 0.7165775401069518 0.005511328842620943 0.03208556149732621
2 0.5278628291488059 0.7109868740884784 0.009797917942437232 0.042294603791929994
2 0.5370483772198408 0.7075838599902771 0.00612369871402327 0.029654837141468156
2 0.5547050418452746 0.7010209042294604 0.006736068585425597 0.03305785123966942
2 0.744131455399061 0.691541079241614 0.01653398652786283 0.020904229460379193
2 0.8444580526638089 0.6482741857073407 0.01388038375178608 0.018959649975692758
2 0.16238007756685038 0.2865824015556636 0.014492753623188406 0.03548857559552747
2 0.18350683813023067 0.32887700534759357 0.01388038375178608 0.030627126883811376
2 0.2901612573994693 0.2187651920272241 0.01653398652786283 0.018473505104521146
2 0.343335374566238 0.14098201263976665 0.007756685037762809 0.0106951871657754
2 0.3509899979587671 0.14535731648031114 0.005511328842620943 0.008750607681088965
2 0.35793018983466013 0.14705882352941177 0.006327822004490713 0.010209042294603793
2 0.3697693406817718 0.14535731648031114 0.012859767299448868 0.01652892561983471
0 0.12216778934476424 0.31064657267865825 0.049601959583588484 0.13125911521633446