2 0.08873929008567931 0.9367423064967361 0.023255813953488372 0.014609884986011812
2 0.7717258261933905 0.6007149518184645 0.01835985312117503 0.021448554553932235
0 0.8277233782129743 0.8036990985390114 0.03733170134638923 0.030152315822194593
0 0.8160954712362302 0.7371774945601492 0.038555691554467565 0.02890892135529997
0 0.8059975520195839 0.6681691016474977 0.03427172582619339 0.030774013055641904
0 0.79406364749082 0.6072427727696612 0.031211750305997554 0.01834006838669568
0 0.7876376988984088 0.5458501709667392 0.042839657282741736 0.041032017407522534
2 0.42105263157894735 0.2119987566055331 0.07343941248470012 0.032949953372707494
2 0.3160954712362301 0.252719925396332 0.047123623011015914 0.021759403170655892
2 0.2331701346389229 0.23360273546782717 0.04039167686658507 0.01771837115324837
2 0.4146266829865361 0.16770282872241218 0.06670746634026928 0.027665526888405345
2 0.6780905752753978 0.14081442337581598 0.0416156670746634 0.019272614236866645
2 0.6655446756425949 0.5010879701585328 0.015299877600979192 0.019272614236866645
2 0.6857405140758874 0.5876593099160708 0.012851897184822521 0.013988187752564501
2 0.7876376988984088 0.6765620142990364 0.01591187270501836 0.01896176562014299
2 0.06884944920440636 0.944047248989742 0.020195838433292534 0.013677339135840846
2 0.8038555691554468 0.8075847062480572 0.020195838433292534 0.021759403170655892
2 0.7402080783353733 0.9096984768417781 0.022643818849449205 0.030152315822194593
2 0.1835985312117503 0.9121852657755672 0.02937576499388005 0.020826857320484924
2 0.14626682986536108 0.9201119055020205 0.03427172582619339 0.02548958657133976
2 0.12331701346389229 0.92772769661175 0.02386780905752754 0.017096673919801058
0 0.8356793145654835 0.871774945601492 0.0397796817625459 0.027665526888405345
0 0.8445532435740514 0.9387628225054399 0.04039167686658507 0.027976375505129002
0 0.7172582619339045 0.9090767796083308 0.033047735618115054 0.027665526888405345
0 0.7071603427172583 0.8416226297792975 0.038555691554467565 0.027665526888405345
0 0.06915544675642595 0.3248368044762201 0.06242350061199511 0.034193347839602116
0 0.21848225214198286 0.30913894933167546 0.07466340269277846 0.036990985390115014
0 0.32864137086903306 0.26422132421510724 0.08812729498164015 0.041032017407522534
0 0.20226438188494492 0.23189306807584706 0.08873929008567931 0.03978862294062791
0 0.43880048959608325 0.22194591234069008 0.09179926560587515 0.040410320174075226
0 0.3219094247246022 0.18759714019272614 0.06119951040391677 0.02953061858874728
0 0.4167686658506732 0.15247124650295307 0.07343941248470012 0.03326080198943115
0 0.49571603427172584 0.11983214174696923 0.051407588739290085 0.026422132421510723
0 0.5367197062423501 0.11221635063723967 0.042839657282741736 0.020516008703761267
0 0.6839045287637698 0.12838047870686975 0.07649938800489596 0.03543674230649674
0 0.7417380660954712 0.19614547715262667 0.03916768665850673 0.028598072738576313
0 0.7454100367197063 0.2639104755983836 0.037943696450428395 0.030463164438918246
0 0.7561199510403916 0.33136462542741685 0.04100367197062423 0.0335716506061548
0 0.6257649938800489 0.3674230649673609 0.03733170134638923 0.034815045073049423
0 0.7659118727050184 0.39912962387317374 0.04100367197062423 0.027976375505129002
0 0.6373929008567931 0.43767485234690706 0.038555691554467565 0.028598072738576313
0 0.7760097919216646 0.46658377370220705 0.03427172582619339 0.02611128380478707
0 0.6456548347613219 0.5046627292508549 0.03427172582619339 0.028287224121852656
0 0.6591187270501836 0.5702517873795462 0.044063647490820076 0.0419645632576935
0 0.677172582619339 0.6395710289089214 0.038555691554467565 0.028287224121852656
0 0.6894124847001224 0.70578178427106 0.0397796817625459 0.03263910475598383
0 0.6976744186046512 0.7727696611750078 0.03182374541003672 0.027976375505129002
2 0.6988984088127295 0.6335094808828101 0.017135862913096694 0.020516008703761267
2 0.15238678090575275 0.8697544295927883 0.01835985312117503 0.011190550202051602
2 0.024173806609547124 0.912496114392291 0.022643818849449205 0.014609884986011812
2 0.18329253365973072 0.8624494870997824 0.014075887392900856 0.010879701585327946
2 0.19033047735618114 0.8615169412496114 0.01346389228886169 0.010879701585327946
2 0.6759485924112607 0.5913894933167547 0.00795593635250918 0.007149518184644078
2 0.6878824969400245 0.6447000310848616 0.008567931456548347 0.011190550202051602
2 0.5694614443084456 0.3207957724588126 0.033659730722154224 0.011812247435498913
0 0.1003671970624235 0.2639104755983836 0.06731946144430845 0.034193347839602116