2 0.4135375494071146 0.5508434864104967 0.05039525691699605 0.042642924086223055
0 0.3147233201581028 0.2176663542642924 0.16897233201581027 0.05576382380506092
0 0.35276679841897235 0.31935332708528585 0.1976284584980237 0.057638238050609185
0 0.4323122529644269 0.4374414245548266 0.1650197628458498 0.05388940955951265
0 0.4950592885375494 0.5335051546391752 0.16600790513833993 0.052014995313964384
0 0.5454545454545454 0.6234770384254921 0.18972332015810275 0.057638238050609185
0 0.6220355731225297 0.7244611059044048 0.20652173913043478 0.07872539831302718
0 0.7030632411067194 0.8474695407685099 0.11166007905138339 0.048266166822867856
0 0.7707509881422925 0.9081537019681349 0.12648221343873517 0.06279287722586692
2 0.22233201581027667 0.23008434864104968 0.05138339920948617 0.04873477038425492
2 0.27124505928853754 0.2415651358950328 0.03260869565217391 0.02577319587628866
2 0.24950592885375494 0.33341143392689787 0.05237154150197629 0.04639175257731959
2 0.35177865612648224 0.450796626054358 0.041501976284584984 0.033739456419868794
2 0.7697628458498024 0.9147141518275539 0.06521739130434782 0.03936269915651359
2 0.7336956521739131 0.926194939081537 0.05039525691699605 0.03139643861293346
0 0.2855731225296443 0.11949390815370196 0.18181818181818182 0.04592314901593252