2 0.6200473092844471 0.878153725796988 0.026611472501478415 0.018775669861138274
2 0.7850384387936132 0.7418345394093487 0.02069781194559432 0.015255231762174849
2 0.7959787108219988 0.7643262272638373 0.03311649911295092 0.024643066692743985
2 0.8116499112950917 0.8094073929200079 0.026611472501478415 0.020927048699393703
2 0.7891780011827321 0.8109720320751027 0.023063276167947958 0.01858008996675142
2 0.7628622117090479 0.8116565617054566 0.02365464222353637 0.017993350283590847
2 0.8181549379065641 0.8316057109329161 0.023063276167947958 0.017993350283590847
2 0.7968657599053814 0.835223938979073 0.026611472501478415 0.020535888910619988
2 0.7723240685984625 0.8351261490318795 0.021289178001182733 0.017993350283590847
2 0.7489651094027203 0.8353217289262663 0.0254287403903016 0.01721103070604342
2 0.7380248373743347 0.8138079405437121 0.03075103489059728 0.02112262859378056
2 0.7161442933175636 0.8149814199100333 0.027202838557066823 0.021904948171327987
2 0.7253104671791839 0.8369841580285546 0.02188054405677114 0.018188930177977704
2 0.7019515079834417 0.8381576373948758 0.02365464222353637 0.01779777038920399
2 0.6771141336487285 0.8389399569724232 0.024837374334713187 0.01975356933307256
2 0.6534594914251922 0.8400156463915509 0.028385570668243643 0.01994914922745942
2 0.6283264340626848 0.8402112262859378 0.019515079834417505 0.01447291218462742
2 0.5836782968657599 0.8424603950713867 0.02365464222353637 0.017015450811656563
2 0.5759905381431106 0.8196753373753178 0.02365464222353637 0.017993350283590847
2 0.5975753991720876 0.8184040680618032 0.026611472501478415 0.02170936827694113
2 0.6206386753400355 0.816741638959515 0.026611472501478415 0.023469587326422844
2 0.6448846836191603 0.8154703696460004 0.02424600827912478 0.020535888910619988
2 0.6679479597871082 0.8166438490123216 0.026611472501478415 0.020535888910619988
2 0.6924896510940272 0.8155681595931938 0.028385570668243643 0.020731468805006845
2 0.7628622117090479 0.742812438881283 0.021289178001182733 0.01447291218462742
2 0.735659373151981 0.7440837081947975 0.02247191011235955 0.015450811656561706
2 0.7678888231815494 0.7645218071582242 0.03015966883500887 0.021513788382554272
2 0.6215257244234181 0.7493643653432427 0.02247191011235955 0.015450811656561706
2 0.6723832052040213 0.5163309211813025 0.01655824955647546 0.012125953451985135
2 0.6883500887049083 0.5158419714453354 0.01655824955647546 0.013103852923919421
2 0.6818450620934359 0.5001955798943869 0.01655824955647546 0.01193037355759828
2 0.5801301005322295 0.7023274007432035 0.013010053222945003 0.00860551535302171
2 0.515966883500887 0.7028163504791708 0.012418687167356593 0.006454136514766282
2 0.5443524541691307 0.7200273811852141 0.018332347723240685 0.013103852923919421
2 0.5594322885866351 0.7197340113436339 0.01655824955647546 0.010952474085663993
2 0.5484920165582495 0.7524936436534324 0.019515079834417505 0.014277332290240563
2 0.5745121230041396 0.7511245843927244 0.02069781194559432 0.014668492079014278
2 0.5958013010053222 0.750342264815177 0.02069781194559432 0.015450811656561706
2 0.6682436428149024 0.746919616663407 0.021289178001182733 0.015255231762174849
2 0.7471910112359551 0.766086446313319 0.02424600827912478 0.02034030901623313
2 0.5588409225310467 0.774985331507921 0.027202838557066823 0.024056327009583416
2 0.5821998817267889 0.7740074320359867 0.0254287403903016 0.01858008996675142
2 0.6043761088113542 0.7720516330921181 0.026020106445890007 0.01858008996675142
2 0.6280307510348906 0.7713671034617642 0.027202838557066823 0.01994914922745942
2 0.6507983441750443 0.7718560531977313 0.026611472501478415 0.020927048699393703
2 0.6984033116499113 0.7682378251515745 0.028385570668243643 0.02112262859378056
2 0.6431105854523951 0.7481908859769216 0.023063276167947958 0.018188930177977704
2 0.6889414547604967 0.7470174066106005 0.024837374334713187 0.015450811656561706
2 0.7155529272619752 0.7459417171914727 0.017740981667652277 0.014081752395853707
2 0.7205795387344767 0.7678466653628007 0.03015966883500887 0.021513788382554272
2 0.5975753991720876 0.8782515157441815 0.02424600827912478 0.020144729121846273
2 0.6649911295091662 0.874926657539605 0.03015966883500887 0.01897124975552513
2 0.39503252513305737 0.3219245061607667 0.03429923122412774 0.019557989438685704
2 0.6898285038438794 0.8768824564834735 0.02069781194559432 0.01584197144533542
2 0.3329390892962744 0.2675532955212204 0.04257835600236547 0.021513788382554272
2 0.3095801301005322 0.2702914140426364 0.033707865168539325 0.017602190494817132
2 0.2888823181549379 0.27068257383141014 0.0254287403903016 0.012908273029532564
2 0.2752808988764045 0.2732251124584393 0.0254287403903016 0.013690592607079992
2 0.26611472501478417 0.28241736749462154 0.014192785334121822 0.007432035986700567
2 0.30514488468361917 0.31361236064932524 0.020106445890005913 0.008801095247408566
2 0.3246599645180367 0.3099941326031684 0.03311649911295092 0.01642871112849599
2 0.34861028976936725 0.3052024251906904 0.039621525724423415 0.019362409544298846
2 0.3696037847427558 0.3025620966164678 0.03666469544648137 0.018384510072364562
2 0.39237137788290954 0.2991394484646978 0.039621525724423415 0.020144729121846273
2 0.413364872856298 0.2967924897320555 0.03429923122412774 0.017015450811656563
2 0.4556475458308693 0.29053393311167613 0.033707865168539325 0.01584197144533542
2 0.47723240685984625 0.28828476432622724 0.03784742755765819 0.016819870917269705
2 0.4967474866942638 0.28378642675532956 0.04376108811354228 0.021904948171327987
2 0.5201064458900059 0.28212399765304125 0.03725606150206978 0.018188930177977704
2 0.543465405085748 0.27938587913162527 0.0319337670017741 0.015450811656561706
2 0.5685984624482555 0.2993350283590847 0.04316972205795387 0.020927048699393703
2 0.5455351862803075 0.30158419714453355 0.04080425783560024 0.01994914922745942
2 0.5236546422235364 0.3049090553491101 0.03725606150206978 0.019557989438685704
2 0.5035481963335304 0.30882065323684726 0.033707865168539325 0.017602190494817132
2 0.48492016558249557 0.3128300410717778 0.03784742755765819 0.01897124975552513
2 0.45890005913660553 0.3138079405437121 0.03784742755765819 0.01975356933307256
2 0.44027202838557067 0.31762174848425584 0.03725606150206978 0.02034030901623313
2 0.35068007096392667 0.2641306473694504 0.03311649911295092 0.01779777038920399
2 0.4115907746895328 0.2548406023860747 0.03429923122412774 0.016819870917269705
2 0.43376700177409816 0.2526892235478193 0.03134240094618569 0.016037551339722275
2 0.8190419869899468 0.8892039898298455 0.021289178001182733 0.015059651867787991
2 0.716735659373152 0.8760023469587327 0.02247191011235955 0.015646391550948564
2 0.6046717918391484 0.8990807744963818 0.019515079834417505 0.016037551339722275
2 0.6401537551744529 0.8977117152356737 0.023063276167947958 0.01642871112849599
2 0.6608515671200473 0.8966360258165461 0.018332347723240685 0.013103852923919421
2 0.7040212891780012 0.8945824369254841 0.02188054405677114 0.015646391550948564
2 0.7303370786516854 0.8938979072951301 0.018923713778829097 0.01584197144533542
2 0.7371377882909521 0.8742421279092509 0.018332347723240685 0.01642871112849599
2 0.7622708456534595 0.8720907490709955 0.018923713778829097 0.014864071973401134
2 0.78622117090479 0.8702327400743204 0.02424600827912478 0.014668492079014278
2 0.7746895328208161 0.8912575787209075 0.02247191011235955 0.015255231762174849
2 0.34831460674157305 0.24379033835321728 0.028385570668243643 0.014277332290240563
2 0.4526907155529273 0.24789751613534128 0.03252513305736251 0.01584197144533542
2 0.3663512714370195 0.24124779972618815 0.02897693672383205 0.015059651867787991
2 0.384387936132466 0.23821631136319185 0.03075103489059728 0.014864071973401134
2 0.4024246008279125 0.23606493252493643 0.026611472501478415 0.013299432818306279
2 0.42105263157894735 0.2342069235282613 0.028385570668243643 0.013103852923919421
2 0.43820224719101125 0.231175435165265 0.027202838557066823 0.012908273029532564
2 0.4568302779420461 0.22824173674946216 0.03489059727971614 0.016037551339722275
2 0.4742755765819042 0.2266770975943673 0.027202838557066823 0.012908273029532564
2 0.5118273211117682 0.23714062194406416 0.05381431105854524 0.027967924897320556
2 0.4949733885274985 0.24291022882847643 0.03429923122412774 0.01721103070604342
2 0.47545830869308103 0.24603950713866615 0.03903015966883501 0.01721103070604342
2 0.654642223536369 0.5166242910228829 0.014192785334121822 0.011539213768824564
2 0.6383796570076877 0.5172110307060435 0.018332347723240685 0.010756894191277136
2 0.6218214074512123 0.5175044005476237 0.01596688350088705 0.011343633874437709
2 0.6064458900059136 0.5187756698611383 0.01714961561206387 0.01193037355759828
2 0.28710821998817265 0.08761979268531195 0.0384387936132466 0.02112262859378056
2 0.3131283264340627 0.08273029532564052 0.04671791839148433 0.02425190690397027
2 0.3772915434654051 0.12781146098181106 0.06623299822590184 0.030706043418736555
2 0.33589591957421644 0.12399765304126736 0.028385570668243643 0.014864071973401134
2 0.3154937906564163 0.1272247212986505 0.02897693672383205 0.015450811656561706
2 0.33619160260201064 0.1440445922159202 0.02897693672383205 0.014277332290240563
2 0.3199290360733294 0.14717387052610992 0.027202838557066823 0.013495012712693134
2 0.29538734476641043 0.14864071973401136 0.02424600827912478 0.012125953451985135
2 0.2785334121821407 0.1505965186778799 0.02956830277942046 0.014081752395853707
2 0.26049674748669427 0.1536280070408762 0.0254287403903016 0.013495012712693134
2 0.24068598462448257 0.15656170545667905 0.028385570668243643 0.015450811656561706
2 0.22087522176227084 0.15959319381967535 0.026611472501478415 0.01447291218462742
2 0.20283855706682435 0.16174457265793077 0.027202838557066823 0.014081752395853707
2 0.18154937906564164 0.16546059065128105 0.026020106445890007 0.013299432818306279
2 0.16380839739798936 0.16761196948953647 0.026020106445890007 0.014081752395853707
2 0.14370195150798346 0.16995892822217876 0.02956830277942046 0.01447291218462742
2 0.25842696629213485 0.13485233717973794 0.03311649911295092 0.01584197144533542
2 0.23979893554109993 0.1371992959123802 0.033707865168539325 0.017015450811656563
2 0.218214074512123 0.13827498533150792 0.02956830277942046 0.015255231762174849
2 0.1995860437610881 0.14247995306082534 0.03725606150206978 0.01858008996675142
2 0.18154937906564164 0.14600039115978877 0.027202838557066823 0.014668492079014278
2 0.1614429331756357 0.1485429297868179 0.03075103489059728 0.01584197144533542
2 0.1413364872856298 0.1511832583610405 0.03075103489059728 0.016037551339722275
2 0.2628622117090479 0.09074907099550167 0.03252513305736251 0.015646391550948564
2 0.24098166765227677 0.09426950909446509 0.04316972205795387 0.020731468805006845
2 0.21673565937315198 0.09612751809114023 0.04080425783560024 0.019362409544298846
0 0.7211709047900651 0.8839233326814003 0.231224127735068 0.04478779581459026
0 0.1868716735659373 0.09886563661255623 0.25783560023654645 0.05378447095638569
0 0.24719101123595505 0.14570702131820848 0.267297457125961 0.06297672599256797
0 0.3066232998225902 0.19225503618228046 0.2785334121821407 0.06884412282417368
0 0.38202247191011235 0.25053784470956386 0.2720283855706682 0.06454136514766282
0 0.4491425192193968 0.3034422061412087 0.28444707273802483 0.06943086250733424
0 0.515966883500887 0.36407197340113434 0.26552335895919577 0.04400547623704283
0 0.5842696629213483 0.5114414238216312 0.23772915434654052 0.03559554077840798
0 0.5990538143110585 0.5530999413260317 0.2318154937906564 0.03481322120086055
0 0.6712004730928445 0.7594367299041659 0.23536369012418687 0.050459612751809116
0 0.6981076286221171 0.8254449442597301 0.2371377882909521 0.05026403285742226
0 0.7318154937906565 0.9364365343242714 0.20875221762270846 0.041071777821239976
2 0.16972205795387343 0.10346176413064737 0.03429923122412774 0.016819870917269705
2 0.07628622117090479 0.06483473498924311 0.04967474866942637 0.011148053980050851
2 0.08426966292134831 0.09749657735184823 0.08219988172678888 0.017406610600430274
2 0.05204021289178001 0.11695677684334051 0.02365464222353637 0.010952474085663993
2 0.06741573033707865 0.1283004107177782 0.020106445890005913 0.009387834930569137
2 0.08160851567120048 0.14042636416976334 0.021289178001182733 0.01056131429689028
2 0.09757539917208752 0.15343242714648933 0.021289178001182733 0.010365734402503423
2 0.12743938497930218 0.1755329552122042 0.019515079834417505 0.008801095247408566
2 0.07835600236546422 0.11842362605124193 0.041986989946777055 0.021318208488167418
2 0.1023063276167948 0.11304517895560337 0.03784742755765819 0.018775669861138274
2 0.1221170904790065 0.10981811069822023 0.03725606150206978 0.020144729121846273
2 0.1221170904790065 0.1526501075689419 0.03489059727971614 0.018188930177977704
2 0.19633353045535187 0.19381967533737532 0.028385570668243643 0.01447291218462742
2 0.21377882909520993 0.19127713671034619 0.02897693672383205 0.014081752395853707
2 0.46599645180366644 0.5233717973792295 0.024837374334713187 0.014864071973401134
2 0.4021289178001183 0.45413651476628203 0.014192785334121822 0.008214355564247995
2 0.4222353636901242 0.4592215920203403 0.011827321111768185 0.008996675141795423
2 0.42726197516262565 0.46831605710932916 0.013601419278533412 0.009583414824955994
2 0.4467770549970432 0.46479561901036576 0.019515079834417505 0.014277332290240563
2 0.44027202838557067 0.4831801290827303 0.018332347723240685 0.013495012712693134
2 0.47989355410999407 0.5081165656170545 0.02069781194559432 0.01251711324075885
2 0.5008870490833827 0.5079209857226678 0.01655824955647546 0.012125953451985135
2 0.5153755174452986 0.50684529630354 0.01596688350088705 0.01193037355759828
2 0.5340035481963336 0.5063563465675729 0.01655824955647546 0.012125953451985135
2 0.5508574807806031 0.5059651867787991 0.01478415138971023 0.011343633874437709
2 0.486989946777055 0.5227850576960689 0.018332347723240685 0.01251711324075885
2 0.4148432879952691 0.432916096225308 0.018332347723240685 0.012321533346371993
2 0.5053222945002956 0.5222961079601017 0.012418687167356593 0.010756894191277136
2 0.5212891780011827 0.5217093682769411 0.01596688350088705 0.012321533346371993
2 0.5541099940863394 0.5203403090162332 0.01655824955647546 0.012712693135145708
2 0.5712596096984033 0.5202425190690397 0.01537551744529864 0.011343633874437709
2 0.5872264931992903 0.5193624095442988 0.01655824955647546 0.012321533346371993
2 0.5680070963926671 0.5049872873068648 0.01714961561206387 0.012908273029532564
2 0.5816085156712004 0.5037160179933503 0.019515079834417505 0.013495012712693134
2 0.6159077468953282 0.5028359084686094 0.018332347723240685 0.011734793663211422
2 0.6339444115907746 0.5025425386270291 0.01655824955647546 0.012712693135145708
2 0.6652868125369604 0.5009778994719343 0.017740981667652277 0.010756894191277136
2 0.43494973388527497 0.43164482691179346 0.018332347723240685 0.012908273029532564
2 0.4092253104671792 0.41296694699784864 0.020106445890005913 0.016233131234109133
2 0.2318154937906564 0.1883434382945433 0.03075103489059728 0.015646391550948564
2 0.322294500295683 0.17602190494817133 0.02956830277942046 0.014081752395853707
2 0.25133057362507394 0.18648542929786818 0.02956830277942046 0.01388617250146685
2 0.20875221762270846 0.2170936827694113 0.04730928444707274 0.02386074711519656
2 0.2232406859846245 0.21181302562096616 0.02897693672383205 0.014081752395853707
2 0.24630396215257244 0.2105417563074516 0.039621525724423415 0.02170936827694113
2 0.271732702542874 0.2088793272051633 0.04553518628030751 0.025425386270291415
2 0.29420461265523357 0.2040876197926853 0.04553518628030751 0.024056327009583416
2 0.3169722057953873 0.20017602190494818 0.0449438202247191 0.021318208488167418
2 0.2696629213483146 0.18433405045961276 0.03075103489059728 0.01388617250146685
2 0.28533412182140744 0.18120477214942304 0.027794204612655235 0.01388617250146685
2 0.30573625073920757 0.17856444357520046 0.0319337670017741 0.014081752395853707
2 0.33885274985215846 0.17211030706043418 0.03311649911295092 0.016037551339722275
2 0.42785334121821406 0.4128691570506552 0.012418687167356593 0.013690592607079992
2 0.34062684801892373 0.19587326422843732 0.04257835600236547 0.02170936827694113
2 0.3625073920756949 0.19264619597105417 0.03903015966883501 0.01994914922745942
2 0.358367829686576 0.17123019753569332 0.02956830277942046 0.014277332290240563
2 0.37640449438202245 0.16829649911989047 0.02897693672383205 0.01388617250146685
2 0.38941454760496746 0.18971249755525132 0.04316972205795387 0.02307842753764913
2 0.25428740390301596 0.2557207119108156 0.03075103489059728 0.01584197144533542
2 0.2746895328208161 0.25405828280852727 0.0254287403903016 0.01251711324075885
2 0.29420461265523357 0.25180911402307843 0.026611472501478415 0.013103852923919421
2 0.3119455943228859 0.24955994523762956 0.026611472501478415 0.012908273029532564
2 0.33086930810171494 0.24682182671621358 0.026611472501478415 0.013299432818306279
2 0.41898285038438793 0.32114218658321925 0.0384387936132466 0.01994914922745942
2 0.3731519810762862 0.32485820457656955 0.03666469544648137 0.018384510072364562
2 0.3527498521584861 0.3302366516722081 0.044352454169130695 0.022100528065714845
2 0.7291543465405086 0.5521220418540974 0.04021289178001183 0.01994914922745942
2 0.47752808988764045 0.5656170545667906 0.01714961561206387 0.011734793663211422
2 0.7072738024837374 0.5011734793663212 0.027202838557066823 0.01388617250146685
2 0.71377882909521 0.5141795423430471 0.024837374334713187 0.01251711324075885
2 0.7628622117090479 0.4239194210835126 0.00827912477823773 0.004889497359671426
2 0.7770549970431697 0.42225699198122435 0.013010053222945003 0.005476237042831997
2 0.35570668243642817 0.20799921768042245 0.02069781194559432 0.00528065714844514
2 0.5718509757539917 0.27557207119108157 0.05204021289178001 0.022296107960101702
2 0.5597279716144293 0.3127322511245844 0.02897693672383205 0.007823195775474282
2 0.693672383205204 0.45697242323489146 0.026020106445890007 0.017015450811656563
2 0.6975162625665287 0.47124975552513204 0.02424600827912478 0.012321533346371993
2 0.78622117090479 0.7004693917465284 0.044352454169130695 0.031488362996283985
2 0.5319337670017741 0.7656952865245453 0.01714961561206387 0.009387834930569137
2 0.37403903015966883 0.26217484842558186 0.04080425783560024 0.01975356933307256
2 0.37551744529863984 0.38010952474085663 0.010644589000591367 0.006845296303539996
2 0.6519810762862212 0.3563465675728535 0.027794204612655235 0.026207705847838842
2 0.6963335304553518 0.5420496772931742 0.01714961561206387 0.013103852923919421
2 0.7025428740390302 0.5576960688441228 0.017740981667652277 0.012321533346371993
2 0.6895328208160851 0.5580872286328965 0.013010053222945003 0.011539213768824564
2 0.6729745712596097 0.5580872286328965 0.014192785334121822 0.011148053980050851
2 0.6800709639266707 0.5422452571875611 0.014192785334121822 0.011539213768824564
2 0.6638083973979894 0.5430275767651086 0.01596688350088705 0.011539213768824564
2 0.6475458308693081 0.5443966360258166 0.013010053222945003 0.01193037355759828
2 0.6596688350088705 0.5590651281048308 0.013601419278533412 0.011148053980050851
2 0.6439976345357776 0.558869548210444 0.014192785334121822 0.010365734402503423
2 0.6301005322294501 0.54449442597301 0.01478415138971023 0.011734793663211422
2 0.6144293317563572 0.5453745354977508 0.01537551744529864 0.010756894191277136
2 0.5969840331164991 0.545863485233718 0.01596688350088705 0.011734793663211422
2 0.5830869308101715 0.5468413847056522 0.017740981667652277 0.012908273029532564
2 0.6309875813128326 0.5592607079992177 0.01537551744529864 0.011539213768824564
2 0.6138379657007688 0.5600430275767652 0.014192785334121822 0.011148053980050851
2 0.602602010644589 0.5608253471543125 0.014192785334121822 0.010365734402503423
2 0.5857480780603194 0.5612165069430862 0.013601419278533412 0.009192255036182281
2 0.5727380248373743 0.5621944064150205 0.01478415138971023 0.01193037355759828
2 0.556475458308693 0.5634656757285351 0.01537551744529864 0.011734793663211422
2 0.5422826729745712 0.5636612556229219 0.011827321111768185 0.011343633874437709
2 0.5484920165582495 0.5483082339135537 0.01478415138971023 0.012321533346371993
2 0.39444115907746896 0.3783493056913749 0.017740981667652277 0.013495012712693134
2 0.408929627439385 0.37678466653628007 0.01478415138971023 0.01193037355759828
2 0.4293317563571851 0.3764912966946998 0.018923713778829097 0.013299432818306279
2 0.5549970431697221 0.3533150792098572 0.01714961561206387 0.014668492079014278
2 0.38971023063276167 0.3600625855662038 0.017740981667652277 0.01251711324075885
2 0.4041986989946777 0.3609426950909447 0.01478415138971023 0.011539213768824564
2 0.42075694855115314 0.3604537453549775 0.01478415138971023 0.010170154508116565
2 0.43376700177409816 0.36025816546059064 0.01596688350088705 0.011343633874437709
2 0.450916617386162 0.3594758458830432 0.01596688350088705 0.011734793663211422
2 0.4636309875813128 0.3583023665167221 0.01537551744529864 0.011734793663211422
2 0.4810762862211709 0.3577156268335615 0.01596688350088705 0.011734793663211422
2 0.4931992903607333 0.3550752982593389 0.01655824955647546 0.01193037355759828
2 0.5136014192785334 0.3542929786817915 0.02424600827912478 0.017015450811656563
2 0.5354819633353045 0.3541951887345981 0.019515079834417505 0.015646391550948564
2 0.581017149615612 0.3515548601603755 0.018332347723240685 0.014277332290240563
2 0.45150798344175047 0.37600234695873264 0.019515079834417505 0.016233131234109133
2 0.6002365464222353 0.34999022100528066 0.018923713778829097 0.014668492079014278
2 0.625665286812537 0.35096812047721493 0.01537551744529864 0.013495012712693134
2 0.607037256061502 0.3696460003911598 0.02069781194559432 0.01447291218462742
2 0.6306918982850385 0.3696460003911598 0.02069781194559432 0.015255231762174849
2 0.5866351271437019 0.37091726970467437 0.021289178001182733 0.015450811656561706
2 0.5629804849201656 0.3711128495990612 0.018923713778829097 0.013495012712693134
2 0.543465405085748 0.37326422843731666 0.020106445890005913 0.017406610600430274
2 0.5189237137788291 0.37326422843731666 0.02069781194559432 0.014668492079014278
2 0.4967474866942638 0.3752200273811852 0.018923713778829097 0.013103852923919421
2 0.47397989355411 0.3751222374339918 0.02188054405677114 0.015646391550948564
2 0.5316380839739799 0.5490905534911011 0.01537551744529864 0.01193037355759828
2 0.5254287403903016 0.5648347349892431 0.01714961561206387 0.012908273029532564
2 0.5124186871673566 0.56503031488363 0.013601419278533412 0.011734793663211422
2 0.8421052631578947 0.8886172501466849 0.02956830277942046 0.016233131234109133
2 0.8320520402128918 0.8691570506551927 0.026020106445890007 0.01721103070604342
2 0.8089887640449438 0.8698415802855467 0.028385570668243643 0.01975356933307256
2 0.8072146658781786 0.9245061607666731 0.021289178001182733 0.015646391550948564
2 0.8358959195742165 0.9324271464893409 0.036073329390892965 0.028750244474867983
2 0.7865168539325843 0.9257774300801878 0.017740981667652277 0.012321533346371993
2 0.4917208752217623 0.5649325249364365 0.018332347723240685 0.012321533346371993
2 0.6975162625665287 0.9291022882847644 0.019515079834417505 0.013495012712693134
2 0.47309284447072736 0.5494817132798748 0.014192785334121822 0.01193037355759828
2 0.486989946777055 0.5901623313123411 0.018332347723240685 0.012321533346371993
2 0.513010053222945 0.6000391159788774 0.026611472501478415 0.003911597887737141
2 0.49112950916617387 0.6050264032857422 0.012418687167356593 0.011148053980050851
2 0.540508574807806 0.6055153530217093 0.018923713778829097 0.015646391550948564
2 0.7418687167356594 0.589673381576374 0.041986989946777055 0.033248582045765696
2 0.5996451803666469 0.9395658126344612 0.013010053222945003 0.00860551535302171
2 0.617090479006505 0.9317426168589868 0.018332347723240685 0.013299432818306279
2 0.6537551744529864 0.9303735575982789 0.01714961561206387 0.014081752395853707
2 0.6726788882318155 0.9296890279679249 0.02069781194559432 0.015059651867787991
2 0.7176227084565346 0.9284177586544103 0.02069781194559432 0.014864071973401134
2 0.8143110585452396 0.9435752004693917 0.026020106445890007 0.01779777038920399
2 0.7400946185688941 0.9264619597105418 0.02188054405677114 0.014864071973401134
2 0.7619751626256653 0.9261685898689614 0.02188054405677114 0.015059651867787991
2 0.6031933767001774 0.9506160766673186 0.01537551744529864 0.00997457461372971
2 0.6259609698403311 0.9528652454527674 0.0254287403903016 0.01994914922745942
2 0.6587817859254879 0.9494425973009974 0.020106445890005913 0.01584197144533542
2 0.6824364281490243 0.9508116565617054 0.02247191011235955 0.01897124975552513
2 0.7043169722057954 0.9461177390964209 0.020106445890005913 0.015059651867787991
2 0.7465996451803667 0.9454332094660669 0.02424600827912478 0.016037551339722275
2 0.7693672383205205 0.9454332094660669 0.018923713778829097 0.016037551339722275
2 0.7906564163217031 0.9440641502053589 0.02247191011235955 0.015255231762174849
0 0.1360141927853341 0.05085077254058283 0.22590183323477234 0.036769020144729124