2 0.6429452900041135 0.2805755395683453 0.011517893870835048 0.006394884092725819
0 0.7163718634306869 0.7414068745003997 0.06787330316742081 0.05675459632294165
0 0.3243521184697655 0.41586730615507594 0.030028794734677088 0.009192645883293365
0 0.3083093377211024 0.49280575539568344 0.03249691484985603 0.011191047162270184
0 0.2735499794323324 0.5297761790567546 0.03290826820238585 0.027577937649880094
0 0.9117647058823529 0.9246602717825739 0.021801727684080625 0.0627498001598721
0 0.9074454956807898 0.8711031175059952 0.011517893870835048 0.04436450839328537
0 0.8383381324557795 0.8307354116706634 0.1406828465651995 0.10591526778577139
0 0.7949403537638832 0.8029576338928857 0.09337721102426985 0.06235011990407674
0 0.7832167832167832 0.7791766586730615 0.06993006993006994 0.04836131095123901
0 0.6042780748663101 0.6966426858513189 0.030440148087206912 0.05755395683453238
0 0.37659399424105305 0.3129496402877698 0.01686548745372275 0.03437250199840128
0 0.5300287947346771 0.67585931254996 0.04730563554092966 0.07114308553157474
0 0.497737556561086 0.6800559552358113 0.03619909502262444 0.0771382893685052
0 0.46194981489099135 0.670863309352518 0.03455368161250514 0.0627498001598721
0 0.3936651583710407 0.669664268585132 0.030440148087206912 0.05635491606714628
0 0.3525298231180584 0.6794564348521183 0.0213903743315508 0.04876099120703437
0 0.27087618264088853 0.6966426858513189 0.023447141094199916 0.037569944044764186
0 0.167420814479638 0.7150279776179057 0.01727684080625257 0.029576338928856916
0 0.13410119292472233 0.7254196642685852 0.02221308103661045 0.023980815347721823
0 0.32167832167832167 0.35711430855315746 0.0872069107363225 0.04036770583533174
0 0.648909913615796 0.27038369304556353 0.025915261209378856 0.03557154276578737
2 0.5049362402303579 0.6614708233413269 0.00781571369806664 0.012789768185451638
2 0.49876593994241053 0.6504796163069544 0.021801727684080625 0.009192645883293365
2 0.5026737967914439 0.6388888888888888 0.02385849444672974 0.013988808952837729
2 0.2848621966269025 0.6245003996802558 0.013574660633484163 0.009192645883293365
2 0.2647058823529412 0.6858513189448441 0.013574660633484163 0.007993605115907274
2 0.5180995475113123 0.7809752198241406 0.013574660633484163 0.008792965627498001
0 0.7967914438502673 0.23641087130295763 0.025503907856849032 0.04436450839328537
2 0.6380090497737556 0.8934852118305355 0.012340600575894693 0.015587529976019185
2 0.7336487042369395 0.7140287769784173 0.012751953928424516 0.009992006394884092
2 0.8251748251748252 0.7743804956035172 0.027149321266968326 0.021183053557154278
0 0.09646236116824353 0.731215027977618 0.026737967914438502 0.027577937649880094