2 0.46687898089171975 0.7299204052098408 0.013163481953290871 0.014833574529667149
0 0.8932059447983015 0.3845875542691751 0.044585987261146494 0.05065123010130246
0 0.1851380042462845 0.1651591895803184 0.08492569002123142 0.09949348769898697
0 0.25010615711252654 0.21942836468885674 0.09087048832271762 0.04884225759768451
0 0.2664543524416136 0.24439218523878437 0.09893842887473461 0.04232995658465991
0 0.27685774946921443 0.2767727930535456 0.11125265392781317 0.04848046309696093
0 0.27388535031847133 0.32452966714905934 0.08577494692144373 0.020260492040520984
0 0.24734607218683652 0.374095513748191 0.07770700636942675 0.041968162083936326
0 0.049681528662420385 0.8368306801736614 0.05774946921443737 0.07959479015918958
0 0.14692144373673036 0.7921490593342981 0.04416135881104034 0.04884225759768451
0 0.24394904458598726 0.774602026049204 0.04798301486199576 0.045586107091172216
0 0.4021231422505308 0.7440303907380608 0.015286624203821656 0.06186685962373372
0 0.4613588110403397 0.752713458755427 0.05902335456475584 0.07344428364688857
0 0.5579617834394904 0.8069826338639653 0.07218683651804671 0.04015918958031838
0 0.9552016985138004 0.35998552821997104 0.02929936305732484 0.028219971056439943
0 0.8331210191082803 0.4109985528219971 0.027176220806794056 0.04775687409551375
2 0.15774946921443736 0.20495658465991318 0.02335456475583864 0.026410998552821998
0 0.7375796178343949 0.4191389290882779 0.029723991507430998 0.028581765557163533
0 0.6528662420382165 0.4202243125904486 0.040339702760084924 0.037264833574529664
0 0.5656050955414013 0.39327062228654125 0.029723991507430998 0.0426917510853835
0 0.4740976645435244 0.40032561505065123 0.02505307855626327 0.033646888567293774
2 0.22016985138004247 0.387301013024602 0.022505307855626325 0.014833574529667149
2 0.17388535031847133 0.18180173661360347 0.014861995753715499 0.015557163531114327
0 0.10552016985138005 0.15882778581765558 0.020806794055201697 0.053545586107091175