0 0.6497584541062802 0.38082123184777167 0.178743961352657 0.020530796194291438
0 0.6309178743961352 0.4171256885327992 0.12367149758454106 0.030045067601402103
0 0.542512077294686 0.45643465197796695 0.14782608695652175 0.03655483224837256
0 0.2400966183574879 0.5821231847771657 0.17681159420289855 0.05358037055583375
0 0.30579710144927535 0.6347020530796195 0.1111111111111111 0.05958938407611417
0 0.31256038647342993 0.7088132198297447 0.12657004830917876 0.06259389083625438
0 0.4241545893719807 0.7836755132699048 0.08115942028985507 0.037055583375062595
0 0.5260869565217391 0.8244867300951427 0.08599033816425121 0.02954431647471207
0 0.6381642512077295 0.8730595893840761 0.1323671497584541 0.05458187280921382
0 0.5647342995169082 0.3555332999499249 0.25024154589371983 0.02103154732098147
0 0.6275362318840579 0.31071607411116675 0.21159420289855072 0.016524787180771158
0 0.6685990338164252 0.2666499749624437 0.19516908212560385 0.018527791687531298
2 0.45555555555555555 0.1840260390585879 0.02608695652173913 0.008512769153730596
2 0.6628019323671498 0.20105157736604906 0.028985507246376812 0.020530796194291438
2 0.7589371980676328 0.29769654481722585 0.014492753623188406 0.011517275913870806
2 0.5966183574879227 0.3905858788182273 0.033816425120772944 0.00801201802704056
2 0.6227053140096618 0.42013019529293943 0.033816425120772944 0.010015022533800702
2 0.09806763285024155 0.26114171256885327 0.04927536231884058 0.030545818728092138
2 0.2603864734299517 0.6394591887831748 0.02995169082125604 0.024036054081121683
2 0.28792270531400965 0.6594892338507762 0.011594202898550725 0.00801201802704056
2 0.5019323671497584 0.8229844767150726 0.02995169082125604 0.013520280420630946
2 0.5932367149758454 0.8678017025538307 0.017391304347826087 0.00801201802704056
2 0.6164251207729469 0.8688032048072108 0.0463768115942029 0.01702553830746119
0 0.6681159420289855 0.1872809213820731 0.07439613526570048 0.06810215322984477