2 0.5437541750167001 0.7961801596351197 0.012024048096192385 0.009692132269099202
2 0.2321309285237141 0.4330102622576967 0.020708082832331328 0.019954389965792473
2 0.321309285237141 0.4150513112884835 0.02404809619238477 0.02394526795895097
2 0.29759519038076154 0.38911060433295325 0.028724114896459586 0.029076396807297605
2 0.2732130928523714 0.40250855188141393 0.03473613894455578 0.0330672748004561
2 0.3066132264529058 0.41961231470923605 0.01736806947227789 0.01710376282782212
2 0.28857715430861725 0.4375712656784493 0.026720106880427523 0.026795895096921322
2 0.27788911155644624 0.44469783352337516 0.022712090848363394 0.021664766248574687
2 0.24415497661990648 0.42873432155074115 0.024716098864395457 0.02280501710376283
2 0.2558450233800935 0.45952109464082097 0.02404809619238477 0.02394526795895097
2 0.27788911155644624 0.5501710376282782 0.026720106880427523 0.027366020524515394
2 0.22211088844355378 0.443557582668187 0.024716098864395457 0.02280501710376283
2 0.24515698062792252 0.46721778791334095 0.02404809619238477 0.02565564424173318
2 0.1987307949231797 0.4541049030786773 0.032732130928523714 0.03249714937286203
2 0.34502338009352035 0.507411630558723 0.022044088176352707 0.021664766248574687
2 0.3306613226452906 0.5119726339794755 0.033400133600534405 0.03192702394526796
2 0.32197728790915164 0.5222348916761688 0.01603206412825651 0.01596351197263398
2 0.31295925183700735 0.5282212086659065 0.022044088176352707 0.022234891676168756
2 0.33400133600534404 0.40992018244013684 0.025384101536406144 0.02394526795895097
2 0.3557114228456914 0.3939566704675028 0.024716098864395457 0.02508551881413911
2 0.36773547094188375 0.387115165336374 0.024716098864395457 0.02508551881413911
2 0.3089512358049432 0.3831242873432155 0.018036072144288578 0.01710376282782212
2 0.2845691382765531 0.250285062713797 0.022712090848363394 0.021664766248574687
2 0.3072812291249165 0.27394526795895097 0.025384101536406144 0.02451539338654504
2 0.29759519038076154 0.282497149372862 0.02338009352037408 0.022234891676168756
2 0.2518370073480294 0.2693842645381984 0.025384101536406144 0.023375142531356898
2 0.2758851035404142 0.2953249714937286 0.02404809619238477 0.02280501710376283
2 0.2655310621242485 0.3007411630558723 0.02338009352037408 0.022234891676168756
2 0.22044088176352705 0.2893386545039909 0.026720106880427523 0.02565564424173318
2 0.2571810287241149 0.30929304446978334 0.018704074816299265 0.018814139110604332
2 0.24448897795591182 0.31527936145952107 0.022712090848363394 0.021664766248574687
2 0.23513694054776219 0.3241163055872292 0.026720106880427523 0.02451539338654504
2 0.22611890447561792 0.33266818700114026 0.024716098864395457 0.019954389965792473
2 0.20340681362725452 0.3446408209806157 0.022044088176352707 0.021094640820980615
2 0.35437541750167 0.35319270239452677 0.028724114896459586 0.026795895096921322
2 0.3430193720774883 0.36088939566704675 0.02738810955243821 0.027366020524515394
2 0.331997327989312 0.3671607753705815 0.029392117568470273 0.027366020524515394
2 0.3002672010688043 0.5356328392246295 0.02738810955243821 0.02565564424173318
2 0.2605210420841683 0.5327822120866591 0.014696058784235137 0.013112884834663626
2 0.5046760187040749 0.44811858608893956 0.026052104208416832 0.027366020524515394
2 0.37742150968603877 0.338939566704675 0.026720106880427523 0.02565564424173318
2 0.46325985303941214 0.3201254275940707 0.016700066800267203 0.01539338654503991
2 0.4345357381429526 0.30359179019384264 0.022044088176352707 0.019954389965792473
2 0.45691382765531063 0.32867730900798175 0.018704074816299265 0.018814139110604332
2 0.4198396793587174 0.31014823261117447 0.019372077488309953 0.019384264538198404
2 0.44488977955911824 0.33580387685290763 0.026720106880427523 0.026225769669327253
2 0.38877755511022044 0.330672748004561 0.02004008016032064 0.020524515393386546
2 0.4331997327989312 0.34207525655644244 0.02338009352037408 0.02394526795895097
2 0.4225116900467602 0.3503420752565564 0.026052104208416832 0.02565564424173318
2 0.32498329993319974 0.564709236031927 0.022044088176352707 0.023375142531356898
2 0.3891115564462258 0.3728620296465222 0.02738810955243821 0.02508551881413911
2 0.3790915163660655 0.38198403648802737 0.018036072144288578 0.01710376282782212
2 0.5394121576486306 0.38683010262257694 0.024716098864395457 0.026795895096921322
2 0.5293921175684703 0.3956670467502851 0.024716098864395457 0.02280501710376283
2 0.5167000668002673 0.4016533637400228 0.024716098864395457 0.02565564424173318
2 0.4819639278557114 0.42303306727480045 0.02338009352037408 0.02280501710376283
2 0.47060788243152973 0.4284492588369441 0.02338009352037408 0.022234891676168756
2 0.4438877755511022 0.2967502850627138 0.02338009352037408 0.022234891676168756
2 0.47762191048764197 0.31356898517673887 0.02404809619238477 0.02394526795895097
2 0.49933199732798933 0.2990307867730901 0.02338009352037408 0.02451539338654504
2 0.46325985303941214 0.2805017103762828 0.020708082832331328 0.019384264538198404
2 0.35370741482965934 0.5376282782212086 0.016700066800267203 0.01710376282782212
2 0.31897127588510354 0.5963511972633979 0.026052104208416832 0.018244013683010263
2 0.3620574482297929 0.6080387685290763 0.028056112224448898 0.030216647662485746
2 0.343687374749499 0.6117445838084379 0.03006012024048096 0.029646522234891677
2 0.3653974615898464 0.6388255416191562 0.025384101536406144 0.02565564424173318
2 0.3687374749498998 0.2274800456100342 0.029392117568470273 0.028506271379703536
2 0.48864395457581833 0.26567844925883694 0.03006012024048096 0.029646522234891677
2 0.47762191048764197 0.2748004561003421 0.02404809619238477 0.02280501710376283
2 0.5106880427521711 0.2927594070695553 0.024716098864395457 0.02565564424173318
2 0.3169672678690715 0.26653363740022806 0.02338009352037408 0.023375142531356898
2 0.2942551770207081 0.24201824401368302 0.026052104208416832 0.02565564424173318
2 0.3273213092852371 0.26054732041049034 0.02004008016032064 0.019384264538198404
2 0.0394121576486306 0.20866590649942987 0.02004008016032064 0.012542759407069556
2 0.047762191048764197 0.14737742303306728 0.020708082832331328 0.013112884834663626
2 0.0674682698730795 0.16818700114025084 0.018704074816299265 0.013683010262257697
2 0.03774215096860387 0.1636259977194983 0.02338009352037408 0.014823261117445839
2 0.05744822979291917 0.18415051311288483 0.018704074816299265 0.013683010262257697
2 0.03072812291249165 0.17189281641961232 0.02137608550434202 0.01539338654503991
2 0.02137608550434202 0.1781641961231471 0.018704074816299265 0.011972633979475485
2 0.013360053440213761 0.19640820980615736 0.02004008016032064 0.011972633979475485
2 0.009018036072144289 0.20524515393386544 0.016700066800267203 0.011402508551881414
2 0.3049432197728791 0.23631698973774232 0.02338009352037408 0.022234891676168756
2 0.03373413493653975 0.2169327251995439 0.019372077488309953 0.013112884834663626
2 0.03006012024048096 0.22491448118586088 0.02137608550434202 0.014253135689851768
2 0.018704074816299265 0.24173318129988597 0.02004008016032064 0.012542759407069556
2 0.12358049432197729 0.3543329532497149 0.03740814963259853 0.033637400228050174
2 0.14061456245824983 0.35119726339794755 0.020708082832331328 0.019384264538198404
2 0.15197060788243152 0.34378563283922464 0.02338009352037408 0.02280501710376283
2 0.16199064796259185 0.3363740022805017 0.024716098864395457 0.02394526795895097
2 0.07314629258517034 0.15992018244013684 0.018036072144288578 0.013112884834663626
2 0.05076820307281229 0.13939566704675027 0.02137608550434202 0.014253135689851768
2 0.07748830995323981 0.15193842645381983 0.02004008016032064 0.014253135689851768
2 0.08350033400133601 0.14367160775370583 0.02004008016032064 0.012542759407069556
0 0.24448897795591182 0.29789053591790193 0.2618570474281897 0.20011402508551882
0 0.3520374081496326 0.3765678449258837 0.3246492985971944 0.23204104903078676
0 0.4756179024716099 0.5233751425313569 0.40480961923847697 0.33181299885974913
0 0.6526386105544422 0.757411630558723 0.4034736138944556 0.2993158494868871
2 0.024716098864395457 0.052451539338654506 0.022712090848363394 0.013683010262257697
2 0.012692050768203072 0.07383124287343215 0.022712090848363394 0.014253135689851768
2 0.09018036072144289 0.08409350057012542 0.02137608550434202 0.013112884834663626
2 0.0781563126252505 0.09863169897377423 0.02004008016032064 0.013683010262257697
2 0.072812291249165 0.10746864310148233 0.02004008016032064 0.014253135689851768
2 0.10354041416165664 0.11202964652223489 0.01603206412825651 0.010832383124287344
2 0.06880427521710086 0.11488027366020524 0.022712090848363394 0.01539338654503991
2 0.09886439545758183 0.11944127708095781 0.02004008016032064 0.014253135689851768
2 0.09352037408149633 0.1274230330672748 0.02004008016032064 0.013112884834663626
2 0.08817635270541083 0.1362599771949829 0.02004008016032064 0.014823261117445839
2 0.05778223112892451 0.13112884834663627 0.019372077488309953 0.012542759407069556
2 0.1713426853707415 0.3295324971493729 0.024716098864395457 0.02508551881413911
2 0.1826987307949232 0.3241163055872292 0.018036072144288578 0.01653363740022805
2 0.2010688042752171 0.30786773090079816 0.02004008016032064 0.018244013683010263
2 0.06613226452905811 0.6892816419612314 0.03072812291249165 0.012542759407069556
2 0.03473613894455578 0.7046750285062714 0.03206412825651302 0.014823261117445839
2 0.02237808951235805 0.7132269099201825 0.035404141616566465 0.01596351197263398
2 0.17635270541082165 0.725769669327252 0.01068804275217101 0.010262257696693273
2 0.061122244488977955 0.39082098061573545 0.011356045424181697 0.013112884834663626
2 0.3466933867735471 0.20610034207525654 0.02404809619238477 0.022234891676168756
2 0.33700734802939214 0.21322690992018245 0.02338009352037408 0.02280501710376283
2 0.3590514362057448 0.23603192702394526 0.02338009352037408 0.02280501710376283
2 0.3486973947895792 0.24486887115165337 0.025384101536406144 0.023375142531356898
2 0.33700734802939214 0.2525655644241733 0.024716098864395457 0.02394526795895097
2 0.047762191048764197 0.6964082098061574 0.032732130928523714 0.013112884834663626
2 0.07949231796927188 0.6810148232611174 0.033400133600534405 0.013112884834663626
2 0.19505678022712092 0.35319270239452677 0.02404809619238477 0.021094640820980615
2 0.0070140280561122245 0.6673318129988598 0.012692050768203072 0.01767388825541619
2 0.18704074816299265 0.3620296465222349 0.025384101536406144 0.02280501710376283
2 0.17468269873079492 0.3677309007981756 0.024716098864395457 0.02394526795895097
2 0.16366065464261856 0.37400228050171036 0.022712090848363394 0.021664766248574687
2 0.1533066132264529 0.37998859749144814 0.020708082832331328 0.021094640820980615
2 0.07448229792919171 0.3848346636259977 0.019372077488309953 0.020524515393386546
2 0.11823647294589178 0.4321550741163056 0.013360053440213761 0.014823261117445839
2 0.11356045424181696 0.44555302166476624 0.013360053440213761 0.01653363740022805
2 0.06947227788911156 0.6439566704675028 0.01068804275217101 0.021094640820980615
2 0.05978623914495658 0.6465222348916762 0.012692050768203072 0.02280501710376283
2 0.047094188376753505 0.6556442417331813 0.015364061456245824 0.026225769669327253
2 0.02972611890447562 0.6653363740022805 0.016700066800267203 0.02280501710376283
2 0.016366065464261857 0.6679019384264538 0.019372077488309953 0.026795895096921322
2 0.45791583166332667 0.43415051311288483 0.03006012024048096 0.029076396807297605
2 0.48964595858383436 0.4529646522234892 0.018704074816299265 0.018814139110604332
2 0.5233800935203741 0.8349486887115165 0.016700066800267203 0.01539338654503991
2 0.7227788911155645 0.9161915621436716 0.02137608550434202 0.021664766248574687
2 0.7682030728122913 0.701254275940707 0.02404809619238477 0.02508551881413911
2 0.8390113560454242 0.6978335233751425 0.018704074816299265 0.018244013683010263
2 0.7738810955243821 0.7274800456100342 0.02338009352037408 0.021664766248574687
2 0.7321309285237141 0.7557012542759407 0.018704074816299265 0.022234891676168756
2 0.697060788243153 0.7773660205245154 0.02738810955243821 0.02451539338654504
2 0.8293253173012692 0.7973204104903079 0.019372077488309953 0.018814139110604332
2 0.8079492317969272 0.863740022805017 0.018036072144288578 0.019384264538198404
2 0.8794255177020708 0.9740592930444698 0.015364061456245824 0.01653363740022805
2 0.6299265197060788 0.822690992018244 0.02137608550434202 0.020524515393386546
2 0.7995991983967936 0.9905929304446979 0.018704074816299265 0.018814139110604332
2 0.5541082164328658 0.8702964652223489 0.024716098864395457 0.02451539338654504
2 0.5818303273213092 0.855188141391106 0.02004008016032064 0.019384264538198404
2 0.5657982631930528 0.8375142531356898 0.01736806947227789 0.01596351197263398
2 0.5501002004008017 0.8189851767388826 0.020708082832331328 0.021094640820980615
2 0.5688042752171009 0.822405929304447 0.018036072144288578 0.01653363740022805
2 0.6185704742818972 0.830387685290764 0.025384101536406144 0.023375142531356898
2 0.7434869739478958 0.6912770809578107 0.01603206412825651 0.014253135689851768
2 0.823313293253173 0.6807297605473204 0.016700066800267203 0.01710376282782212
2 0.8319973279893119 0.6741733181299886 0.018036072144288578 0.01767388825541619
2 0.8086172344689379 0.6641961231470923 0.012692050768203072 0.011402508551881414
2 0.614562458249833 0.7522805017103763 0.013360053440213761 0.013112884834663626
2 0.6539746158984636 0.7787913340935005 0.02137608550434202 0.020524515393386546
2 0.6796927187708751 0.7559863169897377 0.016700066800267203 0.01596351197263398
2 0.7090848363393454 0.7688141391106044 0.02738810955243821 0.02451539338654504
2 0.6683366733466933 0.74230330672748 0.011356045424181697 0.010262257696693273
2 0.6439545758183033 0.7864880273660205 0.02004008016032064 0.01767388825541619
2 0.5988643954575819 0.7879133409350056 0.016700066800267203 0.01596351197263398
2 0.5925183700734803 0.7967502850627138 0.013360053440213761 0.011972633979475485
2 0.6723446893787575 0.8001710376282782 0.016700066800267203 0.01653363740022805
2 0.612558450233801 0.8035917901938426 0.01736806947227789 0.01767388825541619
2 0.6055444221776887 0.8135689851767389 0.014028056112224449 0.013683010262257697
2 0.7231128924515698 0.6516533637400228 0.014028056112224449 0.014823261117445839
2 0.7672010688042752 0.62115165336374 0.028724114896459586 0.029076396807297605
2 0.7501670006680027 0.6339794754846066 0.022712090848363394 0.021664766248574687
2 0.8122912491649966 0.6530786773090079 0.01736806947227789 0.01539338654503991
2 0.6162324649298597 0.8380843785632839 0.01002004008016032 0.009122006841505131
2 0.6633266533066132 0.807012542759407 0.01603206412825651 0.01539338654503991
2 0.43520374081496327 0.4492588369441277 0.02738810955243821 0.026225769669327253
2 0.4759519038076152 0.8665906499429875 0.006012024048096192 0.0068415051311288486
2 0.4255177020708083 0.48261117445838086 0.01068804275217101 0.007411630558722919
2 0.46158984635938544 0.4603762827822121 0.012024048096192385 0.009692132269099202
2 0.4726118904475618 0.45438996579247437 0.011356045424181697 0.009122006841505131
2 0.5270541082164328 0.4942987457240593 0.013360053440213761 0.010262257696693273
2 0.5080160320641283 0.43244013683010263 0.011356045424181697 0.007411630558722919
2 0.56312625250501 0.39709236031927025 0.01068804275217101 0.00855188141391106
2 0.4712758851035404 0.8742873432155074 0.008684034736138945 0.005131128848346636
2 0.4832999331997328 0.87115165336374 0.007348029392117568 0.00798175598631699
2 0.7368069472277889 0.02194982896237172 0.029392117568470273 0.018814139110604332
2 0.48730794923179693 0.8717217787913341 0.007348029392117568 0.00798175598631699
2 0.48830995323981297 0.8777080957810718 0.004008016032064128 0.005131128848346636
2 0.49331997327989313 0.8814139110604333 0.006012024048096192 0.009122006841505131
2 0.4923179692718771 0.8933865450399088 0.008016032064128256 0.005701254275940707
2 0.5033400133600534 0.8905359179019384 0.006012024048096192 0.00798175598631699
2 0.5123580494321978 0.895096921322691 0.009352037408149633 0.010262257696693273
2 0.49766199064796257 0.8814139110604333 0.008016032064128256 0.009122006841505131
2 0.4171676686706747 0.4880273660205245 0.011356045424181697 0.00798175598631699
2 0.4064796259185037 0.49543899657924745 0.012692050768203072 0.009122006841505131
2 0.4181696726786907 0.5319270239452679 0.012024048096192385 0.010262257696693273
2 0.3670674682698731 0.5190992018244014 0.01002004008016032 0.00855188141391106
2 0.5938543754175016 0.011402508551881414 0.028056112224448898 0.014823261117445839
2 0.32197728790915164 0.22120866590649943 0.01068804275217101 0.009122006841505131
2 0.19372077488309952 0.4732041049030787 0.008016032064128256 0.009122006841505131
2 0.1843687374749499 0.48004561003420754 0.006680026720106881 0.0068415051311288486
2 0.1796927187708751 0.48033067274800456 0.008016032064128256 0.00855188141391106
2 0.1760187040748163 0.4823261117445838 0.007348029392117568 0.00798175598631699
2 0.1927187708750835 0.48831242873432157 0.011356045424181697 0.00855188141391106
2 0.18303273213092852 0.4942987457240593 0.008016032064128256 0.009122006841505131
2 0.20774883099532399 0.4871721778791334 0.009352037408149633 0.006271379703534778
2 0.22578490313961255 0.5096921322690992 0.01068804275217101 0.00798175598631699
2 0.23079492317969272 0.5176738882554162 0.011356045424181697 0.0068415051311288486
2 0.23580494321977288 0.5222348916761688 0.01068804275217101 0.005701254275940707
2 0.2511690046760187 0.5399087799315849 0.009352037408149633 0.00798175598631699
2 0.3380093520374082 0.5379133409350056 0.01068804275217101 0.009692132269099202
2 0.3653974615898464 0.5553021664766249 0.018704074816299265 0.01710376282782212
2 0.6229124916499666 0.7457240592930444 0.014028056112224449 0.012542759407069556
2 0.7297929191716767 0.7323261117445838 0.016700066800267203 0.01767388825541619
2 0.6716766867067469 0.7317559863169898 0.014028056112224449 0.013112884834663626
2 0.5390781563126252 0.7653933865450399 0.018704074816299265 0.018814139110604332
2 0.4425517702070808 0.5618586088939567 0.018036072144288578 0.018814139110604332
2 0.42518370073480294 0.6040478905359179 0.016700066800267203 0.01767388825541619
2 0.41249164996659987 0.6091790193842646 0.020708082832331328 0.022234891676168756
2 0.4452237808951236 0.6257126567844926 0.03006012024048096 0.030216647662485746
2 0.4338677354709419 0.6351197263397947 0.02338009352037408 0.026225769669327253
2 0.3830995323981296 0.63654503990878 0.020708082832331328 0.022234891676168756
2 0.4034736138944556 0.6587799315849487 0.03072812291249165 0.030216647662485746
2 0.5303941215764864 0.7748004561003421 0.02004008016032064 0.019384264538198404
2 0.6606546426185704 0.7197833523375142 0.013360053440213761 0.011972633979475485
2 0.5036740146960588 0.790193842645382 0.022712090848363394 0.02280501710376283
2 0.4916499665998664 0.7976054732041049 0.018704074816299265 0.01710376282782212
2 0.48396793587174347 0.8053021664766249 0.016700066800267203 0.01653363740022805
2 0.5106880427521711 0.8198403648802737 0.014028056112224449 0.013683010262257697
2 0.4729458917835671 0.8124287343215507 0.01736806947227789 0.01710376282782212
2 0.5364061456245826 0.8015963511972634 0.013360053440213761 0.012542759407069556
2 0.5190380761523046 0.8474914481185861 0.014696058784235137 0.01539338654503991
2 0.521376085504342 0.5778221208665907 0.032732130928523714 0.033637400228050174
2 0.47194388777555113 0.5758266818700114 0.02338009352037408 0.02508551881413911
2 0.4118236472945892 0.5880843785632839 0.018036072144288578 0.01767388825541619
2 0.3897795591182365 0.5852337514253135 0.03139612558450234 0.033637400228050174
2 0.42518370073480294 0.45752565564424175 0.026052104208416832 0.02565564424173318
2 0.41249164996659987 0.4637970353477765 0.02338009352037408 0.023375142531356898
2 0.5036740146960588 0.4700684150513113 0.018704074816299265 0.018814139110604332
2 0.5223780895123581 0.47063854047890535 0.01736806947227789 0.01767388825541619
2 0.45724782899131594 0.475769669327252 0.020708082832331328 0.019954389965792473
2 0.4729458917835671 0.4951539338654504 0.01736806947227789 0.01653363740022805
2 0.4445557782231129 0.4823261117445838 0.016700066800267203 0.01596351197263398
2 0.46392785571142287 0.5045610034207526 0.016700066800267203 0.01596351197263398
2 0.39044756179024714 0.4789053591790194 0.022044088176352707 0.020524515393386546
2 0.42150968603874417 0.5136830102622577 0.033400133600534405 0.03420752565564424
2 0.40080160320641284 0.5142531356898518 0.028056112224448898 0.027366020524515394
2 0.4285237140948564 0.5438996579247435 0.014028056112224449 0.013683010262257697
2 0.39345357381429524 0.5635689851767389 0.025384101536406144 0.026795895096921322
2 0.49331997327989313 0.5390535917901939 0.012692050768203072 0.013112884834663626
2 0.5153640614562458 0.5470353477765109 0.012692050768203072 0.013112884834663626
2 0.5370741482965932 0.8531927023945268 0.012024048096192385 0.013112884834663626
2 0.5313961255845023 0.862599771949829 0.014028056112224449 0.014823261117445839
2 0.5450901803607214 0.879133409350057 0.01603206412825651 0.01710376282782212
2 0.612558450233801 0.4960091220068415 0.014696058784235137 0.014823261117445839
2 0.5554442217768871 0.5305017103762828 0.019372077488309953 0.018814139110604332
2 0.5708082832331329 0.5498859749144812 0.02338009352037408 0.023375142531356898
2 0.552438209752839 0.7551311288483467 0.028056112224448898 0.026795895096921322
2 0.5671342685370742 0.7517103762827823 0.01603206412825651 0.01653363740022805
2 0.5818303273213092 0.7394526795895097 0.022712090848363394 0.02280501710376283
2 0.5918503674014696 0.7309007981755986 0.025384101536406144 0.026225769669327253
2 0.6088844355377422 0.7232041049030786 0.019372077488309953 0.018814139110604332
2 0.6175684702738811 0.7155074116305588 0.02338009352037408 0.02394526795895097
2 0.6583166332665331 0.6878563283922463 0.02338009352037408 0.022234891676168756
2 0.6710086840347361 0.6818700114025086 0.022044088176352707 0.02280501710376283
2 0.6857047428189713 0.6724629418472063 0.02338009352037408 0.023375142531356898
2 0.5848363393453574 0.7713797035347777 0.018036072144288578 0.018244013683010263
2 0.6449565798263193 0.7021094640820981 0.014028056112224449 0.013112884834663626
2 0.6923847695390781 0.7032497149372862 0.012692050768203072 0.011972633979475485
2 0.7144288577154309 0.7143671607753705 0.016700066800267203 0.01710376282782212
2 0.6175684702738811 0.5248004561003421 0.024716098864395457 0.02565564424173318
2 0.6730126920507682 0.48973774230330674 0.024716098864395457 0.026225769669327253
2 0.5354041416165665 0.48745724059293044 0.015364061456245824 0.01596351197263398
2 0.6519706078824316 0.4923033067274801 0.038744154976619906 0.04047890535917902
2 0.551436205744823 0.38112884834663624 0.02338009352037408 0.023375142531356898
2 0.5621242484969939 0.37200684150513114 0.026052104208416832 0.027936145952109463
2 0.5741482965931863 0.3651653363740023 0.028724114896459586 0.029076396807297605
2 0.5901803607214429 0.38768529076396807 0.020708082832331328 0.020524515393386546
2 0.5838343353373413 0.4053591790193843 0.03206412825651302 0.03420752565564424
2 0.5517702070808284 0.4210376282782212 0.028056112224448898 0.030216647662485746
2 0.6052104208416834 0.40621436716077536 0.022712090848363394 0.021094640820980615
2 0.6282565130260521 0.43072976054732043 0.02738810955243821 0.029076396807297605
2 0.6108884435537743 0.43586088939566703 0.019372077488309953 0.018814139110604332
2 0.6269205076820308 0.4546750285062714 0.018036072144288578 0.01767388825541619
2 0.5604542418169672 0.45353477765108324 0.01603206412825651 0.01539338654503991
2 0.5918503674014696 0.4692132269099202 0.028056112224448898 0.028506271379703536
2 0.5734802939211757 0.4717787913340935 0.022044088176352707 0.023375142531356898
2 0.5985303941215765 0.5039908779931584 0.02404809619238477 0.02394526795895097
2 0.5501002004008017 0.5034207525655644 0.016700066800267203 0.01596351197263398
0 0.061790247160988646 0.18101482326111745 0.12224448897795591 0.20125427594070697