2 0.3702755905511811 0.23669579030976967 0.012992125984251968 0.011119936457505957
2 0.4110236220472441 0.09908657664813345 0.011023622047244094 0.010722795869737888
2 0.39960629921259844 0.1181493248610008 0.013385826771653543 0.009928514694201748
2 0.4338582677165354 0.16580619539316918 0.010236220472440945 0.011517077045274026
2 0.3594488188976378 0.1409849086576648 0.011023622047244094 0.009531374106433678
2 0.28523622047244096 0.20413026211278792 0.012992125984251968 0.014297061159650517
2 0.10688976377952755 0.1664019062748213 0.00905511811023622 0.008737092930897538
2 0.09724409448818898 0.15369340746624305 0.014173228346456693 0.013502779984114376
2 0.2639763779527559 0.1113979348689436 0.00826771653543307 0.009134233518665607
0 0.8482283464566929 0.8830420969023034 0.06023622047244095 0.0790309769658459
0 0.8137795275590551 0.8486894360603654 0.046456692913385826 0.05798252581413821
0 0.7031496062992126 0.7684670373312152 0.07716535433070866 0.06830818109610802
0 0.628740157480315 0.6745432883240667 0.08188976377952756 0.07108816521048451
0 0.5883858267716535 0.6346306592533757 0.07283464566929133 0.07069102462271644
0 0.5405511811023622 0.574265289912629 0.05669291338582677 0.05559968228752978
0 0.5100393700787401 0.539515488482923 0.047637795275590554 0.050436854646544876
0 0.4596456692913386 0.49761715647339155 0.06023622047244095 0.057188244638602066
0 0.41653543307086616 0.443208895949166 0.06220472440944882 0.06036536934074663
0 0.36889763779527557 0.38224781572676725 0.05354330708661417 0.052819698173153296
0 0.29133858267716534 0.30103256552819696 0.07952755905511812 0.0778395552025417
0 0.1923228346456693 0.20413026211278792 0.06653543307086614 0.06036536934074663
0 0.1594488188976378 0.159054805401112 0.07637795275590552 0.07347100873709293
2 0.3450787401574803 0.3953534551231136 0.00905511811023622 0.009134233518665607
2 0.2614173228346457 0.33816521048451154 0.007874015748031496 0.007545671167593328
2 0.9196850393700787 0.35246227164416205 0.009448818897637795 0.009134233518665607
2 0.8181102362204724 0.2734312946783161 0.008661417322834646 0.009928514694201748
2 0.6761811023622047 0.8004368546465449 0.01062992125984252 0.011517077045274026
2 0.8190944881889763 0.9066719618745036 0.00905511811023622 0.011119936457505957
2 0.8141732283464567 0.5774424146147736 0.011023622047244094 0.009531374106433678
2 0.8238188976377953 0.4811358220810167 0.01062992125984252 0.011517077045274026
2 0.815748031496063 0.48093725178713265 0.009448818897637795 0.011119936457505957
2 0.7866141732283465 0.5137013502779985 0.008661417322834646 0.009134233518665607
2 0.49763779527559054 0.38661636219221607 0.007874015748031496 0.009928514694201748
2 0.4899606299212598 0.012311358220810167 0.00984251968503937 0.009531374106433678
0 0.13267716535433072 0.13085782366957904 0.07401574803149606 0.0726767275615568