2 0.6121323529411765 0.19051724137931034 0.011029411764705883 0.01896551724137931
2 0.034926470588235295 0.075 0.007352941176470588 0.010344827586206896
2 0.1474264705882353 0.5469827586206897 0.003676470588235294 0.016379310344827588
2 0.13878676470588236 0.38146551724137934 0.00625 0.016379310344827588
2 0.11121323529411764 0.35474137931034483 0.010661764705882353 0.01293103448275862
2 0.15165441176470587 0.1581896551724138 0.009926470588235294 0.014655172413793103
2 0.4299632352941177 0.07155172413793104 0.004779411764705883 0.020689655172413793
2 0.4224264705882353 0.11206896551724138 0.008823529411764706 0.022413793103448276
2 0.46875 0.19956896551724138 0.011764705882352941 0.01293103448275862
2 0.3659926470588235 0.6625 0.004779411764705883 0.02327586206896552
2 0.5974264705882353 0.46206896551724136 0.011764705882352941 0.010344827586206896
2 0.6459558823529412 0.3448275862068966 0.005147058823529412 0.020689655172413793
2 0.5549632352941176 0.2336206896551724 0.004044117647058824 0.022413793103448276
2 0.6376838235294118 0.22413793103448276 0.010661764705882353 0.010344827586206896
2 0.6384191176470588 0.20948275862068966 0.010661764705882353 0.01206896551724138
2 0.6112132352941176 0.20991379310344827 0.011397058823529411 0.019827586206896553
2 0.7020220588235294 0.2508620689655172 0.009191176470588236 0.010344827586206896
2 0.7277573529411765 0.2418103448275862 0.010661764705882353 0.009482758620689655
2 0.14852941176470588 0.7870689655172414 0.006617647058823529 0.03103448275862069
0 0.9306985294117647 0.5521551724137931 0.026838235294117645 0.2956896551724138
0 0.9056985294117647 0.5331896551724138 0.023161764705882354 0.325
0 0.8851102941176471 0.5456896551724137 0.027573529411764705 0.3568965517241379
0 0.8080882352941177 0.5439655172413793 0.021323529411764706 0.2810344827586207
0 0.7501838235294118 0.5836206896551724 0.04522058823529412 0.41551724137931034
0 0.7145220588235294 0.5280172413793104 0.02463235294117647 0.29051724137931034
0 0.685110294117647 0.6198275862068966 0.03419117647058824 0.36379310344827587
0 0.6305147058823529 0.740948275862069 0.015441176470588236 0.17672413793103448
0 0.5112132352941177 0.7728448275862069 0.022426470588235294 0.19224137931034482
0 0.4875 0.7693965517241379 0.01838235294117647 0.19741379310344828
0 0.38529411764705884 0.8202586206896552 0.027205882352941177 0.19224137931034482
0 0.34154411764705883 0.8297413793103449 0.019852941176470587 0.1353448275862069
0 0.22481617647058824 0.7724137931034483 0.017279411764705883 0.15517241379310345
0 0.19246323529411766 0.7353448275862069 0.016544117647058824 0.1810344827586207
0 0.1610294117647059 0.719396551724138 0.023529411764705882 0.2025862068965517
0 0.12095588235294118 0.6866379310344828 0.022794117647058822 0.18189655172413793
2 0.1943014705882353 0.8068965517241379 0.006985294117647059 0.039655172413793106
2 0.2145220588235294 0.8267241379310345 0.006985294117647059 0.02586206896551724
2 0.34558823529411764 0.8771551724137931 0.008088235294117648 0.03362068965517241
2 0.7150735294117647 0.6629310344827586 0.004411764705882353 0.02413793103448276
2 0.7542279411764706 0.2103448275862069 0.008455882352941176 0.010344827586206896
2 0.8801470588235294 0.30431034482758623 0.008823529411764706 0.015517241379310345
2 0.8790441176470588 0.33189655172413796 0.007352941176470588 0.010344827586206896
2 0.8784926470588236 0.325 0.006985294117647059 0.010344827586206896
2 0.7845588235294118 0.4702586206896552 0.005147058823529412 0.02327586206896552
2 0.9740808823529412 0.6642241379310345 0.008455882352941176 0.026724137931034484
2 0.8049632352941176 0.6775862068965517 0.004779411764705883 0.022413793103448276
2 0.6838235294117647 0.7586206896551724 0.005147058823529412 0.022413793103448276
2 0.6755514705882353 0.756896551724138 0.008455882352941176 0.03620689655172414
2 0.5108455882352941 0.8504310344827586 0.009926470588235294 0.011206896551724138
2 0.12095588235294118 0.7689655172413793 0.005147058823529412 0.022413793103448276
2 0.027941176470588237 0.7064655172413793 0.006617647058823529 0.026724137931034484
2 0.7976102941176471 0.6732758620689655 0.006985294117647059 0.029310344827586206
2 0.7522058823529412 0.756896551724138 0.0058823529411764705 0.027586206896551724
2 0.7454044117647058 0.7586206896551724 0.0055147058823529415 0.027586206896551724
2 0.7358455882352941 0.7564655172413793 0.007720588235294118 0.028448275862068967
2 0.2681985294117647 0.521551724137931 0.0055147058823529415 0.020689655172413793
0 0.03308823529411765 0.6349137931034483 0.025735294117647058 0.16637931034482759