2 0.3332575068243858 0.05974025974025974 0.006824385805277525 0.015584415584415584
0 0.15605095541401273 0.8532467532467533 0.0791628753412193 0.24675324675324675
0 0.3662420382165605 0.3497835497835498 0.017288444040036398 0.23896103896103896
0 0.42902638762511375 0.3316017316017316 0.017288444040036398 0.18874458874458874
0 0.5379890809827116 0.23333333333333334 0.02684258416742493 0.19653679653679654
0 0.6019108280254777 0.21558441558441557 0.03184713375796178 0.19047619047619047
0 0.6963148316651502 0.12164502164502164 0.06505914467697907 0.22943722943722944
0 0.9103730664240218 0.9086580086580086 0.052775250227479524 0.1619047619047619
0 0.8489535941765242 0.8753246753246753 0.01910828025477707 0.08831168831168831
0 0.6967697907188353 0.6896103896103896 0.011373976342129208 0.15497835497835497
0 0.6239763421292084 0.7333333333333333 0.03139217470427662 0.21645021645021645
0 0.37147406733393995 0.861038961038961 0.019563239308462238 0.12554112554112554
2 0.2552320291173794 0.2675324675324675 0.00545950864422202 0.022510822510822513
2 0.4317561419472247 0.44415584415584414 0.01091901728844404 0.015584415584415584
2 0.26387625113739765 0.27056277056277056 0.010009099181073703 0.023376623376623377
2 0.362147406733394 0.09653679653679653 0.007279344858962694 0.025108225108225107
2 0.805277525022748 0.9160173160173161 0.007279344858962694 0.02077922077922078
2 0.6917652411282984 0.6493506493506493 0.005914467697907188 0.025974025974025976
2 0.7101910828025477 0.22164502164502164 0.009099181073703366 0.022510822510822513
2 0.4317561419472247 0.4303030303030303 0.012738853503184714 0.013852813852813853
0 0.24340309372156507 0.3497835497835498 0.02456778889899909 0.24415584415584415