2 0.8747016706443914 0.14248251748251747 0.008353221957040573 0.022727272727272728
2 0.6667661097852029 0.1673951048951049 0.008949880668257757 0.028846153846153848
2 0.5662291169451074 0.7333916083916084 0.008353221957040573 0.024475524475524476
2 0.5534009546539379 0.7478146853146853 0.017303102625298328 0.013111888111888112
2 0.5268496420047732 0.7447552447552448 0.02028639618138425 0.013986013986013986
2 0.40244630071599047 0.23601398601398602 0.010143198090692125 0.024475524475524476
2 0.4388424821002387 0.2403846153846154 0.011336515513126491 0.027972027972027972
2 0.4519689737470167 0.23557692307692307 0.007756563245823389 0.018356643356643356
2 0.5536992840095465 0.2006118881118881 0.008353221957040573 0.021853146853146852
2 0.5393794749403341 0.208479020979021 0.008353221957040573 0.027097902097902096
2 0.5632458233890215 0.2006118881118881 0.00954653937947494 0.025349650349650348
2 0.5900954653937948 0.208479020979021 0.010739856801909307 0.027097902097902096
2 0.6521479713603818 0.16958041958041958 0.010739856801909307 0.03146853146853147
2 0.6211217183770883 0.7552447552447552 0.017899761336515514 0.015734265734265736
0 0.21360381861575178 0.6778846153846154 0.011933174224343675 0.0236013986013986
0 0.6148568019093079 0.7443181818181818 0.02684964200477327 0.03409090909090909
0 0.5844272076372315 0.7277097902097902 0.012529832935560859 0.032342657342657344
0 0.5560859188544153 0.7255244755244755 0.016706443914081145 0.038461538461538464
0 0.36605011933174225 0.7001748251748252 0.012529832935560859 0.04020979020979021
0 0.3872315035799523 0.701486013986014 0.010739856801909307 0.03583916083916084
0 0.41229116945107397 0.7054195804195804 0.013126491646778043 0.03496503496503497
0 0.4659904534606205 0.7115384615384616 0.013126491646778043 0.033216783216783216
0 0.5086515513126492 0.7180944055944056 0.014916467780429593 0.03409090909090909
0 0.4895584725536993 0.715034965034965 0.013723150357995227 0.03496503496503497
2 0.5763723150357996 0.7390734265734266 0.00954653937947494 0.025349650349650348
2 0.6437947494033412 0.756993006993007 0.010739856801909307 0.033216783216783216
0 0.31742243436754175 0.6909965034965035 0.011933174224343675 0.037587412587412584
2 0.3940930787589499 0.7119755244755245 0.008949880668257757 0.025349650349650348
2 0.7252386634844868 0.7722902097902098 0.007756563245823389 0.0236013986013986
2 0.7085322195704057 0.7692307692307693 0.010143198090692125 0.026223776223776224
2 0.19212410501193317 0.7456293706293706 0.007159904534606206 0.024475524475524476
2 0.22165871121718378 0.7534965034965035 0.008949880668257757 0.026223776223776224
2 0.2607398568019093 0.7062937062937062 0.015513126491646777 0.015734265734265736
2 0.3096658711217184 0.6975524475524476 0.00954653937947494 0.027972027972027972
2 0.34755369928400953 0.7058566433566433 0.010143198090692125 0.025349650349650348
2 0.3123508353221957 0.7657342657342657 0.012529832935560859 0.027972027972027972
2 0.40423627684964203 0.7797202797202797 0.011336515513126491 0.022727272727272728
2 0.4197494033412888 0.7163461538461539 0.007756563245823389 0.025349650349650348
2 0.3738066825775656 0.7067307692307693 0.012529832935560859 0.037587412587412584
2 0.6646778042959427 0.7600524475524476 0.010739856801909307 0.030594405594405596
2 0.4457040572792363 0.7185314685314685 0.010739856801909307 0.03671328671328671
2 0.45316229116945106 0.7880244755244755 0.010143198090692125 0.025349650349650348
2 0.4797136038186158 0.777534965034965 0.017899761336515514 0.01486013986013986
2 0.5122315035799523 0.7958916083916084 0.010143198090692125 0.0236013986013986
2 0.5495226730310262 0.798951048951049 0.010739856801909307 0.027972027972027972
2 0.5739856801909308 0.7998251748251748 0.010739856801909307 0.026223776223776224
2 0.608890214797136 0.8050699300699301 0.008949880668257757 0.024475524475524476
2 0.6217183770883055 0.8098776223776224 0.007159904534606206 0.030594405594405596
2 0.6813842482100239 0.7609265734265734 0.00954653937947494 0.027097902097902096
2 0.6736276849642004 0.7631118881118881 0.00954653937947494 0.026223776223776224
0 0.33741050119331745 0.6971153846153846 0.014916467780429593 0.027097902097902096
0 0.293854415274463 0.6888111888111889 0.013723150357995227 0.038461538461538464
0 0.9433174224343676 0.18094405594405594 0.017899761336515514 0.050699300699300696
0 0.6002386634844868 0.2714160839160839 0.02386634844868735 0.1215034965034965
0 0.6193317422434368 0.25961538461538464 0.027446300715990454 0.1451048951048951
0 0.6437947494033412 0.18444055944055945 0.015513126491646777 0.050699300699300696
0 0.6742243436754176 0.17875874125874125 0.014319809069212411 0.04807692307692308
0 0.7037589498806682 0.16958041958041958 0.013723150357995227 0.050699300699300696
0 0.7482100238663485 0.1604020979020979 0.0477326968973747 0.06031468531468531
0 0.8356205250596659 0.14466783216783216 0.03281622911694511 0.051573426573426576
0 0.780727923627685 0.15034965034965034 0.012529832935560859 0.043706293706293704
0 0.8028042959427207 0.14117132867132867 0.019689737470167064 0.04632867132867133
0 0.8788782816229117 0.15646853146853146 0.021479713603818614 0.04895104895104895
0 0.9809069212410502 0.1971153846153846 0.015513126491646777 0.039335664335664336
0 0.5545942720763724 0.26617132867132864 0.024463007159904536 0.15297202797202797
0 0.1807875894988067 0.7491258741258742 0.015513126491646777 0.022727272727272728
0 0.09457040572792363 0.9322552447552448 0.02684964200477327 0.05506993006993007
0 0.09815035799522673 0.8597027972027972 0.030429594272076373 0.05332167832167832
0 0.10948687350835322 0.7902097902097902 0.03400954653937947 0.050699300699300696
0 0.12291169451073986 0.6494755244755245 0.029832935560859187 0.04895104895104895
0 0.09785202863961814 0.5244755244755245 0.045346062052505964 0.03146853146853147
0 0.12529832935560858 0.4340034965034965 0.05250596658711217 0.06031468531468531
0 0.15960620525059666 0.3728146853146853 0.038782816229116945 0.07080419580419581
0 0.19212410501193317 0.3500874125874126 0.04295942720763723 0.08304195804195805
0 0.2139021479713604 0.32736013986013984 0.042362768496420046 0.08129370629370629
0 0.5739856801909308 0.2666083916083916 0.026252983293556086 0.14685314685314685
0 0.527744630071599 0.270541958041958 0.0256563245823389 0.14248251748251747
0 0.2652147971360382 0.6835664335664335 0.013723150357995227 0.04020979020979021
0 0.4621121718377088 0.7915209790209791 0.014916467780429593 0.027097902097902096
0 0.24463007159904535 0.6853146853146853 0.02028639618138425 0.033216783216783216
0 0.24105011933174225 0.7591783216783217 0.014319809069212411 0.0236013986013986
0 0.25626491646778043 0.7622377622377622 0.012529832935560859 0.02097902097902098
0 0.2881861575178998 0.7674825174825175 0.015513126491646777 0.022727272727272728
0 0.3120525059665871 0.7657342657342657 0.01909307875894988 0.03496503496503497
0 0.33502386634844866 0.7722902097902098 0.012529832935560859 0.025349650349650348
0 0.3672434367541766 0.7766608391608392 0.011336515513126491 0.027097902097902096
0 0.383054892601432 0.7801573426573427 0.014319809069212411 0.028846153846153848
0 0.4128878281622912 0.7827797202797203 0.015513126491646777 0.027097902097902096
0 0.434964200477327 0.7867132867132867 0.014319809069212411 0.027972027972027972
0 0.5581742243436754 0.8063811188811189 0.014916467780429593 0.028846153846153848
0 0.5011933174224343 0.27928321678321677 0.029832935560859187 0.131993006993007
0 0.652744630071599 0.819493006993007 0.021479713603818614 0.032342657342657344
0 0.6816825775656324 0.7631118881118881 0.09367541766109785 0.057692307692307696
0 0.6757159904534606 0.8256118881118881 0.020883054892601432 0.025349650349650348
0 0.6957040572792362 0.8295454545454546 0.015513126491646777 0.026223776223776224
0 0.3424821002386635 0.27666083916083917 0.022673031026252982 0.10751748251748251
0 0.37828162291169454 0.28190559440559443 0.02028639618138425 0.10576923076923077
0 0.4078162291169451 0.2770979020979021 0.0256563245823389 0.12237762237762238
0 0.4301909307875895 0.28365384615384615 0.029832935560859187 0.1215034965034965
0 0.456145584725537 0.28715034965034963 0.024463007159904536 0.11975524475524475
0 0.47583532219570407 0.28452797202797203 0.0256563245823389 0.11101398601398602
2 0.08263723150357995 0.9449300699300699 0.008949880668257757 0.027972027972027972
2 0.10769689737470167 0.6512237762237763 0.0220763723150358 0.03671328671328671
2 0.18794749403341288 0.3125 0.016706443914081145 0.027097902097902096
2 0.21300715990453462 0.29632867132867136 0.016706443914081145 0.027972027972027972
2 0.10769689737470167 0.7657342657342657 0.014916467780429593 0.02097902097902098
2 0.8138424821002387 0.13155594405594406 0.007159904534606206 0.021853146853146852
2 0.639618138424821 0.2840909090909091 0.011933174224343675 0.01048951048951049
2 0.5531026252983293 0.618006993006993 0.00954653937947494 0.026223776223776224
2 0.7159904534606205 0.8181818181818182 0.00954653937947494 0.024475524475524476
2 0.6727326968973747 0.8085664335664335 0.018496420047732696 0.01048951048951049
2 0.5176014319809069 0.7259615384615384 0.007756563245823389 0.027097902097902096
2 0.48001193317422436 0.7242132867132867 0.010143198090692125 0.025349650349650348
2 0.360381861575179 0.7709790209790209 0.008353221957040573 0.02097902097902098
2 0.09695704057279236 0.9501748251748252 0.007756563245823389 0.026223776223776224
2 0.08681384248210024 0.8872377622377622 0.014916467780429593 0.012237762237762238
2 0.42720763723150357 0.715034965034965 0.007159904534606206 0.017482517482517484
2 0.28460620525059666 0.6936188811188811 0.00954653937947494 0.027097902097902096
2 0.22911694510739858 0.6879370629370629 0.008353221957040573 0.022727272727272728
2 0.5229713603818615 0.5327797202797203 0.008949880668257757 0.018356643356643356
2 0.4486873508353222 0.4965034965034965 0.007159904534606206 0.02097902097902098
2 0.37559665871121717 0.4178321678321678 0.008949880668257757 0.024475524475524476
2 0.3559069212410501 0.23470279720279721 0.008949880668257757 0.025349650349650348
2 0.9540572792362768 0.16914335664335664 0.00954653937947494 0.028846153846153848
2 0.7965393794749404 0.1333041958041958 0.014319809069212411 0.03409090909090909
2 0.7607398568019093 0.1451048951048951 0.00954653937947494 0.02972027972027972
2 0.714200477326969 0.15166083916083917 0.010739856801909307 0.03409090909090909
2 0.7294152744630071 0.15034965034965034 0.008949880668257757 0.019230769230769232
2 0.7497016706443914 0.14554195804195805 0.010143198090692125 0.0236013986013986
2 0.77118138424821 0.2652972027972028 0.007756563245823389 0.0236013986013986
2 0.8732100238663485 0.3553321678321678 0.017303102625298328 0.016608391608391608
2 0.9749403341288783 0.8203671328671329 0.01909307875894988 0.01486013986013986
2 0.9647971360381862 0.9637237762237763 0.01909307875894988 0.013111888111888112
2 0.7097255369928401 0.3688811188811189 0.008949880668257757 0.012237762237762238
2 0.9075178997613366 0.576486013986014 0.017899761336515514 0.027097902097902096
2 0.8946897374701671 0.4541083916083916 0.008949880668257757 0.025349650349650348
2 0.9829952267303103 0.5008741258741258 0.016109785202863963 0.02972027972027972
2 0.8645584725536993 0.2880244755244755 0.007159904534606206 0.01486013986013986
0 0.2932577565632458 0.2727272727272727 0.019689737470167064 0.11363636363636363