0 0.46864631718646316 0.6568287037037037 0.014930325149303252 0.08912037037037036
0 0.8045786330457864 0.7222222222222222 0.021897810218978103 0.06712962962962964
0 0.7636031851360319 0.7037037037037037 0.014266755142667552 0.05324074074074074
0 0.7158261446582614 0.6956018518518519 0.02023888520238885 0.05324074074074074
0 0.6614134041141341 0.6898148148148148 0.029528865295288653 0.07407407407407407
0 0.614963503649635 0.6898148148148148 0.014930325149303252 0.09259259259259259
0 0.5703384207033843 0.6817129629629629 0.015925680159256803 0.08564814814814815
0 0.5170869276708693 0.6741898148148148 0.019575315195753153 0.08680555555555555
0 0.4208692767086928 0.6527777777777778 0.014266755142667552 0.08796296296296297
0 0.9152289316522894 0.7505787037037037 0.022229595222295954 0.06828703703703703
0 0.37657597876575977 0.6417824074074074 0.014598540145985401 0.08217592592592593
0 0.31851360318513605 0.6140046296296297 0.021897810218978103 0.06828703703703703
0 0.2745520902455209 0.5989583333333334 0.021566025215660253 0.059027777777777776
0 0.22926343729263438 0.5810185185185185 0.021234240212342402 0.06018518518518518
0 0.17534837425348374 0.5648148148148148 0.045454545454545456 0.07175925925925926
0 0.13221632382216325 0.5734953703703703 0.01625746516257465 0.06828703703703703
0 0.03234903782349038 0.5410879629629629 0.01227604512276045 0.09837962962962964
0 0.8664565361645654 0.7407407407407407 0.022229595222295954 0.06944444444444445
0 0.9641672196416722 0.765625 0.026542800265428004 0.06597222222222222
2 0.8594890510948905 0.5063657407407407 0.008958195089581952 0.061342592592592594
0 0.49253483742534837 0.40219907407407407 0.019575315195753153 0.07523148148148148
0 0.1453218314532183 0.31828703703703703 0.011944260119442602 0.08796296296296297
0 0.18331121433311215 0.33564814814814814 0.01891174518911745 0.05324074074074074
0 0.23390842733908426 0.3472222222222222 0.025879230258792303 0.046296296296296294
0 0.2825149303251493 0.36226851851851855 0.01824817518248175 0.04398148148148148
0 0.3098871930988719 0.37094907407407407 0.0046449900464499 0.04050925925925926
0 0.354014598540146 0.39467592592592593 0.0404777704047777 0.08333333333333333
0 0.42667551426675515 0.41608796296296297 0.027206370272063702 0.07060185185185185
0 0.5408095554080955 0.4201388888888889 0.0378234903782349 0.032407407407407406
0 0.9794293297942933 0.5219907407407407 0.017916390179163903 0.05787037037037037
0 0.6265759787657598 0.43287037037037035 0.019575315195753153 0.0763888888888889
0 0.6708692767086928 0.44733796296296297 0.019243530192435302 0.07060185185185185
0 0.7290975447909754 0.46875 0.02090245520902455 0.07175925925925926
0 0.774386197743862 0.4895833333333333 0.019243530192435302 0.08333333333333333
0 0.8213337757133378 0.4947916666666667 0.01824817518248175 0.06597222222222222
0 0.8725945587259456 0.5011574074074074 0.019907100199071003 0.07407407407407407
0 0.9197080291970803 0.5162037037037037 0.025879230258792303 0.07407407407407407
2 0.09903782349037824 0.31828703703703703 0.009621765096217651 0.06712962962962964
2 0.042468480424684804 0.5248842592592593 0.010617120106171201 0.06597222222222222
2 0.12093563370935634 0.5277777777777778 0.021566025215660253 0.03009259259259259
2 0.9157266091572661 0.5208333333333334 0.0072992700729927005 0.05555555555555555
2 0.9455872594558726 0.7488425925925926 0.010617120106171201 0.07175925925925926
2 0.966987392169874 0.5324074074074074 0.01028533510285335 0.07175925925925926
2 0.1365295288652953 0.32060185185185186 0.009621765096217651 0.06712962962962964
2 0.8133709356337093 0.2013888888888889 0.009621765096217651 0.06712962962962964
2 0.14366290643662907 0.5590277777777778 0.0092899800928998 0.06712962962962964
2 0.36712010617120105 0.6197916666666666 0.007631055076310551 0.05439814814814815
2 0.809721300597213 0.49537037037037035 0.010948905109489052 0.0763888888888889
2 0.7149966821499668 0.4832175925925926 0.010617120106171201 0.06828703703703703
2 0.7422030524220306 0.4861111111111111 0.0112806901128069 0.08333333333333333
2 0.7886529528865295 0.4988425925925926 0.0092899800928998 0.07175925925925926
2 0.15627073656270737 0.3211805555555556 0.009953550099535502 0.08680555555555555
2 0.19790975447909753 0.35648148148148145 0.011612475116124751 0.0787037037037037
2 0.24452554744525548 0.5879629629629629 0.0112806901128069 0.08796296296296297
2 0.26211015262110154 0.5763888888888888 0.007962840079628402 0.0625
2 0.2503317850033179 0.3732638888888889 0.010948905109489052 0.06828703703703703
2 0.29114134041141343 0.5954861111111112 0.01028533510285335 0.07060185185185185
2 0.3115461181154612 0.5659722222222222 0.0185799601857996 0.02546296296296296
2 0.3886861313868613 0.6319444444444444 0.009621765096217651 0.06481481481481481
2 0.6403450564034505 0.4537037037037037 0.009953550099535502 0.07407407407407407
2 0.6575978765759788 0.46296296296296297 0.0072992700729927005 0.05787037037037037
2 0.6799933642999336 0.6869212962962963 0.009621765096217651 0.06828703703703703
2 0.7310882548108826 0.6961805555555556 0.008958195089581952 0.06365740740740741
2 0.752156602521566 0.703125 0.008626410086264101 0.06828703703703703
2 0.8195089581950896 0.7204861111111112 0.0092899800928998 0.07291666666666667
2 0.847378898473789 0.7997685185185185 0.0072992700729927005 0.05324074074074074
0 0.08991373589913736 0.2986111111111111 0.009953550099535502 0.1111111111111111