2 0.5722052327556915 0.28062283737024224 0.008834522595990485 0.01730103806228374
2 0.4181107713217805 0.6086505190311419 0.012572205232755691 0.03529411764705882
0 0.1875637104994903 0.2546712802768166 0.07679238871899423 0.30034602076124567
0 0.2308868501529052 0.29826989619377164 0.07305470608222901 0.28096885813148786
0 0.2889908256880734 0.3695501730103806 0.08120965001698946 0.2366782006920415
0 0.3494733265375467 0.4449826989619377 0.07169554875976894 0.22837370242214533
0 0.4233775059463133 0.5380622837370242 0.0618416581719334 0.1875432525951557
0 0.5528372409106354 0.4754325259515571 0.1291199456337071 0.427681660899654
0 0.7604485219164119 0.5844290657439446 0.08154943934760449 0.43944636678200694
0 0.8588175331294597 0.8083044982698961 0.07373428474345906 0.2823529411764706
2 0.10856269113149847 0.34290657439446365 0.014610941216445803 0.04083044982698962
2 0.14763846415222562 0.3754325259515571 0.016649677200135916 0.04913494809688582
2 0.21525654094461433 0.43252595155709345 0.019367991845056064 0.05121107266435986
2 0.3413183826027863 0.5401384083044982 0.015970098538905877 0.04498269896193772
2 0.43085287121984367 0.613840830449827 0.01834862385321101 0.04844290657439446
2 0.4911654774040095 0.6245674740484429 0.016649677200135916 0.04775086505190312
2 0.4911654774040095 0.17889273356401383 0.007135575942915392 0.02422145328719723
2 0.7871219843696908 0.1892733564013841 0.009174311926605505 0.03529411764705882
2 0.8839619435949712 0.22629757785467128 0.007135575942915392 0.03875432525951557
0 0.11501868841318383 0.22698961937716264 0.07713217804960924 0.2740484429065744