2 0.11350813143046798 0.24390951276102088 0.003982741453700631 0.016821345707656612
0 0.8060073016926651 0.6653132250580046 0.018254231662794558 0.24129930394431554
0 0.8542980418187852 0.8187354988399071 0.01261201460338533 0.10846867749419954
0 0.9709591769000996 0.574245939675174 0.005974112180550946 0.052204176334106726
0 0.9458181214736143 0.5617749419953596 0.006140059741121805 0.0574245939675174
0 0.8591105210753401 0.7308584686774942 0.003318951211417192 0.06496519721577726
0 0.8661632923996018 0.6145591647331786 0.013773647527381347 0.16415313225058004
0 0.6030534351145038 0.6809744779582366 0.02223697311649519 0.3561484918793503
2 0.16179887155658812 0.04698375870069606 0.0019913707268503153 0.013921113689095127
0 0.6769830733488218 0.6525522041763341 0.019083969465648856 0.3190255220417633
0 0.5376700962495852 0.4657772621809745 0.021573182874211748 0.154292343387471
0 0.24601725854629936 0.4341647331786543 0.032359774311317625 0.2685614849187935
0 0.056339196813806836 0.21258700696055685 0.007135745104546963 0.0759860788863109
0 0.07816130102887488 0.2117169373549884 0.007633587786259542 0.07424593967517401
0 0.11201460338533023 0.22389791183294663 0.0069697975439761035 0.08816705336426914
0 0.1397278460006638 0.32047563805104406 0.017590441420511117 0.20939675174013922
0 0.16237968801858613 0.314385150812065 0.010122801194822437 0.154292343387471
0 0.2132426153335546 0.3642691415313225 0.03352140723531364 0.2703016241299304
0 0.32227016262860936 0.5385730858468677 0.035512777962163955 0.3439675174013921
0 0.4614171921672751 0.587877030162413 0.01310985728509791 0.3103248259860789
0 0.3411881845336874 0.5124709976798144 0.023232658479920346 0.26508120649651973
0 0.4000165947560571 0.3694895591647332 0.006140059741121805 0.07540603248259861
0 0.4191835380019914 0.6531322505800464 0.004978426817125788 0.13921113689095127
0 0.42250248921340855 0.5551044083526682 0.0086292731496847 0.05568445475638051
0 0.42366412213740456 0.42169373549883993 0.005642217059409226 0.20417633410672853
0 0.4389312977099237 0.554814385150812 0.009956853634251576 0.34976798143851506
2 0.12993693992698307 0.412122969837587 0.003318951211417192 0.017981438515081206
2 0.9424161964819117 0.5826566125290024 0.0019913707268503153 0.011020881670533642
2 0.44117158977763027 0.7215777262180975 0.002821108529704613 0.01740139211136891
2 0.42142383006969797 0.37296983758700697 0.0014935280451377365 0.010440835266821345
2 0.42374709591769 0.3720997679814385 0.0011616329239960172 0.011020881670533642
2 0.23539661466976436 0.5736658932714617 0.0051443743776966476 0.012761020881670533
2 0.1962329903750415 0.48259860788863107 0.0031530036508463327 0.016241299303944315
2 0.33587786259541985 0.6357308584686775 0.003318951211417192 0.019721577726218097
2 0.13549618320610687 0.4167633410672854 0.002821108529704613 0.017981438515081206
2 0.2160637238632592 0.06786542923433875 0.004978426817125788 0.010440835266821345
2 0.751742449385994 0.09831786542923433 0.0023232658479920344 0.017981438515081206
2 0.7487553932957186 0.1424013921113689 0.002655160969133754 0.014501160092807424
0 0.03360438101559907 0.18532482598607888 0.006140059741121805 0.037703016241299306