0 0.7402145987607677 0.46153846153846156 0.003929273084479371 0.16377171215880892
0 0.7223061810488136 0.4857320099255583 0.0049871542995315096 0.12034739454094293
0 0.6976726613268853 0.4652605459057072 0.009520930935469246 0.11910669975186104
0 0.6866404715127702 0.47146401985111663 0.005289406075260692 0.11662531017369727
0 0.6555085386126643 0.4305210918114144 0.0049871542995315096 0.03225806451612903
0 0.6065437509445368 0.4522332506203474 0.01012543448692761 0.1054590570719603
0 0.5825147347740668 0.4088089330024814 0.004684902523802327 0.0707196029776675
0 0.5696690343055766 0.38089330024813894 0.006800664953906604 0.0967741935483871
0 0.5487380988363306 0.36786600496277916 0.008463049720417108 0.12034739454094293
0 0.5319631252833611 0.3709677419354839 0.00634728729031283 0.09429280397022333
0 0.5126945745806256 0.3542183622828784 0.0086141756082817 0.11786600496277916
0 0.49032794317666617 0.3548387096774194 0.0034758954208855978 0.1141439205955335
0 0.4778600574278374 0.36786600496277916 0.003022517757291824 0.13027295285359802
0 0.46070726915520627 0.3641439205955335 0.007405168505364969 0.13523573200992556
0 0.4314644098534079 0.412531017369727 0.00876530149614629 0.2642679900744417
0 0.4163518210669488 0.3858560794044665 0.005138280187396101 0.17866004962779156
0 0.4019948617198126 0.42121588089330025 0.005138280187396101 0.1600496277915633
0 0.38333081456853557 0.44292803970223327 0.005893909626719057 0.1761786600496278
0 0.3404110624149917 0.4956575682382134 0.0034758954208855978 0.12034739454094293
0 0.321822578207647 0.5080645161290323 0.004684902523802327 0.1228287841191067
0 0.27890282605410305 0.5862282878411911 0.0049871542995315096 0.1575682382133995
0 0.26386580021157624 0.6035980148883374 0.005138280187396101 0.13771712158808933
0 0.2503400332476953 0.609181141439206 0.005591657850989875 0.13895781637717122
0 0.2357563850687623 0.5874689826302729 0.0033247695330210067 0.2642679900744417
0 0.21747015263714675 0.5471464019851117 0.005742783738854466 0.3746898263027295
0 0.1888317968868067 0.45843672456575685 0.007102916729635787 0.4478908188585608
0 0.14885899954662232 0.575682382133995 0.006045035514583648 0.31265508684863524
0 0.09853407888771347 0.5378411910669976 0.005440531963125284 0.38337468982630274
0 0.06498413178177422 0.5285359801488834 0.006045035514583648 0.39950372208436724
0 0.7574429499773311 0.4112903225806452 0.0024180142058334592 0.1228287841191067
0 0.773764545866707 0.45533498759305213 0.008463049720417108 0.2506203473945409
0 0.7938642889526976 0.434863523573201 0.00755629439322956 0.22704714640198512
2 0.5355145836481789 0.3294044665012407 0.002266888317968868 0.031017369727047148
2 0.911818044431011 0.5558312655086849 0.0019646365422396855 0.02977667493796526
2 0.9078887713465317 0.533498759305211 0.002266888317968868 0.034739454094292806
2 0.744370560677044 0.5676178660049628 0.0019646365422396855 0.028535980148883373
2 0.7901617047000151 0.3641439205955335 0.0019646365422396855 0.031017369727047148
2 0.694801269457458 0.42555831265508687 0.002266888317968868 0.02977667493796526
2 0.6967659059996978 0.4249379652605459 0.0019646365422396855 0.031017369727047148
2 0.6343509143116216 0.36042183622828783 0.004684902523802327 0.02357320099255583
2 0.6104730240290162 0.43300248138957814 0.0025691400936980503 0.04218362282878412
2 0.605561432673417 0.41563275434243174 0.003929273084479371 0.019851116625310174
2 0.5859906301949523 0.3889578163771712 0.0025691400936980503 0.03598014888337469
2 0.5792655281849781 0.4472704714640198 0.002115762430104277 0.04094292803970223
2 0.5504760465467735 0.33126550868486354 0.0025691400936980503 0.03722084367245657
2 0.5276560374792202 0.33312655086848636 0.002266888317968868 0.03598014888337469
0 0.8294544355448088 0.5031017369727047 0.0049871542995315096 0.2369727047146402
2 0.5139791446274747 0.31451612903225806 0.0024180142058334592 0.038461538461538464
2 0.3832552516246033 0.3740694789081886 0.0024180142058334592 0.033498759305210915
2 0.14651654828472116 0.43424317617866004 0.002266888317968868 0.03722084367245657
2 0.2801118331570198 0.5229528535980149 0.002266888317968868 0.04590570719602978
2 0.1870938491763639 0.24069478908188585 0.002115762430104277 0.03225806451612903
2 0.029922925797189057 0.5415632754342432 0.002115762430104277 0.013647642679900745
2 0.03717696841468943 0.5024813895781638 0.002115762430104277 0.034739454094292806
2 0.0961916276258123 0.36042183622828783 0.0016623847665105033 0.028535980148883373
0 0.9793713163064833 0.446029776674938 0.006800664953906604 0.11290322580645161
0 0.9624452168656491 0.5037220843672456 0.004684902523802327 0.1761786600496278
0 0.9376605712558561 0.5161290322580645 0.005893909626719057 0.2853598014888337
0 0.9107601632159589 0.5794044665012407 0.0049871542995315096 0.12158808933002481
0 0.8914160495692912 0.673697270471464 0.005893909626719057 0.12158808933002481
0 0.032265377059090224 0.56575682382134 0.008916427384010881 0.1761786600496278