0 0.8941950243065485 0.24890829694323144 0.020017157563625966 0.22707423580786026
0 0.8698884758364313 0.2781659388646288 0.021160995138690308 0.22096069868995633
0 0.845581927366314 0.30305676855895197 0.021732913926222477 0.2183406113537118
0 0.8146983128395768 0.3296943231441048 0.021160995138690308 0.20698689956331878
0 0.7871032313411496 0.38471615720524016 0.01915927938232771 0.17729257641921398
0 0.7570774949957106 0.4043668122270742 0.02201887331998856 0.20262008733624454
0 0.6921647126108093 0.4829694323144105 0.02087503574492422 0.19563318777292577
0 0.6395481841578495 0.5131004366812227 0.02087503574492422 0.21572052401746725
0 0.6112382041750072 0.5283842794759825 0.024878467257649414 0.22707423580786026
0 0.5810694881326851 0.5541484716157206 0.022304832713754646 0.21397379912663755
0 0.5346010866456963 0.5877729257641922 0.021446954532456392 0.20786026200873362
0 0.503145553331427 0.585589519650655 0.024306548470117244 0.24192139737991267
0 0.48269945667715186 0.6183406113537118 0.017157563625965114 0.20611353711790392
0 0.4170717758078353 0.662882096069869 0.01915927938232771 0.16244541484716157
0 0.3843294252216185 0.6759825327510917 0.015441807263368601 0.1851528384279476
0 0.3527309122104661 0.6502183406113538 0.021446954532456392 0.21746724890829694
0 0.32699456677151845 0.6576419213973799 0.02030311695739205 0.19912663755458515
0 0.2892479267943952 0.6323144104803493 0.0174435230197312 0.18340611353711792
0 0.26065198741778667 0.6104803493449782 0.027738061195310266 0.2445414847161572
0 0.22805261652845296 0.6912663755458516 0.02201887331998856 0.25240174672489085
0 0.19073491564197884 0.7004366812227074 0.030311695739205034 0.26375545851528387
0 0.15927938232770947 0.725764192139738 0.029167858164140692 0.3074235807860262
0 0.1315413211323992 0.7497816593886463 0.02459250786388333 0.27685589519650655
0 0.10022876751501286 0.8021834061135371 0.02030311695739205 0.24017467248908297
0 0.01701458392908207 0.9331877729257642 0.009436659994280812 0.09868995633187773
0 0.9205032885330283 0.24323144104803493 0.022304832713754646 0.22096069868995633
0 0.949671146697169 0.22707423580786026 0.025164426651415498 0.2427947598253275
0 0.9792679439519588 0.2441048034934498 0.014012010294538175 0.12663755458515283
2 0.9974263654561052 0.0445414847161572 0.005147269087789534 0.026200873362445413
2 0.7131827280526165 0.9707423580786027 0.005147269087789534 0.023580786026200874
2 0.8148412925364599 0.9026200873362445 0.004861309694023448 0.027074235807860263
2 0.9948527309122105 0.9567685589519651 0.006863025450386045 0.025327510917030567
2 0.9283671718615957 0.3131004366812227 0.002573634543894767 0.01834061135371179
2 0.15270231627108952 0.5864628820960699 0.004575350300257364 0.027074235807860263
2 0.9232199027738062 0.23013100436681222 0.004861309694023448 0.021834061135371178
2 0.9176436945953674 0.14497816593886462 0.005719187875321705 0.029694323144104803
2 0.8941950243065485 0.15589519650655023 0.0062911066628538745 0.03406113537117904
2 0.8861881612810981 0.16506550218340613 0.009722619388046897 0.017467248908296942
2 0.8131255361738633 0.24017467248908297 0.005433228481555619 0.02445414847161572
2 0.758507291964541 0.32139737991266376 0.004861309694023448 0.022707423580786028
2 0.6804403774663997 0.40655021834061134 0.006005147269087789 0.028820960698689956
2 0.627537889619674 0.4192139737991266 0.004861309694023448 0.02445414847161572
2 0.50657706605662 0.47729257641921397 0.004861309694023448 0.023580786026200874
2 0.5011438375750643 0.4790393013100437 0.0042893909064912784 0.021834061135371178
2 0.25050042893909064 0.5043668122270742 0.005147269087789534 0.025327510917030567
0 0.06791535601944523 0.8065502183406114 0.018015441807263367 0.2366812227074236