2 0.16419778844147714 0.31507449605609117 0.0025036511579386604 0.016652059596844872
2 0.0913832672647611 0.373794916739702 0.0025036511579386604 0.018404907975460124
0 0.5452743584393908 0.35276073619631904 0.014395994158147298 0.3128834355828221
0 0.5227414980179428 0.36108676599474143 0.017316920509075736 0.30148992112182293
0 0.5145003129563948 0.24539877300613497 0.007928228666805759 0.10867659947414549
0 0.49780930523680367 0.19851007887817704 0.003755476736907991 0.028921998247151623
0 0.4641143334028792 0.18580192813321647 0.0035468391404131026 0.05083260297984225
0 0.43375756311287295 0.2992988606485539 0.017108282912580847 0.2883435582822086
0 0.3401836010849155 0.2962313759859772 0.018568746088045065 0.3382997370727432
0 0.32338827456707697 0.29842243645924627 0.01293553098268308 0.3041191936897458
0 0.3119132067598581 0.2971078001752848 0.013770081368662633 0.32427695004382123
0 0.279470060504903 0.18404907975460122 0.00646776549134154 0.10867659947414549
0 0.24139369914458586 0.21866783523225242 0.0058418527018568745 0.08326029798422437
0 0.2164615063634467 0.26468010517090274 0.004798664719382432 0.05083260297984225
0 0.1883997496348842 0.25942156003505695 0.005424577508867098 0.06660823838737949
0 0.16544961402044647 0.2778264680105171 0.007928228666805759 0.09114811568799298
0 0.1416649280200292 0.34312007011393514 0.010431879824744418 0.1516213847502191
0 0.09096599207177133 0.3803680981595092 0.013352806175672857 0.16301489921121823
0 0.06113081577300229 0.4548641542506573 0.012518255789693303 0.22611744084136723
0 0.6018151470895056 0.35100788781770376 0.014813269351137075 0.19193689745836984
0 0.6588775297308574 0.41498685363716037 0.010849155017734195 0.24452234881682736
0 0.7066555393281869 0.4544259421560035 0.010014604631754642 0.2147239263803681
2 0.7262674733987065 0.3374233128834356 0.002086375964948884 0.015775635407537247
2 0.094408512413937 0.4255039439088519 0.004381389526392656 0.02716914986853637
2 0.34060087627790525 0.450920245398773 0.002712288754433549 0.021910604732690624
2 0.43573962027957436 0.37773882559158634 0.0031295639474233257 0.024539877300613498
2 0.6007719591070311 0.44171779141104295 0.0035468391404131026 0.024539877300613498
2 0.6596077613185896 0.5267309377738826 0.0022950135614437724 0.017528483786152498
2 0.8615689547256415 0.9263803680981595 0.0031295639474233257 0.026292725679228746
2 0.7063425829334447 0.5503943908851884 0.0035468391404131026 0.022787028921998246
0 0.7324222824953056 0.5083260297984225 0.014813269351137075 0.26643295354951796
2 0.6952847903192155 0.07142857142857142 0.0039641143334028794 0.02716914986853637
0 0.9445023993323597 0.6875547765118317 0.005007302315877321 0.4092900964066608
0 0.8918214062174004 0.7226117440841368 0.011892343000208638 0.4163014899211218
0 0.8639682870853328 0.7322524101665207 0.010014604631754642 0.4110429447852761
0 0.031087001877738368 0.3483786152497809 0.005424577508867098 0.04294478527607362