2 0.1611459265890779 0.5479214780600462 0.017905102954341987 0.05658198614318707
2 0.423455684870188 0.5207852193995381 0.017009847806624886 0.06004618937644342
2 0.33639212175470007 0.5831408775981525 0.019247985675917637 0.07621247113163972
2 0.07676812891674127 0.3851039260969977 0.017457475380483437 0.061200923787528866
0 0.9124888093106536 0.6980369515011547 0.025514771709937333 0.4907621247113164
0 0.8352730528200537 0.7471131639722863 0.048343777976723366 0.48267898383371827
0 0.7282900626678603 0.8579676674364896 0.01432408236347359 0.2748267898383372
0 0.7479856759176365 0.49480369515011546 0.023276633840644583 0.25057736720554274
0 0.6072068039391226 0.6327944572748267 0.06311548791405551 0.5080831408775982
0 0.5165622202327663 0.6189376443418014 0.04297224709042077 0.302540415704388
0 0.40868397493285585 0.668013856812933 0.07699194270367055 0.34757505773672054
0 0.30550581915846015 0.6633949191685913 0.05684870188003581 0.24595842956120093
0 0.16517457475380484 0.6299076212471132 0.049239033124440466 0.1766743648960739
0 0.049686660698299016 0.44515011547344113 0.051924798567591766 0.21593533487297922