2 0.6915026554201812 0.8761276891047883 0.009684473601999375 0.03539208882720333
2 0.7577319587628866 0.2768910478834143 0.009059668853483286 0.03608605135322693
0 0.9164323648859731 0.4253990284524636 0.03967510153077163 0.28591256072172105
0 0.8645735707591378 0.5062456627342123 0.02155576382380506 0.20610687022900764
0 0.7866291783817557 0.4361554476058293 0.05123398937831927 0.37682165163081194
0 0.7007185254607935 0.5499653018736989 0.023117775695095284 0.13532269257460097
0 0.6163698844111215 0.5298403886190146 0.048109965635738834 0.16169326856349758
0 0.5049984379881287 0.5041637751561415 0.043423930021868166 0.2768910478834143
0 0.3886285535770072 0.5454545454545454 0.04373633239612621 0.28036086051353226
0 0.32349265854420495 0.5600277585010409 0.024054982817869417 0.24566273421235255
0 0.2613245860668541 0.5430256766134629 0.03405185879412684 0.29493407356002777
0 0.19212746016869728 0.5617626648160999 0.03748828491096532 0.3060374739764053
0 0.14526710402999063 0.609646079111728 0.04373633239612621 0.35045107564191535
0 0.08684786004373633 0.6304649548924358 0.03561387066541706 0.3240804996530187