0 0.5145042194092827 0.5448129851799577 0.08913502109704641 0.17642907551164433
0 0.9567510548523207 0.06280875088214538 0.02531645569620253 0.08468595624558928
0 0.8222573839662447 0.3595624558927311 0.14029535864978904 0.28158080451658435
0 0.7381329113924051 0.3779110797459421 0.08913502109704641 0.19830628087508823
0 0.669831223628692 0.32074805928016936 0.029535864978902954 0.05434015525758645
0 0.6397679324894515 0.32533521524347214 0.03164556962025317 0.06633733239237827
0 0.6645569620253164 0.4625970359915314 0.0949367088607595 0.205363443895554
0 0.573048523206751 0.37826393789696544 0.021624472573839662 0.03669724770642202
0 0.5387658227848101 0.4322512350035286 0.018459915611814346 0.033168666196189134
0 0.5411392405063291 0.5261115031757233 0.07489451476793249 0.16725476358503882
0 0.44699367088607594 0.5695130557515878 0.06487341772151899 0.1707833450952717
0 0.40242616033755274 0.5349329569513056 0.03270042194092827 0.07621736062103035
0 0.3792194092827004 0.57833450952717 0.04219409282700422 0.1305575158786168
0 0.36128691983122363 0.5998588567395907 0.05168776371308017 0.1651376146788991
0 0.27848101265822783 0.5744530698659139 0.011603375527426161 0.03387438249823571
0 0.23628691983122363 0.6058574453069866 0.016877637130801686 0.045871559633027525
0 0.125 0.6637261820748059 0.04430379746835443 0.12632321806633734
0 0.08359704641350212 0.6665490472829922 0.031118143459915613 0.08680310515172901
0 0.07357594936708861 0.7551164431898377 0.07331223628691984 0.23712067748764998
0 0.9045358649789029 0.0995059985885674 0.04008438818565401 0.09880028228652082
0 0.8736814345991561 0.13443895553987298 0.0469409282700422 0.08821453775582216
0 0.8177742616033755 0.15419901199717714 0.034282700421940926 0.07551164431898377
2 0.0145042194092827 0.7025405786873676 0.007911392405063292 0.016231474947071278
2 0.3401898734177215 0.4728299223712068 0.006329113924050633 0.009880028228652082
2 0.5295358649789029 0.48870853916725476 0.008438818565400843 0.014820042342978124
2 0.5406118143459916 0.45201129146083274 0.014767932489451477 0.020465772759350742
2 0.47494725738396626 0.31333803810868033 0.013185654008438819 0.019760056457304165
2 0.2998417721518987 0.32533521524347214 0.014240506329113924 0.012702893436838392
2 0.3293776371308017 0.30063514467184194 0.013185654008438819 0.019760056457304165
2 0.3649789029535865 0.35885673959068454 0.015822784810126583 0.02328863796753705
2 0.3731540084388186 0.6725476358503881 0.008966244725738396 0.02117148906139732
2 0.4153481012658228 0.5409315455187015 0.008966244725738396 0.017642907551164433
2 0.2233649789029536 0.5144671841919548 0.007911392405063292 0.015525758645024701
0 0.016350210970464137 0.8592095977417078 0.02531645569620253 0.030345800988002825