2 0.09740259740259741 0.7761752136752137 0.05194805194805195 0.019230769230769232
2 0.7903525046382189 0.6987179487179487 0.059369202226345084 0.022435897435897436
2 0.5862708719851577 0.4230769230769231 0.0575139146567718 0.024572649572649572
2 0.5487012987012987 0.36191239316239315 0.04730983302411874 0.020833333333333332
2 0.5709647495361782 0.1014957264957265 0.045454545454545456 0.017094017094017096
0 0.7012987012987013 0.7847222222222222 0.3580705009276438 0.10897435897435898
0 0.6354359925788498 0.7222222222222222 0.36363636363636365 0.08867521367521368
0 0.62152133580705 0.6423611111111112 0.2782931354359926 0.08707264957264957
0 0.5477736549165121 0.5259081196581197 0.2606679035250464 0.09241452991452992
0 0.49165120593692024 0.4596688034188034 0.27087198515769945 0.07425213675213675
0 0.4605751391465677 0.39476495726495725 0.24025974025974026 0.06303418803418803
0 0.42810760667903525 0.32719017094017094 0.20315398886827457 0.05502136752136752
0 0.4155844155844156 0.26495726495726496 0.18738404452690166 0.04807692307692308
0 0.40816326530612246 0.17548076923076922 0.45083487940630795 0.10416666666666667
0 0.35714285714285715 0.14022435897435898 0.5009276437847866 0.12126068376068376