2 0.01681075888568684 0.7012288786482335 0.010566762728146013 0.013824884792626729
2 0.010806916426512969 0.6984126984126984 0.012968299711815562 0.013312852022529442
2 0.09269932756964457 0.6026625704045059 0.009606147934678195 0.010240655401945725
2 0.00792507204610951 0.5496671786994367 0.007204610951008645 0.013824884792626729
2 0.039865513928914506 0.47235023041474655 0.012487992315081652 0.012800819252432157
2 0.19548511047070125 0.46390168970814133 0.009606147934678195 0.01228878648233487
2 0.19908741594620558 0.4229390681003584 0.011047070124879923 0.01228878648233487
2 0.32156580211335256 0.5698924731182796 0.012007684918347743 0.009216589861751152
2 0.31051873198847263 0.4987199180747568 0.011047070124879923 0.01228878648233487
2 0.31484149855907784 0.4956477214541731 0.009125840537944284 0.01228878648233487
2 0.31892411143131605 0.49206349206349204 0.010566762728146013 0.013312852022529442
2 0.4858309317963497 0.5632360471070148 0.010086455331412104 0.011264720942140297
2 0.5103266090297791 0.5353302611367128 0.011047070124879923 0.011776753712237584
2 0.44164265129682995 0.3023553507424475 0.007204610951008645 0.010752688172043012
2 0.46301633045148893 0.2250384024577573 0.009606147934678195 0.012800819252432157
2 0.2271853986551393 0.17716333845366103 0.01536983669548511 0.01638504864311316
2 0.5607588856868396 0.1382488479262673 0.013928914505283382 0.015360983102918587
2 0.548030739673391 0.12160778289810548 0.011527377521613832 0.012800819252432157
2 0.5818924111431316 0.11315924219150025 0.010086455331412104 0.011264720942140297
0 0.915225744476465 0.15745007680491552 0.10614793467819404 0.12442396313364056
0 0.13064361191162344 0.8018433179723502 0.02881844380403458 0.03379416282642089
0 0.19596541786743515 0.7555043522785458 0.037463976945244955 0.0445468509984639
0 0.2889048991354467 0.7060931899641577 0.023535062439961577 0.02867383512544803
0 0.31147934678194045 0.6891961085509473 0.03121998078770413 0.03481822836661547
0 0.3400576368876081 0.6697388632872504 0.03266090297790586 0.03277009728622632
0 0.367195004803074 0.6533538146441372 0.03025936599423631 0.030721966205837174
0 0.393611911623439 0.6298003072196621 0.01777137367915466 0.021505376344086023
0 0.41474543707973105 0.6146953405017921 0.0196926032660903 0.024065540194572452
0 0.44356388088376564 0.5924219150025601 0.022574447646493755 0.027649769585253458
0 0.4752641690682036 0.5655401945724526 0.024495677233429394 0.02816180235535074
0 0.50552353506244 0.5360983102918587 0.025456292026897216 0.029697900665642603
0 0.584774255523535 0.471326164874552 0.05811719500480307 0.06810035842293907
0 0.6308837656099904 0.42780337941628266 0.03602305475504323 0.0445468509984639
0 0.6649855907780979 0.4062980030721966 0.05139289145052834 0.05478750640040963
0 0.6988472622478387 0.35893497183819767 0.05475504322766571 0.06041986687147977
0 0.7437560038424592 0.3064516129032258 0.05523535062439962 0.08448540706605223
0 0.8093179634966379 0.2644649257552483 0.056676272814601344 0.09165386584741424
0 0.8535062439961575 0.2107014848950333 0.07300672430355427 0.1152073732718894
2 0.5876560999039385 0.12391193036354327 0.008165225744476465 0.009216589861751152
2 0.516090297790586 0.07808499743983614 0.012007684918347743 0.012800819252432157
2 0.5019212295869356 0.06221198156682028 0.012487992315081652 0.013824884792626729
2 0.4851104707012488 0.04045058883768561 0.012487992315081652 0.013312852022529442
2 0.03121998078770413 0.4902713773681516 0.011527377521613832 0.012800819252432157
2 0.3165225744476465 0.13645673323092677 0.013448607108549471 0.012800819252432157
2 0.4687800192122959 0.018689196108550948 0.012487992315081652 0.012800819252432157
2 0.7706532180595581 0.3358934971838198 0.011047070124879923 0.011264720942140297
2 0.7687319884726225 0.347926267281106 0.012968299711815562 0.011776753712237584
2 0.585254562920269 0.4848950332821301 0.010086455331412104 0.00819252432155658
2 0.6042267050912584 0.4787506400409626 0.011527377521613832 0.01228878648233487
2 0.8100384245917387 0.48028673835125446 0.014889529298751201 0.011264720942140297
2 0.9378001921229587 0.21428571428571427 0.01777137367915466 0.020993343573988736
2 0.9630163304514889 0.19790066564260111 0.01536983669548511 0.013824884792626729
2 0.3121998078770413 0.025857654889912953 0.013448607108549471 0.013824884792626729
2 0.3102785782901057 0.007936507936507936 0.012487992315081652 0.011776753712237584
2 0.32901056676272816 0.009216589861751152 0.01536983669548511 0.015360983102918587
2 0.28434197886647455 0.030721966205837174 0.012487992315081652 0.014336917562724014
2 0.34702209414024976 0.6725550435227855 0.012007684918347743 0.014848950332821301
0 0.09221902017291066 0.8274449564772145 0.029779058597502402 0.03891449052739376