0 0.1343820224719101 0.2783132530120482 0.04943820224719101 0.4795180722891566
0 0.2098876404494382 0.3204819277108434 0.05752808988764045 0.44819277108433736
0 0.2696629213483146 0.35 0.05393258426966292 0.40602409638554215
0 0.30202247191011233 0.40120481927710844 0.06741573033707865 0.41927710843373495
0 0.33078651685393257 0.42289156626506025 0.07550561797752808 0.41927710843373495
0 0.4096629213483146 0.4819277108433735 0.07775280898876405 0.4072289156626506
0 0.5152808988764045 0.591566265060241 0.048988764044943824 0.2891566265060241
0 0.5546067415730337 0.6301204819277109 0.039550561797752806 0.19759036144578312
0 0.5795505617977528 0.6927710843373494 0.0301123595505618 0.14698795180722893
0 0.6197752808988765 0.7289156626506024 0.02606741573033708 0.13253012048192772
0 0.6586516853932585 0.7403614457831326 0.028314606741573035 0.13132530120481928
0 0.7134831460674157 0.7698795180722892 0.02651685393258427 0.15421686746987953
0 0.7696629213483146 0.7843373493975904 0.015730337078651686 0.13493975903614458
0 0.8170786516853933 0.85 0.03146067415730337 0.15060240963855423
0 0.8880898876404495 0.869277108433735 0.04224719101123595 0.172289156626506
0 0.9179775280898876 0.8554216867469879 0.03280898876404494 0.17349397590361446
0 0.9622471910112359 0.8253012048192772 0.035955056179775284 0.1927710843373494
0 0.0851685393258427 0.2746987951807229 0.041797752808988765 0.39759036144578314