0 0.49754500818330605 0.9569391113549095 0.06546644844517185 0.024684585847504114
0 0.5229132569558101 0.9207350521119034 0.07364975450081833 0.017004936917169502
0 0.5711947626841244 0.8831596269884805 0.088379705400982 0.029621503017004936
0 0.6031096563011457 0.8326933625891387 0.06710310965630115 0.013165112452002194
0 0.6145662847790507 0.7915523861766319 0.06382978723404255 0.01755348326933626
0 0.6121112929623568 0.7550740537575426 0.04582651391162029 0.02029621503017005
0 0.5851063829787234 0.7065277015907844 0.054009819967266774 0.012068019747668678
0 0.574468085106383 0.6823916620954471 0.06546644844517185 0.010970927043335162
0 0.5597381342062193 0.6291826659352715 0.058919803600654665 0.016456390565002744
0 0.5368248772504092 0.5924300603400987 0.062193126022913256 0.00877674163466813
0 0.5286415711947627 0.5778935820076796 0.06873977086743044 0.019199122325836534
0 0.4950900163666121 0.5353812397147559 0.060556464811783964 0.018650575973669776
0 0.4353518821603928 0.47202413603949533 0.06546644844517185 0.019199122325836534
0 0.3649754500818331 0.39851892484914975 0.09492635024549918 0.023587493143170598
0 0.35433715220949263 0.3650575973669775 0.07364975450081833 0.021393307734503566
0 0.33797054009819966 0.2210641799232035 0.11292962356792144 0.020844761382336808
0 0.3518821603927987 0.1689522764673615 0.09492635024549918 0.020844761382336808
0 0.37479541734860883 0.11162918266593527 0.1309328968903437 0.014810751508502468
0 0.38870703764320785 0.07131102578167856 0.19476268412438624 0.02303894679100384
2 0.6039279869067103 0.03428414701042238 0.03600654664484452 0.018102029621503018
2 0.6219312602291326 0.07899067471201317 0.05237315875613748 0.01426220515633571
2 0.7283142389525368 0.3283049917718047 0.02618657937806874 0.01151947339550192
2 0.3199672667757774 0.32035106966538673 0.03436988543371522 0.006582556226001097
2 0.32405891980360063 0.3568294020844761 0.04582651391162029 0.009325287986834888
2 0.47545008183306053 0.5060340098738343 0.03764320785597381 0.007131102578167855
2 0.48527004909983634 0.5126165660998354 0.04091653027823241 0.007131102578167855
2 0.955810147299509 0.5213933077345035 0.049099836333878884 0.012616566099835436
2 0.737315875613748 0.6346681294569391 0.02127659574468085 0.012068019747668678
2 0.5572831423895254 0.6889742183214481 0.027823240589198037 0.005485463521667581
2 0.5703764320785597 0.6991223258365332 0.04091653027823241 0.007131102578167855
2 0.8044189852700491 0.7202413603949533 0.01800327332242226 0.009873834339001646
2 0.6031096563011457 0.764125068568294 0.03436988543371522 0.012068019747668678
2 0.6088379705400983 0.7816785518376302 0.049099836333878884 0.009873834339001646
2 0.5679214402618658 0.8669775095995612 0.0425531914893617 0.008228195282501372
2 0.41407528641571195 0.9873834339001646 0.03927986906710311 0.012068019747668678
