2 0.6414902280130294 0.45252613240418116 0.0061074918566775245 0.02003484320557491
0 0.875814332247557 0.3475609756097561 0.02280130293159609 0.1480836236933798
0 0.8078175895765473 0.4372822299651568 0.02035830618892508 0.11149825783972125
0 0.7829804560260586 0.4329268292682927 0.021172638436482084 0.13588850174216027
0 0.7341205211726385 0.4202961672473868 0.026058631921824105 0.16289198606271776
0 0.7005293159609121 0.4616724738675958 0.019136807817589578 0.11846689895470383
0 0.6763029315960912 0.45993031358885017 0.02035830618892508 0.15853658536585366
0 0.6357899022801303 0.5121951219512195 0.029723127035830618 0.13066202090592335
0 0.6156351791530945 0.546602787456446 0.011400651465798045 0.08101045296167247
0 0.5221905537459284 0.6280487804878049 0.015879478827361564 0.06097560975609756
0 0.48697068403908794 0.6681184668989547 0.02035830618892508 0.06445993031358885
0 0.4603013029315961 0.7099303135888502 0.020765472312703582 0.05400696864111498
0 0.4126628664495114 0.7717770034843205 0.014250814332247556 0.06445993031358885
0 0.3745928338762215 0.8131533101045296 0.02035830618892508 0.08275261324041812
0 0.33672638436482083 0.8022648083623694 0.019543973941368076 0.08188153310104529
0 0.2968241042345277 0.8292682926829268 0.023615635179153095 0.08710801393728224
0 0.25895765472312704 0.8405923344947736 0.013029315960912053 0.07317073170731707
0 0.20215798045602607 0.8371080139372822 0.031351791530944625 0.09581881533101046
0 0.14434039087947884 0.8702090592334495 0.015879478827361564 0.10627177700348432
0 0.8428338762214984 0.37325783972125437 0.03175895765472313 0.15940766550522648
0 0.9037052117263844 0.32447735191637633 0.012622149837133551 0.1402439024390244
2 0.7035830618892508 0.4107142857142857 0.006514657980456026 0.023519163763066203
2 0.6714169381107492 0.37674216027874563 0.013029315960912053 0.016550522648083623
2 0.862785016286645 0.2887630662020906 0.006514657980456026 0.02177700348432056
2 0.45012214983713356 0.7025261324041812 0.009364820846905538 0.02700348432055749
2 0.4193811074918567 0.747822299651568 0.006514657980456026 0.025261324041811847
2 0.3281758957654723 0.7826655052264808 0.008143322475570033 0.028745644599303136
2 0.13436482084690554 0.8279616724738676 0.007328990228013029 0.02700348432055749
0 0.11522801302931596 0.8867595818815331 0.019543973941368076 0.15156794425087108