2 0.9098853598947566 0.5179760319573902 0.003946626573952265 0.03462050599201065
0 0.2866002631084383 0.016644474034620507 0.0056380379627889495 0.033288948069241014
0 0.5359894756624695 0.3488681757656458 0.008644991542943056 0.08788282290279627
0 0.5003758691975193 0.2836218375499334 0.007329449351625634 0.07723035952063914
0 0.4894756624694606 0.2623169107856192 0.007705318549144897 0.08255659121171771
0 0.43130990415335463 0.177762982689747 0.006389776357827476 0.0758988015978695
0 0.395414395790265 0.09986684420772303 0.008644991542943056 0.10918774966711052
0 0.3707009960533734 0.061917443408788284 0.01259161811689532 0.12117177097203728
0 0.35303514376996803 0.041944074567243674 0.01033640293177974 0.08122503328894808
0 0.33395978199586546 0.021970705725699067 0.008644991542943056 0.041278295605858856
0 0.267336966735576 0.03195739014647137 0.011839879721856794 0.05858854860186418
0 0.6337154670174779 0.4933422103861518 0.005262168765269686 0.06258322237017311
0 0.2298440142830295 0.17909454061251665 0.009020860740462319 0.07057256990679095
0 0.20973501221574892 0.2802929427430093 0.011276075925577899 0.11318242343541944
0 0.1912234542379252 0.3362183754993342 0.007705318549144897 0.118508655126498
0 0.177034392031573 0.30958721704394143 0.011276075925577899 0.12916111850865514
0 0.08222138695733884 0.12982689747003995 0.006577710956587108 0.08122503328894808
0 0.0700056380379628 0.11984021304926765 0.008832926141702687 0.08255659121171771
0 0.054595000939673 0.085219707057257 0.006953580154106371 0.09587217043941411
0 0.04294305581657583 0.06058588548601864 0.010712272129299004 0.11584553928095873
0 0.5667167825596693 0.3828229027962716 0.006953580154106371 0.08122503328894808
0 0.6623754933283218 0.5326231691078562 0.006953580154106371 0.0692410119840213
2 0.05685021612478857 0.1051930758988016 0.004322495771471528 0.05326231691078562
2 0.665852283405375 0.5379494007989347 0.0056380379627889495 0.05326231691078562
2 0.5638977635782748 0.4241011984021305 0.005074234166510054 0.019973368841544607
2 0.22946814508551025 0.2103861517976032 0.004510430370231159 0.03462050599201065
2 0.039466265739522645 0.1151797603195739 0.00676564555534674 0.02796271637816245
0 0.6909415523397857 0.5798934753661784 0.0054501033640293175 0.05193075898801598
2 0.019263296372862244 0.08388814913448735 0.006577710956587108 0.018641810918774968
0 0.9569629768840443 0.6091877496671105 0.004886299567750423 0.05193075898801598
0 0.9459688028566059 0.585219707057257 0.004698364968990791 0.06258322237017311
0 0.9202217628265363 0.5146471371504661 0.008457056944183423 0.08921438082556592
0 0.905656831422665 0.4793608521970706 0.010900206728058635 0.10652463382157124
0 0.8381883104679572 0.5 0.00676564555534674 0.05992010652463382
0 0.8176094719037775 0.559254327563249 0.006577710956587108 0.06391478029294274
0 0.704566810749859 0.5905459387483355 0.009772599135500847 0.07323568575233022
0 0.018511557977823716 0.043275632490013316 0.008457056944183423 0.08122503328894808