2 0.7814512329197424 0.9137931034482759 0.002041777917386524 0.06896551724137931
0 0.570755457829433 0.6588669950738916 0.008481231349144023 0.22413793103448276
0 0.4746348358724674 0.4753694581280788 0.006596513271556463 0.4187192118226601
0 0.46536830532432855 0.47044334975369456 0.0037694361551751216 0.4187192118226601
0 0.45437411653840115 0.48645320197044334 0.0059682739123606094 0.5098522167487685
0 0.4458928851892571 0.5036945812807881 0.005025914873566829 0.5197044334975369
0 0.3986178734097691 0.47044334975369456 0.002827077116381341 0.4630541871921182
0 0.37953510287419506 0.33866995073891626 0.0029841369561803047 0.13054187192118227
0 0.375608606879221 0.47783251231527096 0.006125333752159573 0.1330049261083744
0 0.3711324014449505 0.6403940886699507 0.004711795193968902 0.18226600985221675
0 0.36060939217842 0.4027093596059113 0.009423590387937804 0.6576354679802956
0 0.3376786555677713 0.45689655172413796 0.013821265902308779 0.7561576354679803
0 0.3087011151248626 0.4605911330049261 0.011151248625726402 0.6108374384236454
0 0.28993246426888647 0.42857142857142855 0.00973771006753573 0.7389162561576355
0 0.2794094550023559 0.4396551724137931 0.012250667504319145 0.7413793103448276
0 0.26197581278467097 0.41995073891625617 0.008167111669546097 0.6379310344827587
0 0.22506675043191457 0.5566502463054187 0.0059682739123606094 0.4433497536945813
0 0.20190042406156747 0.4544334975369458 0.01743364221768494 0.7512315270935961
0 0.17708496937333124 0.4421182266009852 0.010837128946128476 0.7413793103448276
0 0.14127532589916758 0.437192118226601 0.008952410868540914 0.6970443349753694
0 0.12729700015705983 0.39408866995073893 0.006125333752159573 0.5615763546798029
0 0.10931364850007853 0.4642857142857143 0.00785299198994817 0.5492610837438424
0 0.09078058740380085 0.47783251231527096 0.004711795193968902 0.5615763546798029
0 0.07845138997958222 0.49014778325123154 0.003926495994974085 0.5714285714285714
0 0.05991832888330454 0.4642857142857143 0.01429244542170567 0.6477832512315271
0 0.4929323072090466 0.45935960591133007 0.00738181247055128 0.4753694581280788
0 0.5960420920370662 0.6896551724137931 0.006596513271556463 0.3251231527093596
2 0.744542170566986 0.8596059113300493 0.0029841369561803047 0.07881773399014778
0 0.605151562745406 0.7093596059113301 0.005654154232762682 0.33004926108374383
2 0.7273441181089996 0.8682266009852216 0.0025129574367834147 0.10591133004926108
2 0.7203549552379457 0.9039408866995073 0.002355897596984451 0.06896551724137931
2 0.6633422333909219 0.4433497536945813 0.0017276582377885974 0.06896551724137931
2 0.3622585204963091 0.7278325123152709 0.002670017276582378 0.0665024630541872
0 0.9895555206533689 0.4630541871921182 0.0064394534317575 0.8620689655172413
0 0.9455787655096591 0.47783251231527096 0.015548924140097377 0.8719211822660099
0 0.9256321658551908 0.5344827586206896 0.005497094392963719 0.8226600985221675
0 0.8909219412596199 0.7672413793103449 0.004868855033767865 0.26354679802955666
0 0.8761583163185174 0.7524630541871922 0.008952410868540914 0.45566502463054187
0 0.7884403957907963 0.7179802955665024 0.006596513271556463 0.46551724137931033
0 0.7781529762839642 0.7105911330049262 0.004240615674572012 0.43596059113300495
0 0.7687293858960264 0.6834975369458128 0.007695932150149207 0.45073891625615764
0 0.7565572483116068 0.6834975369458128 0.008795351028741951 0.4753694581280788
0 0.7477618972828648 0.6995073891625616 0.004711795193968902 0.49261083743842365
0 0.7308779645044762 0.7068965517241379 0.007067692790953354 0.45320197044334976
0 0.7175278781215643 0.7216748768472906 0.005811214072561646 0.4088669950738916
0 0.6996230563844825 0.7647783251231527 0.0036123763153761584 0.2832512315270936
0 0.6934977226323229 0.8017241379310345 0.005497094392963719 0.2438423645320197
0 0.6711952253808701 0.7980295566502463 0.006753573111355426 0.24630541871921183
0 0.6585519082770536 0.7967980295566502 0.004397675514370976 0.229064039408867
0 0.6168525208104287 0.7229064039408867 0.007067692790953354 0.3374384236453202
0 0.029841369561803048 0.42610837438423643 0.007224752630752317 0.7881773399014779