0 0.7425463336019339 0.2804878048780488 0.022562449637389202 0.29024390243902437
0 0.798549556809025 0.24939024390243902 0.024174053182917002 0.26951219512195124
0 0.8531426269137792 0.23902439024390243 0.03585817888799355 0.3097560975609756
0 0.8795326349717969 0.2280487804878049 0.035455278001611606 0.3121951219512195
0 0.9165995165189363 0.225 0.048348106365834004 0.3597560975609756
0 0.7669218372280419 0.2554878048780488 0.02215954875100725 0.26951219512195124
0 0.7125302175664786 0.2939024390243902 0.024576954069298954 0.29024390243902437
0 0.685334407735697 0.31341463414634146 0.0249798549556809 0.2634146341463415
0 0.0757453666398066 0.5817073170731707 0.024174053182917002 0.24390243902439024
0 0.1385979049153908 0.5530487804878049 0.020950846091861403 0.2524390243902439
0 0.16458501208702658 0.5390243902439025 0.02135374697824335 0.24634146341463414
0 0.1952054794520548 0.49817073170731707 0.015713134568896052 0.20365853658536584
0 0.25120870265914585 0.47804878048780486 0.02054794520547945 0.22195121951219512
0 0.2870668815471394 0.4792682926829268 0.02135374697824335 0.25609756097560976
0 0.33279613215149073 0.4713414634146341 0.023368251410153102 0.2841463414634146
0 0.36684125705076553 0.4603658536585366 0.026188557614826753 0.2939024390243902
0 0.39504431909750204 0.4396341463414634 0.023771152296535054 0.27926829268292686
0 0.42143432715551976 0.4378048780487805 0.029814665592264304 0.3048780487804878
0 0.483883964544722 0.4146341463414634 0.023368251410153102 0.2951219512195122
0 0.5417002417405318 0.38902439024390245 0.023771152296535054 0.3024390243902439
0 0.5676873489121677 0.37073170731707317 0.0257856567284448 0.2975609756097561
0 0.6267123287671232 0.3310975609756098 0.02215954875100725 0.2841463414634146
0 0.6575342465753424 0.3152439024390244 0.023368251410153102 0.2817073170731707
2 0.8946414182111201 0.5762195121951219 0.0060435132957292505 0.03780487804878049
2 0.3654311039484287 0.8390243902439024 0.0064464141821112 0.03902439024390244
2 0.8740934730056407 0.8975609756097561 0.00684931506849315 0.05121951219512195
2 0.7191780821917808 0.9810975609756097 0.0056406124093473006 0.03536585365853658
2 0.903102336825141 0.5689024390243902 0.00684931506849315 0.045121951219512194
2 0.9018936341659952 0.06524390243902439 0.010072522159548751 0.03780487804878049
2 0.8356164383561644 0.10853658536585366 0.008863819500402902 0.041463414634146344
2 0.064464141821112 0.49146341463414633 0.010475423045930701 0.06097560975609756
2 0.12691377921031427 0.4524390243902439 0.008863819500402902 0.05121951219512195
2 0.7860596293311846 0.1378048780487805 0.007252215954875101 0.03414634146341464
2 0.1861402095084609 0.4146341463414634 0.007252215954875101 0.03902439024390244
2 0.4254633360193392 0.30060975609756097 0.0064464141821112 0.03536585365853658
2 0.46333601933924257 0.026829268292682926 0.0128928283642224 0.01707317073170732
2 0.4709911361804996 0.2939024390243902 0.0056406124093473006 0.03902439024390244
2 0.5294117647058824 0.2603658536585366 0.008058017727639 0.03780487804878049
2 0.7306607574536664 0.15426829268292683 0.005237711522965351 0.045121951219512194
0 0.039887187751813054 0.6091463414634146 0.029814665592264304 0.27439024390243905