0 0.6909806295399515 0.7536764705882353 0.019975786924939468 0.01088235294117647
0 0.760593220338983 0.7308823529411764 0.016343825665859565 0.007647058823529412
0 0.764225181598063 0.7239705882352941 0.016343825665859565 0.006176470588235294
0 0.7575665859564165 0.716764705882353 0.016343825665859565 0.008823529411764706
0 0.7475786924939467 0.7129411764705882 0.007263922518159807 0.007647058823529412
0 0.7227602905569007 0.7276470588235294 0.01937046004842615 0.009411764705882352
0 0.7448547215496368 0.7436764705882353 0.01513317191283293 0.007352941176470588
0 0.7215496368038741 0.7597058823529412 0.01694915254237288 0.008823529411764706
0 0.3135593220338983 0.971764705882353 0.024213075060532687 0.012352941176470587
0 0.6927966101694916 0.7817647058823529 0.018765133171912834 0.009411764705882352
0 0.6601089588377724 0.7745588235294117 0.02360774818401937 0.012058823529411764
0 0.6646489104116223 0.8014705882352942 0.01937046004842615 0.01
0 0.636501210653753 0.8157352941176471 0.022397094430992737 0.012058823529411764
0 0.6038135593220338 0.8057352941176471 0.019975786924939468 0.01088235294117647
0 0.5659806295399515 0.8283823529411765 0.02784503631961259 0.012647058823529412
0 0.5774818401937046 0.8498529411764706 0.015738498789346248 0.007941176470588234
0 0.5266343825665859 0.8470588235294118 0.024213075060532687 0.013529411764705882
0 0.5417675544794189 0.8694117647058823 0.01937046004842615 0.009411764705882352
0 0.4918280871670702 0.9001470588235294 0.024818401937046004 0.012058823529411764
0 0.4421912832929782 0.8967647058823529 0.017554479418886198 0.009411764705882352
2 0.9328087167070218 0.2675 0.010895883777239709 0.007352941176470588
2 0.9167675544794189 0.3472058823529412 0.02360774818401937 0.007941176470588234
2 0.7832929782082324 0.5116176470588235 0.018159806295399514 0.009705882352941177
2 0.5481234866828087 0.6198529411764706 0.03450363196125908 0.01735294117647059
2 0.5090799031476998 0.6516176470588235 0.026634382566585957 0.015588235294117648
2 0.46912832929782083 0.6802941176470588 0.02784503631961259 0.015294117647058824
2 0.14527845036319612 0.8714705882352941 0.01694915254237288 0.009411764705882352
2 0.13710653753026633 0.8905882352941177 0.01513317191283293 0.007058823529411765
2 0.06083535108958838 0.9344117647058824 0.022397094430992737 0.01
0 0.3450363196125908 0.9886764705882353 0.02784503631961259 0.014411764705882353
0 0.35472154963680386 0.9482352941176471 0.020581113801452784 0.01
0 0.9664043583535109 0.3035294117647059 0.0599273607748184 0.018235294117647058
0 0.8392857142857143 0.49823529411764705 0.06234866828087167 0.02
0 0.8598668280871671 0.48220588235294115 0.06234866828087167 0.02441176470588235
0 0.8743946731234867 0.46 0.0671912832929782 0.02176470588235294
0 0.863498789346247 0.4373529411764706 0.013922518159806295 0.01
0 0.8937651331719129 0.43426470588235294 0.0599273607748184 0.016176470588235296
0 0.9034503631961259 0.41455882352941176 0.06234866828087167 0.022647058823529412
0 0.9225181598062954 0.3925 0.06416464891041163 0.023823529411764705
0 0.9294794188861986 0.3720588235294118 0.06476997578692494 0.02235294117647059
0 0.9440072639225182 0.34455882352941175 0.061138014527845036 0.02088235294117647
0 0.9267554479418886 0.3164705882352941 0.01694915254237288 0.010588235294117647
0 0.9615617433414043 0.31558823529411767 0.061138014527845036 0.01764705882352941
0 0.961864406779661 0.2672058823529412 0.07142857142857142 0.023823529411764705
0 0.40405569007263925 0.9167647058823529 0.027239709443099273 0.01411764705882353
0 0.9667070217917676 0.2511764705882353 0.06416464891041163 0.024705882352941175
0 0.961864406779661 0.225 0.06658595641646489 0.014705882352941176
0 0.9579297820823245 0.20676470588235293 0.0671912832929782 0.011176470588235295
0 0.9818401937046005 0.19264705882352942 0.03631961259079903 0.00411764705882353
0 0.9418886198547215 0.1948529411764706 0.04600484261501211 0.012647058823529412
0 0.9570217917675545 0.18279411764705883 0.07990314769975787 0.01088235294117647
0 0.9549031476997578 0.17308823529411765 0.08292978208232446 0.006176470588235294
0 0.9536924939467313 0.16323529411764706 0.08777239709443099 0.007058823529411765
0 0.9427966101694916 0.1472058823529412 0.09745762711864407 0.009705882352941177
0 0.9261501210653753 0.13544117647058823 0.09443099273607748 0.013823529411764707
0 0.8980024213075061 0.1125 0.10472154963680387 0.02676470588235294
0 0.8020581113801453 0.5169117647058824 0.044794188861985475 0.021470588235294116
0 0.7811743341404358 0.5317647058823529 0.04418886198547216 0.02176470588235294
0 0.7575665859564165 0.554264705882353 0.0526634382566586 0.021470588235294116
0 0.45460048426150124 0.9605882352941176 0.035108958837772396 0.018235294117647058
0 0.5214891041162227 0.9929411764705882 0.0211864406779661 0.011176470588235295
0 0.029661016949152543 0.9711764705882353 0.05811138014527845 0.027058823529411764
0 0.0526634382566586 0.955735294117647 0.05811138014527845 0.025
0 0.08746973365617433 0.9335294117647058 0.06234866828087167 0.027647058823529413
0 0.10805084745762712 0.9189705882352941 0.07082324455205811 0.03147058823529412
0 0.13952784503631963 0.9016176470588235 0.0635593220338983 0.027941176470588237
0 0.1601089588377724 0.8708823529411764 0.036924939467312345 0.02235294117647059
0 0.22306295399515738 0.8514705882352941 0.06476997578692494 0.029411764705882353
0 0.2602905569007264 0.8325 0.06537530266343826 0.02911764705882353
0 0.298728813559322 0.8104411764705882 0.06476997578692494 0.030294117647058822
0 0.3371670702179177 0.7830882352941176 0.06416464891041163 0.030882352941176472
0 0.37984261501210653 0.7601470588235294 0.0635593220338983 0.030294117647058822
0 0.42736077481840196 0.7269117647058824 0.05447941888619855 0.025588235294117648
0 0.4715496368038741 0.7082352941176471 0.06295399515738499 0.029411764705882353
0 0.49667070217917675 0.6892647058823529 0.06234866828087167 0.027352941176470587
0 0.5290556900726392 0.6589705882352941 0.048426150121065374 0.023823529411764705
0 0.5677966101694916 0.6301470588235294 0.053268765133171914 0.02676470588235294
0 0.6446731234866828 0.6091176470588235 0.05569007263922518 0.03058823529411765
0 0.6894673123486683 0.586764705882353 0.05690072639225181 0.03
0 0.7273002421307506 0.571764705882353 0.050242130750605324 0.024705882352941175
2 0.5054479418886199 0.9169117647058823 0.015738498789346248 0.004411764705882353
2 0.41192493946731235 0.9202941176470588 0.0211864406779661 0.010588235294117647
2 0.22487893462469732 0.9658823529411765 0.02360774818401937 0.007058823529411765
2 0.33353510895883776 0.9892647058823529 0.01694915254237288 0.007941176470588234
2 0.34685230024213076 0.9802941176470589 0.02784503631961259 0.013529411764705882
2 0.4406779661016949 0.9886764705882353 0.015738498789346248 0.008529411764705883
2 0.45460048426150124 0.9895588235294117 0.03026634382566586 0.014411764705882353
2 0.5302663438256658 0.7848529411764706 0.013317191283292978 0.01088235294117647
2 0.3983050847457627 0.8341176470588235 0.010895883777239709 0.006470588235294118
2 0.5251210653753027 0.7967647058823529 0.011501210653753027 0.0029411764705882353
0 0.8795399515738499 0.09029411764705883 0.10411622276029056 0.01647058823529412