0 0.49169921875 0.346435546875 0.0244140625 0.037109375
2 0.0987548828125 0.3125 0.005615234375 0.025390625
2 0.5029296875 0.4212646484375 0.00830078125 0.025634765625
2 0.41162109375 0.6954345703125 0.005859375 0.025146484375
2 0.1473388671875 0.9443359375 0.009521484375 0.03759765625
2 0.4212646484375 0.7213134765625 0.005615234375 0.025634765625
2 0.43701171875 0.6966552734375 0.005859375 0.025146484375
2 0.09326171875 0.3125 0.00537109375 0.02490234375
2 0.432861328125 0.6209716796875 0.00537109375 0.024658203125
2 0.44677734375 0.7220458984375 0.00537109375 0.025634765625
2 0.41650390625 0.6962890625 0.00537109375 0.02490234375
2 0.521484375 0.5775146484375 0.00634765625 0.024658203125
2 0.4716796875 0.287841796875 0.01416015625 0.03466796875
2 0.48291015625 0.423583984375 0.00830078125 0.02490234375
2 0.4881591796875 0.423828125 0.008056640625 0.02490234375
2 0.4857177734375 0.4482421875 0.008544921875 0.02587890625
2 0.4912109375 0.4478759765625 0.0078125 0.024658203125
2 0.4884033203125 0.47314453125 0.008056640625 0.02587890625
2 0.4127197265625 0.40625 0.007080078125 0.0263671875
2 0.0965576171875 0.5147705078125 0.006103515625 0.026123046875
2 0.101806640625 0.514404296875 0.005859375 0.025390625
2 0.1552734375 0.9443359375 0.0087890625 0.03759765625
2 0.4423828125 0.6968994140625 0.005859375 0.024169921875
2 0.4276123046875 0.6207275390625 0.005615234375 0.024658203125
2 0.420166015625 0.5052490234375 0.00732421875 0.026611328125
2 0.42236328125 0.621337890625 0.00537109375 0.02490234375
2 0.0833740234375 0.3121337890625 0.005126953125 0.024658203125
2 0.0780029296875 0.312255859375 0.005615234375 0.025390625
2 0.09375 0.3372802734375 0.00537109375 0.025146484375
2 0.4027099609375 0.4073486328125 0.006591796875 0.026611328125
2 0.480712890625 0.33447265625 0.0029296875 0.00390625
2 0.1048583984375 0.037841796875 0.005126953125 0.009765625
2 0.4320068359375 0.6708984375 0.005615234375 0.02490234375
2 0.0955810546875 0.4891357421875 0.006591796875 0.025146484375
2 0.4366455078125 0.7218017578125 0.006103515625 0.025146484375
2 0.4267578125 0.6954345703125 0.00537109375 0.024658203125
2 0.441650390625 0.72119140625 0.00537109375 0.0244140625
2 0.4461669921875 0.7471923828125 0.006103515625 0.025634765625
2 0.1336669921875 0.95849609375 0.006103515625 0.01416015625
2 0.4075927734375 0.4072265625 0.006591796875 0.02685546875
2 0.3975830078125 0.407958984375 0.006591796875 0.0263671875
2 0.08837890625 0.33740234375 0.005859375 0.02490234375
2 0.09423828125 0.362548828125 0.00537109375 0.02587890625
2 0.1007080078125 0.4892578125 0.006591796875 0.025390625
2 0.0799560546875 0.4068603515625 0.005126953125 0.015869140625
2 0.1048583984375 0.4638671875 0.006591796875 0.02587890625
2 0.0794677734375 0.386962890625 0.005615234375 0.02490234375
2 0.078857421875 0.363037109375 0.00634765625 0.0234375
2 0.0888671875 0.3619384765625 0.00537109375 0.025146484375
2 0.0780029296875 0.3380126953125 0.005615234375 0.025634765625
2 0.0992431640625 0.464111328125 0.006103515625 0.025390625
2 0.083251953125 0.3372802734375 0.00537109375 0.025634765625
2 0.4122314453125 0.6209716796875 0.005615234375 0.024658203125
2 0.421630859375 0.696044921875 0.00537109375 0.025390625
2 0.0885009765625 0.3125 0.005126953125 0.02490234375
2 0.40771484375 0.4805908203125 0.0068359375 0.024169921875
2 0.4930419921875 0.42333984375 0.007568359375 0.02587890625
2 0.498046875 0.4229736328125 0.00732421875 0.025146484375
2 0.4149169921875 0.4315185546875 0.007080078125 0.026123046875
2 0.38720703125 0.40771484375 0.0068359375 0.025390625
2 0.3892822265625 0.4327392578125 0.006591796875 0.025146484375
2 0.3941650390625 0.4326171875 0.007080078125 0.02490234375
2 0.3992919921875 0.4329833984375 0.006591796875 0.024658203125
2 0.404296875 0.4320068359375 0.0068359375 0.024658203125
2 0.4095458984375 0.43212890625 0.006591796875 0.02490234375
2 0.3909912109375 0.457275390625 0.006591796875 0.025390625
2 0.3958740234375 0.45751953125 0.006103515625 0.02490234375
2 0.493408203125 0.4725341796875 0.0078125 0.025634765625
2 0.40087890625 0.4571533203125 0.0068359375 0.024658203125
2 0.4063720703125 0.4564208984375 0.006103515625 0.024658203125
2 0.4114990234375 0.457275390625 0.006591796875 0.025390625
2 0.41650390625 0.45654296875 0.0068359375 0.02490234375
2 0.41845703125 0.4805908203125 0.00732421875 0.024658203125
2 0.4097900390625 0.5047607421875 0.007568359375 0.025146484375
2 0.43798828125 0.6217041015625 0.00537109375 0.025146484375
2 0.44287109375 0.6217041015625 0.00537109375 0.024658203125
2 0.4962158203125 0.448486328125 0.008056640625 0.02490234375
2 0.505859375 0.446044921875 0.00830078125 0.02490234375
2 0.5087890625 0.470947265625 0.0078125 0.02490234375
2 0.421875 0.6707763671875 0.0048828125 0.025146484375
2 0.09423828125 0.4642333984375 0.00634765625 0.025146484375
2 0.421875 0.53076171875 0.00732421875 0.02490234375
2 0.4268798828125 0.67041015625 0.005615234375 0.02490234375
2 0.4376220703125 0.6468505859375 0.005126953125 0.025146484375
2 0.5279541015625 0.9769287109375 0.006103515625 0.046142578125
2 0.41748046875 0.6212158203125 0.00537109375 0.024658203125
2 0.5181884765625 0.5277099609375 0.006591796875 0.024658203125
2 0.5198974609375 0.552734375 0.006591796875 0.02490234375
2 0.4169921875 0.645751953125 0.0048828125 0.02490234375
2 0.4119873046875 0.64599609375 0.005615234375 0.02490234375
2 0.447509765625 0.67236328125 0.00537109375 0.02587890625
2 0.4473876953125 0.6973876953125 0.005615234375 0.024658203125
2 0.4423828125 0.6719970703125 0.00537109375 0.025634765625
2 0.416748046875 0.670654296875 0.00537109375 0.025390625
2 0.097900390625 0.5391845703125 0.00634765625 0.023193359375
2 0.392333984375 0.408203125 0.0068359375 0.025390625
2 0.44775390625 0.6221923828125 0.005859375 0.025146484375
2 0.422119140625 0.64599609375 0.0048828125 0.02490234375
2 0.42724609375 0.6456298828125 0.005859375 0.025146484375
2 0.4324951171875 0.6458740234375 0.005615234375 0.025146484375
2 0.4427490234375 0.64697265625 0.005126953125 0.025390625
2 0.4373779296875 0.671875 0.005615234375 0.02490234375
2 0.44775390625 0.6470947265625 0.005859375 0.025146484375
2 0.4117431640625 0.670654296875 0.006103515625 0.02490234375
2 0.4931640625 0.348876953125 0.00634765625 0.009765625
