0 0.8700626204238922 0.18551919608348363 0.019990366088631986 0.023189899510435454
0 0.4908477842003854 0.5140427724813192 0.041425818882466284 0.043803143519711416
0 0.5078275529865125 0.49059520742076784 0.039739884393063585 0.043287812419479516
0 0.5284200385356455 0.4464055655758825 0.02745664739884393 0.029116207163102294
0 0.5540703275529865 0.4321051275444473 0.02914258188824663 0.03298119041484154
0 0.5733381502890174 0.39873743880443185 0.03444123314065511 0.03942282916774027
0 0.5894749518304432 0.362148930687967 0.03684971098265896 0.04148415356866787
0 0.6182562620423893 0.33251739242463285 0.03709055876685934 0.042514815769131666
0 0.6553468208092486 0.30481834578716827 0.024084778420038536 0.027312548312290647
0 0.7052023121387283 0.26088636949239885 0.016377649325626204 0.018294254058232415
0 0.7159200385356455 0.2045864467920639 0.033477842003853564 0.0515331100231899
0 0.7391618497109826 0.16670961092501932 0.038053949903660886 0.044318474619943315
0 0.7657755298651252 0.11826848750322082 0.028179190751445087 0.03401185261530534
0 0.8040703275529865 0.07201752125740789 0.03444123314065511 0.04096882246843597
0 0.8420038535645472 0.2204328781241948 0.014450867052023121 0.01623292965730482
0 0.8194845857418112 0.260113372842051 0.014210019267822735 0.014171605256377222
0 0.8164739884393064 0.2969595465086318 0.014932562620423893 0.01932491625869621
0 0.834417148362235 0.29914970368461735 0.013246628131021194 0.028858541612986344
0 0.8671724470134875 0.3021128575109508 0.013246628131021194 0.03272352486472559
0 0.8970375722543352 0.2830456068023705 0.011319845857418112 0.023447565060551404
0 0.9182321772639692 0.2746714764236022 0.027215799614643547 0.03710383921669673
0 0.940028901734104 0.2489049214120072 0.029865125240847785 0.026281886111826847
0 0.9427986512524085 0.22107704199948466 0.022398843930635837 0.012883277505797475
0 0.9519508670520231 0.19350682813707806 0.02384393063583815 0.022159237309971658
0 0.954359344894027 0.16774027312548312 0.02336223506743738 0.01545993300695697
0 0.9323217726396917 0.1397835609379026 0.013969171483622351 0.012625611955681525
0 0.9136560693641619 0.12058747745426436 0.014691714836223507 0.013398608606029374
0 0.8796965317919075 0.031564029889203815 0.05659922928709056 0.06158206647771193
0 0.4536368015414258 0.5429013140943056 0.05322736030828516 0.06390105642875547
0 0.43677745664739887 0.5931460963669157 0.04744701348747592 0.052563772223653694
0 0.41678709055876684 0.6169801597526411 0.04985549132947977 0.052821437773769644
0 0.17642100192678228 0.9657304818345788 0.03444123314065511 0.03658850811646483
0 0.1956888246628131 0.9344241174954908 0.03444123314065511 0.03839216696727647
0 0.2184489402697495 0.9107188868848235 0.03709055876685934 0.042514815769131666
0 0.23205684007707128 0.88804431847462 0.025289017341040464 0.025508889461479
0 0.2518063583815029 0.8738727132182427 0.03444123314065511 0.03272352486472559
0 0.26384874759152216 0.8447565060551404 0.033477842003853564 0.03942282916774027
0 0.30346820809248554 0.7526410718886885 0.049132947976878616 0.05720175212574079
0 0.3222543352601156 0.7123164132955424 0.04431599229287091 0.05179077557330585
0 0.38198458574181116 0.6566606544704973 0.04865125240847784 0.054367431074465344
2 0.8264691714836223 0.5365885081164649 0.012764932562620424 0.014171605256377222
2 0.19857899807321772 0.933393455295027 0.010356454720616571 0.01004895645452203
2 0.9724229287090559 0.46482865240917287 0.011801541425818882 0.012883277505797475
2 0.8365847784200385 0.38430816799793865 0.005539499036608863 0.014171605256377222
2 0.8326107899807321 0.35828394743622777 0.007707129094412331 0.014686936356609122
2 0.8420038535645472 0.3643390878639526 0.009633911368015413 0.023189899510435454
2 0.19532755298651253 0.9197371811388817 0.012042389210019268 0.014171605256377222
2 0.2138728323699422 0.8974491110538521 0.012042389210019268 0.012367946405565575
2 0.22133911368015413 0.8849523318732285 0.011078998073217727 0.012110280855449627
2 0.2996146435452794 0.7576655501159495 0.01300578034682081 0.013140943055913424
2 0.7825144508670521 0.5910847719659882 0.012524084778420038 0.013398608606029374
2 0.8421242774566474 0.29026024220561714 0.010356454720616571 0.018809585158464315
2 0.8055154142581888 0.28394743622777635 0.014691714836223507 0.012367946405565575
2 0.817557803468208 0.26552434939448594 0.01083815028901734 0.010564287554753929
2 0.8477842003853564 0.22404019582581808 0.010597302504816955 0.014171605256377222
2 0.8888487475915221 0.2722236536975006 0.019990366088631986 0.013656274156145324
2 0.9201589595375722 0.2643648544189642 0.010356454720616571 0.012883277505797475
2 0.9296724470134875 0.2532852357639784 0.012524084778420038 0.012367946405565575
2 0.9378612716763006 0.22416902860087606 0.014932562620423893 0.010821953104869879
2 0.942557803468208 0.21515073434681783 0.012283236994219654 0.008245297603710384
2 0.8682562620423893 0.1968564802885854 0.015414258188824663 0.01700592630765267
2 0.9446050096339114 0.2020097912909044 0.012524084778420038 0.00979129090440608
2 0.941233140655106 0.17212058747745426 0.009152215799614644 0.014429270806493172
2 0.933766859344894 0.1448080391651636 0.010115606936416185 0.01030662200463798
2 0.9075144508670521 0.11917031692862665 0.012042389210019268 0.011594949755217727
2 0.5198699421965318 0.43442411749549087 0.013728323699421965 0.014429270806493172
2 0.46664258188824664 0.5211285751095078 0.0098747591522158 0.010564287554753929
2 0.46158477842003853 0.5275702138624065 0.01083815028901734 0.011594949755217727
2 0.42509633911368017 0.5771708322597269 0.011078998073217727 0.012367946405565575
2 0.4042630057803468 0.6006183973202783 0.01083815028901734 0.011337284205101777
2 0.38222543352601157 0.6333419221850038 0.012524084778420038 0.013398608606029374
2 0.3436897880539499 0.689255346560165 0.010597302504816955 0.011337284205101777
0 0.9152215799614644 0.016877093532594693 0.04190751445086705 0.03272352486472559