0 0.21465295629820053 0.699641209636084 0.07883461868037704 0.11378780112762686
2 0.37210796915167094 0.13044592516658124 0.004712939160239932 0.010763710917478216
2 0.3258354755784062 0.14992311635058944 0.010711225364181662 0.011788826242952332
0 0.06383890317052271 0.8639159405433111 0.043701799485861184 0.057919015889287544
0 0.0921165381319623 0.8500768836494106 0.04284490145672665 0.05689390056381343
0 0.14181662382176521 0.7962583290620194 0.054841473864610114 0.08559712967708867
0 0.19601542416452442 0.720399794976935 0.0844044558697515 0.1132752434648898
0 0.2536418166238218 0.6788826242952332 0.05312767780634105 0.07637109174782163
0 0.2834190231362468 0.6245515120451051 0.0895458440445587 0.12250128139415685
0 0.35068551842330764 0.544592516658124 0.08611825192802057 0.16453100973859558
0 0.39974293059125965 0.5017939518195798 0.0856898029134533 0.15069195284469503
0 0.45908311910882604 0.4674525884161968 0.07069408740359898 0.15274218349564325
0 0.5704798628963154 0.46437724243977446 0.03641816623821765 0.050230650948231675
0 0.598114824335904 0.4454126089185033 0.029991431019708654 0.04920553562275756
0 0.6263924592973437 0.4064582265504869 0.04712939160239932 0.07893388006150692
0 0.6531705227077977 0.38185545873910814 0.044130248500428446 0.07585853408508457
0 0.6628106255355612 0.3259866735007688 0.07626392459297343 0.14146591491542798
0 0.7005141388174807 0.2998462327011789 0.07712082262210797 0.13634033828805742
0 0.8309768637532133 0.2096360840594567 0.060411311053984576 0.10046130189646335
0 0.8564695801199658 0.14812916453100974 0.08997429305912596 0.1424910302409021
2 0.9048843187660668 0.20502306509482318 0.011996572407883462 0.014351614556637622
2 0.8986718080548415 0.21373654536135314 0.010711225364181662 0.01230138390568939
2 0.8849614395886889 0.22450025627883136 0.011568123393316195 0.016401845207585853
2 0.7015852613538989 0.10943106099436187 0.011568123393316195 0.01486417221937468
2 0.6293916023993145 0.4325986673500769 0.00856898029134533 0.010251153254741158
2 0.6707369323050557 0.4046642747309072 0.008140531276778063 0.01486417221937468
2 0.7377892030848329 0.4185033316248078 0.006855184233076264 0.01486417221937468
2 0.6058269065981148 0.4528446950281907 0.012853470437017995 0.010763710917478216
2 0.5931876606683805 0.16760635571501795 0.011568123393316195 0.01742696053305997
2 0.29562982005141386 0.6545361353152229 0.009425878320479864 0.013326499231163505
2 0.31640959725792633 0.6834956432598668 0.010711225364181662 0.013839056893900564
2 0.2345758354755784 0.7662737057919016 0.011568123393316195 0.01230138390568939
2 0.25171379605826905 0.7347514095335725 0.008997429305912597 0.012813941568426449
2 0.10389888603256213 0.9723218862121988 0.02356469580119966 0.018452075858534086
2 0.13410454155955442 0.5053818554587391 0.009425878320479864 0.01230138390568939
0 0.9070265638389031 0.10328036904151718 0.08826049700085689 0.14915427985648386