0 0.36881868131868134 0.6224806201550388 0.09478021978021978 0.05054263565891473
0 0.020375457875457876 0.962015503875969 0.03983516483516483 0.023875968992248062
0 0.04922161172161172 0.9272868217054263 0.07005494505494506 0.04062015503875969
0 0.08081501831501832 0.908062015503876 0.06639194139194139 0.042480620155038756
0 0.10347985347985347 0.8903875968992248 0.05952380952380952 0.03193798449612403
0 0.13003663003663005 0.8710077519379845 0.055860805860805864 0.032868217054263564
0 0.149496336996337 0.8418604651162791 0.08836996336996338 0.050852713178294574
0 0.17765567765567766 0.8178294573643411 0.08516483516483517 0.04744186046511628
0 0.20604395604395603 0.7967441860465116 0.0695970695970696 0.03565891472868217
0 0.23511904761904762 0.7651162790697674 0.06822344322344322 0.03751937984496124
0 0.25961538461538464 0.7320930232558139 0.08699633699633699 0.044651162790697675
0 0.29212454212454214 0.7052713178294574 0.08699633699633699 0.0462015503875969
0 0.3131868131868132 0.6775193798449612 0.09523809523809523 0.04837209302325581
0 0.3434065934065934 0.6472868217054264 0.0989010989010989 0.053023255813953486
0 0.3958333333333333 0.5928682170542635 0.09844322344322344 0.05271317829457364
0 0.4230769230769231 0.568217054263566 0.10256410256410256 0.053023255813953486
0 0.46886446886446886 0.5545736434108527 0.056776556776556776 0.03131782945736434
0 0.5210622710622711 0.47891472868217055 0.08516483516483517 0.04124031007751938
0 0.5576923076923077 0.46217054263565893 0.06227106227106227 0.030697674418604652
0 0.5684523809523809 0.4248062015503876 0.08836996336996338 0.043410852713178294
0 0.6046245421245421 0.39271317829457364 0.09478021978021978 0.04806201550387597
0 0.63507326007326 0.3626356589147287 0.09432234432234432 0.045581395348837206
0 0.6627747252747253 0.33813953488372095 0.09478021978021978 0.048682170542635655
0 0.6815476190476191 0.31550387596899226 0.08379120879120878 0.04186046511627907
0 0.7321428571428571 0.26775193798449615 0.08424908424908426 0.04372093023255814
0 0.7660256410256411 0.22806201550387598 0.07967032967032966 0.04062015503875969
0 0.8498168498168498 0.1462015503875969 0.08516483516483517 0.04372093023255814
0 0.8807234432234432 0.12031007751937985 0.08195970695970696 0.04279069767441861
0 0.9107142857142857 0.08992248062015504 0.0815018315018315 0.04279069767441861
2 0.37934981684981683 0.6683720930232558 0.011446886446886446 0.0065116279069767444
2 0.6591117216117216 0.3786046511627907 0.011446886446886446 0.006201550387596899
2 0.3992673992673993 0.3768992248062015 0.01098901098901099 0.0065116279069767444
2 0.9668040293040293 0.08372093023255814 0.012362637362637362 0.006201550387596899
2 0.987408424908425 0.05705426356589147 0.010531135531135532 0.00806201550387597
2 0.7653388278388278 0.2862015503875969 0.012362637362637362 0.0074418604651162795
2 0.7706043956043956 0.2804651162790698 0.01282051282051282 0.007131782945736434
2 0.7206959706959707 0.3262015503875969 0.011904761904761904 0.006201550387596899
2 0.6387362637362637 0.4150387596899225 0.014652014652014652 0.008372093023255815
2 0.5045787545787546 0.7142635658914729 0.010073260073260074 0.007131782945736434
2 0.2918956043956044 0.7474418604651163 0.011446886446886446 0.0065116279069767444
2 0.2506868131868132 0.7829457364341085 0.012362637362637362 0.0074418604651162795
2 0.22939560439560439 0.8106976744186046 0.011904761904761904 0.005891472868217054
2 0.07005494505494506 0.9457364341085271 0.011904761904761904 0.006821705426356589
2 0.07074175824175824 0.5013953488372093 0.010531135531135532 0.008682170542635658
0 0.9320054945054945 0.06930232558139535 0.08195970695970696 0.04186046511627907