0 0.4882756987209853 0.6991335524350164 0.016816674561819043 0.026292201971915147
0 0.22335386072951208 0.7127278159545862 0.01468498342018001 0.02420077681505826
0 0.4342728564661298 0.6317597848819839 0.014921837991473235 0.023603226770242007
0 0.4676693510184747 0.6299671347475351 0.012079583135954523 0.01703017627726322
0 0.46565608716248225 0.6114430833582313 0.0028422548555187117 0.021213026590976996
0 0.4964471814306016 0.6162234837167613 0.01231643770724775 0.028383627128772036
0 0.512553292278541 0.6000896325067224 0.012790146849834202 0.04093217806991335
0 0.5242775935575557 0.5997908574843143 0.010658455708195168 0.028981177173588286
0 0.5335149218379914 0.6150283836271287 0.020132638559924206 0.012847325963549447
0 0.5360018948365703 0.627427547057066 0.022738038844149693 0.01434120107559008
0 0.530909521553766 0.639229160442187 0.019185220274751304 0.0068718255153869135
0 0.5196589294173377 0.6664176874813266 0.020843202273803884 0.01882282641171198
0 0.5114874467077215 0.6803107260233044 0.019185220274751304 0.01971915147893636
0 0.4700378967314069 0.7076486405736481 0.014448128848886783 0.028981177173588286
0 0.02593557555660824 0.9547355841051688 0.0310279488394126 0.028383627128772036
0 0.4351018474656561 0.7152674036450553 0.005210800568450971 0.028084852106363908
0 0.41117953576504024 0.7317000298775023 0.011369019422074847 0.02151180161338512
0 0.3615585030791094 0.7511204063340304 0.013027001421127428 0.02270690170301763
0 0.3276882993841781 0.7511204063340304 0.014448128848886783 0.027487302061547654
0 0.30873993368072006 0.7723334329250074 0.019185220274751304 0.02151180161338512
0 0.29891046897205115 0.7848819838661488 0.02179062055897679 0.02509710188228264
0 0.2863571766935102 0.8051986853899014 0.021316911416390336 0.026292201971915147
0 0.2636191378493605 0.8604720645354048 0.0246328754144955 0.01732895129967135
0 0.2419469445760303 0.9209740065730505 0.02392231170061582 0.014042426053181954
0 0.23211747986736145 0.9569763967732298 0.028896257697773566 0.015536301165222588
0 0.23010421601136902 0.983567373767553 0.029133112269066792 0.01971915147893636
0 0.13938891520606347 0.639229160442187 0.033870203694931315 0.02420077681505826
0 0.17006158218853623 0.6124887959366597 0.020843202273803884 0.03226770242007768
0 0.2391046897205116 0.5745443680908277 0.014448128848886783 0.027487302061547654
0 0.2723827569872099 0.5616970421272781 0.015158692562766462 0.025694651927098893
0 0.8645191852202747 0.05422766656707499 0.02510658455708195 0.03674932775619958
0 0.8254381809568925 0.06752315506423663 0.018474656560871626 0.031670152375261426
0 0.7926338228327807 0.08111741858380639 0.019658929417337753 0.03316402748730206
0 0.7632638559924206 0.1092022706901703 0.02344860255802937 0.030773827308037047
0 0.7409995262908574 0.1398267104870033 0.02392231170061582 0.030475052285628922
0 0.7240644244433918 0.16537197490289812 0.023685457129322594 0.02718852703913953
0 0.6984841307437234 0.2061547654616074 0.023685457129322594 0.027487302061547654
0 0.6853387020369494 0.23528533014639977 0.02297489341544292 0.023005676725425753
0 0.6571530080530554 0.275918733193905 0.024869729985788725 0.02718852703913953
0 0.6460208432022738 0.2929489094711682 0.02392231170061582 0.027786077083955783
0 0.6326385599242066 0.3138631610397371 0.023211747986736146 0.027786077083955783
0 0.6202036949313122 0.33074394980579624 0.02344860255802937 0.02868240215118016
0 0.6087162482235907 0.3470271885270391 0.02226432970156324 0.02718852703913953
0 0.5954523922311701 0.36136838960262924 0.01752723827569872 0.025395876904690768
0 0.5815963998105164 0.3707798028084852 0.013027001421127428 0.025694651927098893
0 0.5626480341070582 0.3834777412608306 0.012553292278540976 0.0313713773528533
0 0.545594504973946 0.39169405437705407 0.010658455708195168 0.03286525246489393
0 0.5151586925627665 0.40902300567672545 0.014211274277593557 0.03226770242007768
0 0.4920653718616769 0.4218703316402749 0.0182378019895784 0.0358530026889752
0 0.43450971103742303 0.4644457723334329 0.021553765987683562 0.033761577532118316
0 0.40596873519658927 0.48969226172691965 0.018000947418285174 0.0268897520167314
0 0.3833491236380862 0.5055273379145503 0.01397441970630033 0.02509710188228264
0 0.3638086215063951 0.5167314012548551 0.013263855992420654 0.02599342694950702
0 0.3163192799621033 0.5433223782491784 0.013027001421127428 0.025395876904690768
0 0.2931075319753671 0.5528831789662384 0.014921837991473235 0.02718852703913953
0 0.01634296541923259 0.9735584105168807 0.03173851255329228 0.030176277263220794
0 0.04133112269066793 0.924559306841948 0.03292278540975841 0.028981177173588286
2 0.5241591662719091 0.6410218105766358 0.008526764566556135 0.00627427547057066
2 0.5081714827096163 0.39856587989244097 0.0035528185693983892 0.00717060053779504
2 0.4560634770251066 0.8279055870929191 0.0035528185693983892 0.008365700627427548
2 0.43770724774988157 0.7070510905288317 0.0033159639981051635 0.00806692560501942
2 0.46210326859308387 0.7013743651030774 0.0071056371387967785 0.015237526142814461
2 0.48140691615348175 0.6970421272781595 0.004500236854571293 0.007768150582611294
2 0.4866177167219327 0.6965939647445474 0.004973945997157745 0.005079175380938153
0 0.05518711511132165 0.8966238422467881 0.028422548555187114 0.02151180161338512
2 0.6282567503552818 0.3040035853002689 0.006395073424917101 0.00806692560501942
2 0.6384414969208906 0.2836868837765163 0.006868782567503553 0.007469375560203167
2 0.7150639507342492 0.16537197490289812 0.0071056371387967785 0.008664475649835674
2 0.718498342018001 0.15700627427547056 0.004500236854571293 0.00806692560501942
2 0.7337754618664141 0.13310427248282045 0.006631927996210327 0.007469375560203167
2 0.7825675035528186 0.07469375560203168 0.006631927996210327 0.009560800717060053
2 0.8204642349597348 0.059306841948013146 0.006158218853623875 0.005079175380938153
2 0.8636901942207484 0.04257544069315805 0.008289909995262908 0.00627427547057066
2 0.885243960208432 0.03152076486405737 0.005921364282330649 0.00806692560501942
2 0.5182378019895784 0.6096504332237825 0.0047370914258645196 0.008664475649835674
2 0.503671245855045 0.5613982671048701 0.005447655139744197 0.0089632506722438
2 0.4809332070108953 0.47908574843143115 0.004973945997157745 0.00806692560501942
2 0.43000947418285174 0.4535404840155363 0.004973945997157745 0.00717060053779504
0 0.06264803410705827 0.8603226770242007 0.02392231170061582 0.015835076187630713
0 0.07129322595926102 0.8153570361517777 0.026054002842254856 0.02449955183746639
0 0.16224538133585978 0.7922019719151479 0.035528185693983895 0.03615177771138333
0 0.16840360018948367 0.893934867045115 0.02179062055897679 0.023304451747833882
2 0.1598768356229275 0.6090528831789662 0.008053055423969682 0.012249775918733195
2 0.13619137849360494 0.665222587391694 0.006158218853623875 0.009262025694651926
2 0.05447655139744197 0.7526142814460711 0.004263382283278067 0.00717060053779504
2 0.05530554239696826 0.8567373767553033 0.0035528185693983892 0.007469375560203167
2 0.21672193273330176 0.8388108754108157 0.005210800568450971 0.00806692560501942
2 0.1705352913311227 0.9040932178069914 0.008053055423969682 0.006573050492978787
2 0.016106110847939364 0.950253958769047 0.004263382283278067 0.0068718255153869135
2 0.0793462813832307 0.9953689871526741 0.007579346281383231 0.009262025694651926
2 0.22228801515869256 0.9535404840155363 0.0035528185693983892 0.00806692560501942
2 0.2537896731406916 0.8612190020914252 0.008289909995262908 0.005676725425754407
2 0.25746091899573664 0.8527039139527935 0.005210800568450971 0.004780400358530027
2 0.3158455708195168 0.6337018225276367 0.00876361913784936 0.008365700627427548
2 0.23199905258171483 0.5691664176874813 0.005447655139744197 0.01075590080669256
2 0.23922311700615823 0.5663280549746041 0.006158218853623875 0.005079175380938153
2 0.32010895310279486 0.5343591275769346 0.004026527711984841 0.008664475649835674
2 0.35729512079583137 0.5082163131162235 0.0030791094268119374 0.005975500448162534
2 0.4069161534817622 0.4780400358530027 0.006631927996210327 0.009560800717060053
0 0.8924680246328754 0.04167911562593367 0.02794883941260066 0.033761577532118316