0 0.4994706193753309 0.5082025677603423 0.08523028057173107 0.14621968616262482
0 0.3046585494970884 0.7271754636233951 0.06087877183695077 0.10770328102710414
0 0.3054526204340921 0.666904422253923 0.08787718369507676 0.1754636233951498
0 0.34277395447326625 0.6590584878744651 0.07358390682901006 0.15263908701854492
0 0.37797776601376387 0.641583452211127 0.06458443620963472 0.11483594864479316
0 0.4195341450502912 0.5584878744650499 0.10958178930651138 0.19115549215406563
0 0.4565907887771308 0.5203281027104137 0.10534674430915829 0.1833095577746077
0 0.5399682371625198 0.46255349500713266 0.10905240868184224 0.1818830242510699
0 0.6048173636844891 0.37125534950071326 0.08628904182106935 0.13480741797432239
0 0.6553732133403918 0.3955064194008559 0.05082053996823716 0.07917261055634807
0 0.7077818951826363 0.36554921540656204 0.03388035997882478 0.05920114122681883
0 0.8094229751191107 0.2906562054208274 0.05399682371625199 0.09914407988587731
0 0.8520381154049762 0.26390870185449355 0.06405505558496559 0.09700427960057062
0 0.912916887241927 0.22146932952924395 0.04182106934886183 0.07489300998573467
0 0.2522498676548438 0.7196861626248217 0.08417151932239281 0.17261055634807418
0 0.20831127580730546 0.7542796005706134 0.09793541556379036 0.1875891583452211
0 0.18660667019587082 0.8723252496433667 0.026998411858125994 0.04992867332382311
0 0.14955002646903123 0.9069186875891584 0.04393859184753838 0.06348074179743224
2 0.041556379036527265 0.31918687589158345 0.01641079936474325 0.020684736091298145
2 0.014822657490735839 0.4015691868758916 0.01270513499205929 0.019971469329529243
2 0.28824775013234516 0.405848787446505 0.01111699311805188 0.019971469329529243
2 0.23107464266807834 0.8405848787446505 0.01111699311805188 0.01925820256776034
2 0.27316040232927474 0.793509272467903 0.01270513499205929 0.023537803138373753
2 0.3406564319745897 0.7385877318116976 0.014293276866066702 0.024964336661911554
2 0.9089465325569084 0.24179743223965763 0.023292747485442033 0.03851640513552068
2 0.8022763366860773 0.4536376604850214 0.015352038115404976 0.017118402282453638
2 0.8303335097935416 0.5331669044222539 0.014293276866066702 0.016405135520684736
0 0.9240338803599788 0.2086305278174037 0.037586024351508734 0.06776034236804565