1 0.15958498023715414 0.7018963922294172 0.042490118577075096 0.03283996299722479
1 0.1351284584980237 0.5656799259944496 0.04792490118577075 0.02960222016651249
1 0.20232213438735178 0.5684551341350601 0.04496047430830039 0.034227567067530065
1 0.26902173913043476 0.5575855689176689 0.04397233201581028 0.031914893617021274
1 0.3332509881422925 0.5434782608695652 0.04397233201581028 0.03330249768732655
1 0.3984683794466403 0.5372340425531915 0.04693675889328063 0.030989824236817762
1 0.46294466403162055 0.5222016651248844 0.038537549407114624 0.02960222016651249
1 0.5286561264822134 0.5090194264569843 0.04841897233201581 0.03839037927844589
1 0.5958498023715415 0.5023126734505088 0.045454545454545456 0.032377428307123035
1 0.6585968379446641 0.4935245143385754 0.04841897233201581 0.03330249768732655
1 0.4429347826086957 0.40379278445883443 0.04693675889328063 0.030527289546716005
1 0.3757411067193676 0.41234967622571694 0.04792490118577075 0.031914893617021274
1 0.3107707509881423 0.4204440333024977 0.04940711462450593 0.03330249768732655
1 0.2450592885375494 0.43177613320999075 0.042490118577075096 0.029139685476410732
1 0.1800889328063241 0.4428769657724329 0.04594861660079051 0.031914893617021274
1 0.22332015810276679 0.6891766882516188 0.045454545454545456 0.03330249768732655
1 0.2890316205533597 0.6792321924144311 0.044466403162055336 0.03469010175763182
1 0.35449604743083 0.6648936170212766 0.04594861660079051 0.033765032377428304
1 0.7643280632411067 0.13344125809435708 0.1067193675889328 0.08741905642923219
1 0.5187747035573123 0.16859389454209064 0.09881422924901186 0.08464384828862165
1 0.4192193675889328 0.6579555966697502 0.04100790513833992 0.030989824236817762
1 0.29891304347826086 0.8281683626271971 0.07213438735177866 0.0633672525439408
1 0.3663537549407115 0.8189176688251619 0.06867588932806325 0.06244218316373728
1 0.4419466403162055 0.8082793709528214 0.06867588932806325 0.0633672525439408
1 0.5481719367588933 0.7883903792784459 0.08547430830039526 0.08094357076780759
1 0.5521245059288538 0.6350601295097132 0.04100790513833992 0.02960222016651249
1 0.4849308300395257 0.6461609620721555 0.04496047430830039 0.030527289546716005
1 0.2225790513833992 0.31036077705827936 0.04693675889328063 0.032377428307123035