0 0.7992831541218638 0.37787316532816395 0.047311827956989246 0.0473553032400997
0 0.4939068100358423 0.8181944059817226 0.06117084826762246 0.051786208806424816
0 0.5152927120669056 0.8421489891996676 0.06045400238948626 0.028800886181113265
0 0.5275985663082438 0.8782885627250069 0.06594982078853047 0.03184713375796178
0 0.483273596176822 0.9073663805040155 0.03608124253285543 0.04569371365272778
0 0.44826762246117086 0.929520908335641 0.01959378733572282 0.03295486014954306
0 0.47347670250896057 0.9540293547493769 0.02078853046594982 0.023816117418997508
0 0.4145758661887694 0.9387981168651343 0.02915173237753883 0.05870949875380781
0 0.35005973715651134 0.925090002769316 0.02724014336917563 0.05566325117695929
0 0.2909199522102748 0.9160897258377181 0.02317801672640382 0.05870949875380781
0 0.1996415770609319 0.8465798947659928 0.013142174432497013 0.024923843810578786
0 0.9044205495818399 0.05787870396012185 0.05878136200716846 0.027139296593741345
0 0.9004778972520908 0.10800332317917474 0.05806451612903226 0.03655497092218222
0 0.8874551971326164 0.18083633342564387 0.05543608124253285 0.0432013292716699
0 0.8703703703703703 0.22569925228468568 0.052329749103942655 0.03655497092218222
0 0.8439665471923536 0.2923013015785101 0.043010752688172046 0.0362780393242869
0 0.45065710872162484 0.8137635004153974 0.04157706093189964 0.05787870396012185
0 0.40979689366786143 0.7992245915258931 0.023894862604540025 0.05317086679590141
0 0.3127837514934289 0.7736084187205761 0.023894862604540025 0.0473553032400997
0 0.2691756272401434 0.3253946275270008 0.03655913978494624 0.050955414012738856
0 0.4698924731182796 0.09041816671282193 0.06571087216248507 0.05843256715591249
0 0.43428912783751494 0.1416505123234561 0.05949820788530466 0.050124619219052896
0 0.4050179211469534 0.1855441705898643 0.06069295101553166 0.0642481307117142
0 0.3764635603345281 0.2280531708667959 0.056152927120669056 0.06175574633065633
0 0.33990442054958186 0.26723899196898365 0.047550776583034644 0.057047909166435894
0 0.30776583034647553 0.29243976737745775 0.032974910394265235 0.04153973968429798
0 0.2129032258064516 0.36665743561340347 0.023894862604540025 0.028800886181113265
0 0.25555555555555554 0.7572694544447521 0.024133811230585424 0.05787870396012185
0 0.16905615292712067 0.3994738299639989 0.021744324970131422 0.02243145942952091
0 0.12580645161290321 0.44018277485461094 0.024611708482676225 0.025200775408474107
0 0.04229390681003584 0.6064801993907505 0.015770609318996417 0.01993907504846303
0 0.05197132616487455 0.6686513431182498 0.02031063321385902 0.030739407366380506
0 0.11290322580645161 0.7360841872057602 0.02986857825567503 0.033231791747438386
0 0.2053763440860215 0.7514538908889504 0.03464755077658303 0.06175574633065633
0 0.8181600955794505 0.3397950706175575 0.042054958183990444 0.03987815009692606
0 0.7639187574671445 0.42869011354195513 0.043488649940262844 0.04652450844641374
0 0.6977299880525687 0.5076156189421213 0.03249701314217443 0.049293824425366936
2 0.5463560334528077 0.445444475214622 0.014097968936678614 0.005261700360011078
2 0.44743130227001193 0.8209637219606757 0.013142174432497013 0.01633896427582387
2 0.8612903225806452 0.16629742453613958 0.016009557945041816 0.026862364995846027
2 0.872520908004779 0.17695929105510938 0.00931899641577061 0.015508169482137912
2 0.8843488649940263 0.05150927720852949 0.006212664277180406 0.014954306286347273
2 0.3927120669056153 0.16255884796455275 0.017443249701314216 0.01993907504846303
2 0.3827956989247312 0.17640542785931876 0.010513739545997611 0.012184990307394073
2 0.5989247311827957 0.13140404320132928 0.016009557945041816 0.019662143450567708
2 0.47144563918757465 0.04652450844641374 0.008124253285543608 0.012184990307394073
2 0.36547192353643965 0.35474937690390473 0.011230585424133811 0.014954306286347273
0 0.5596176821983273 0.38521185267238994 0.044444444444444446 0.042647466075879256
0 0.6602150537634408 0.5252007754084741 0.01959378733572282 0.06729437828856273
0 0.6314217443249701 0.5386319579063972 0.012664277180406212 0.07477153143173636
0 0.5909199522102748 0.5335087233453337 0.032974910394265235 0.05843256715591249
0 0.5600955794504182 0.5094156743284409 0.04922341696535245 0.062309609526446964
0 0.5296296296296297 0.4903073940736638 0.056630824372759854 0.043478260869565216
0 0.5320191158900837 0.43727499307671003 0.04181600955794504 0.009415674328440876
2 0.16821983273596178 0.4083356410966491 0.014814814814814815 0.014123511492661313
2 0.04994026284348865 0.6542509000276931 0.014336917562724014 0.01800055386319579
2 0.06105137395459976 0.6746053724729991 0.00979689366786141 0.014400443090556632
2 0.23512544802867383 0.6845749099972307 0.02054958183990442 0.026585433397950706
0 0.4890083632019116 0.052617003600110776 0.05806451612903226 0.047632234837995016