2 0.15990453460620524 0.6687571265678449 0.012728719172633254 0.01178259217027746
2 0.3794749403341289 0.5248954770049411 0.014319809069212411 0.010642341315089319
2 0.3500397772474145 0.5203344735841885 0.014319809069212411 0.012922843025465602
2 0.332140015910899 0.5201444317749905 0.011933174224343675 0.009502090459901177
2 0.31782020684168655 0.5191942227290004 0.01988862370723946 0.016723679209426075
2 0.4081145584725537 0.5674648422652984 0.02545743834526651 0.022044849866970733
2 0.36833731105807477 0.5765868491068035 0.017501988862370723 0.012922843025465602
2 0.3862370723945903 0.5765868491068035 0.015115354017501989 0.011402508551881414
2 0.3265712012728719 0.5706955530216647 0.016706443914081145 0.01330292664386165
2 0.3206046141607001 0.5541619156214367 0.014319809069212411 0.010642341315089319
2 0.32577565632458233 0.6066134549600912 0.013524264120922832 0.012922843025465602
2 0.2935560859188544 0.5997719498289624 0.017501988862370723 0.012162675788673508
2 0.3138424821002387 0.7316609654123907 0.016706443914081145 0.017483846446218167
2 0.20723945902943516 0.6714177118966173 0.011933174224343675 0.009502090459901177
2 0.4379474940334129 0.2974154313949069 0.023070803500397773 0.019384264538198404
2 0.28878281622911695 0.6997339414671228 0.011137629276054098 0.009882174078297225
2 0.23667462211614956 0.8538578487267199 0.0294351630867144 0.008741923223109084
2 0.2247414478918059 0.8692512352717597 0.03739061256961018 0.009882174078297225
2 0.2243436754176611 0.8772329912580767 0.04136833731105807 0.011402508551881414
2 0.2163882259347653 0.8848346636259977 0.030230708035003977 0.009882174078297225
2 0.21559268098647574 0.8918662105663246 0.04136833731105807 0.012542759407069556
2 0.2096260938743039 0.8975674648422654 0.021479713603818614 0.005701254275940707
2 0.19968178202068418 0.9116305587229191 0.03659506762132061 0.008741923223109084
2 0.19888623707239458 0.9207525655644242 0.031821797931583136 0.00798175598631699
2 0.3643595863166269 0.9541999239832764 0.028639618138424822 0.009502090459901177
2 0.37708830548926014 0.9332953249714937 0.035003977724741446 0.011022424933485367
2 0.38424821002386633 0.9258836944127709 0.035003977724741446 0.010642341315089319
2 0.39657915672235483 0.5260357278601292 0.011933174224343675 0.010642341315089319
2 0.4017501988862371 0.5095020904599011 0.014319809069212411 0.01330292664386165
2 0.4375497215592681 0.46313188901558344 0.02545743834526651 0.020144431774990496
2 0.390612569610183 0.4589509692132269 0.014319809069212411 0.011022424933485367
2 0.38902147971360385 0.2951349296845306 0.01909307875894988 0.02242493348536678
2 0.3711217183770883 0.2955150133029266 0.018297533810660304 0.023185100722158875
2 0.352824184566428 0.2943747624477385 0.013524264120922832 0.019384264538198404
2 0.33890214797136037 0.2966552641581148 0.017501988862370723 0.023185100722158875
2 0.3198090692124105 0.29285442797415434 0.011137629276054098 0.015583428354237932
2 0.3031026252983294 0.2957050551121247 0.015910898965791568 0.020524515393386546
2 0.40612569610182975 0.35518814139110605 0.016706443914081145 0.012542759407069556
2 0.418854415274463 0.35860889395667045 0.018297533810660304 0.015583428354237932
2 0.43635640413683374 0.36012922843025463 0.018297533810660304 0.015583428354237932
2 0.49363564041368335 0.36830102622576966 0.023070803500397773 0.020524515393386546
2 0.5027844073190135 0.3491068034967693 0.017501988862370723 0.015583428354237932
2 0.48687350835322196 0.346826301786393 0.020684168655529037 0.016343595591030026
2 0.4733492442322991 0.3445458000760167 0.01909307875894988 0.015583428354237932
2 0.4482895783611774 0.3407449638920563 0.023070803500397773 0.01862409730140631
2 0.46857597454256167 0.41334093500570124 0.027048528241845664 0.025465602432535157
2 0.44550517104216386 0.4222729000380084 0.017501988862370723 0.01596351197263398
2 0.4439140811455847 0.4015583428354238 0.020684168655529037 0.016343595591030026
2 0.420843277645187 0.41733181299885974 0.017501988862370723 0.013683010262257697
2 0.4299920445505171 0.40041809198023565 0.015115354017501989 0.012542759407069556
2 0.39498806682577564 0.41239072595971116 0.016706443914081145 0.012162675788673508
2 0.381066030230708 0.410870391486127 0.015910898965791568 0.012922843025465602
2 0.37788385043754974 0.3926263778031167 0.017501988862370723 0.015203344735841885
2 0.35521081941129673 0.4080197643481566 0.015115354017501989 0.01178259217027746
2 0.3631662688941925 0.4545800076016724 0.01988862370723946 0.015203344735841885
2 0.38743038981702466 0.91923223109084 0.03659506762132061 0.011022424933485367
2 0.3918058870326173 0.9122006841505131 0.03898170246618934 0.012162675788673508
2 0.38743038981702466 0.8728620296465223 0.027048528241845664 0.008741923223109084
2 0.03977724741447892 0.31660965412390724 0.011137629276054098 0.009122006841505131
2 0.13325377883850437 0.31166856708475865 0.010342084327764518 0.010642341315089319
2 0.14598249801113763 0.30843785632839227 0.010342084327764518 0.011022424933485367
2 0.15393794749403342 0.30672748004561 0.007159904534606206 0.009122006841505131
2 0.1610978520286396 0.30520714557202583 0.007159904534606206 0.010642341315089319
2 0.16825775656324582 0.306537438236412 0.008750994431185362 0.010262257696693273
2 0.11336515513126491 0.3120486507031547 0.008750994431185362 0.009122006841505131
2 0.10938743038981702 0.24800456100342075 0.024661893396976928 0.0049410870391486126
2 0.11336515513126491 0.2434435575826682 0.0294351630867144 0.005701254275940707
2 0.06404136833731106 0.22025845686050932 0.021479713603818614 0.005701254275940707
2 0.07000795544948289 0.21246674268339036 0.01909307875894988 0.004561003420752566
2 0.03898170246618934 0.21094640820980615 0.02386634844868735 0.006081337894336754
2 0.03818615751789976 0.2354618015963512 0.01909307875894988 0.004180919802356519
2 0.08910103420843278 0.20011402508551882 0.017501988862370723 0.01178259217027746
2 0.09864757358790771 0.18662105663245915 0.022275258552108195 0.0068415051311288486
2 0.12092283214001591 0.18985176738882553 0.01909307875894988 0.006461421512732801
2 0.1949085123309467 0.11060433295324971 0.03659506762132061 0.010642341315089319
2 0.10501193317422435 0.3112884834663626 0.007955449482895784 0.009122006841505131
2 0.022673031026252982 0.31584948688711517 0.008750994431185362 0.008361839604713038
2 0.4618138424821002 0.6887115165336374 0.0294351630867144 0.009882174078297225
2 0.015115354017501989 0.3160395286963132 0.00954653937947494 0.009502090459901177
2 0.4626093874303898 0.67787913340935 0.024661893396976928 0.008741923223109084
2 0.36873508353221957 0.6100342075256556 0.013524264120922832 0.010642341315089319
2 0.5306284805091488 0.5767768909160015 0.031821797931583136 0.009502090459901177
2 0.6161495624502784 0.41809198023565186 0.03579952267303103 0.012162675788673508
2 0.6276849642004774 0.40782972253895855 0.02545743834526651 0.009122006841505131
2 0.6614956245027844 0.40269859369061195 0.01988862370723946 0.007221588749524895
2 0.8937947494033412 0.07487647282402128 0.03261734287987271 0.010642341315089319
2 0.30708035003977724 0.10870391486126948 0.04455051710421639 0.008361839604713038
2 0.34089101034208436 0.1353097681489928 0.021479713603818614 0.012162675788673508
2 0.3619729514717582 0.1354998099581908 0.028639618138424822 0.014063093880653743
2 0.38862370723945905 0.137020144431775 0.0294351630867144 0.015583428354237932
2 0.16268894192521877 0.10699353857848727 0.0405727923627685 0.009502090459901177
2 0.17541766109785203 0.0974914481185861 0.04852824184566428 0.01178259217027746
2 0.17342879872712808 0.11516533637400228 0.03341288782816229 0.008361839604713038
2 0.20445505171042164 0.14462181679969593 0.028639618138424822 0.017863930064614217
2 0.19769291964996022 0.13930064614215126 0.024661893396976928 0.011022424933485367
2 0.24423229912490055 0.14614215127328012 0.015910898965791568 0.01862409730140631
2 0.03739061256961018 0.15393386545039908 0.022275258552108195 0.012922843025465602
2 0.09904534606205251 0.1961231470923603 0.031026252983293555 0.01444317749904979
2 0.07915672235481305 0.2291904218928164 0.026252983293556086 0.0068415051311288486
2 0.03699284009546539 0.2272900038008362 0.0294351630867144 0.005321170657544659
2 0.162291169451074 0.3209806157354618 0.02545743834526651 0.0049410870391486126
2 0.1284805091487669 0.3219308247814519 0.023070803500397773 0.004561003420752566
2 0.007557677008750994 0.3160395286963132 0.010342084327764518 0.009502090459901177
2 0.40652346857597454 0.2943747624477385 0.022275258552108195 0.019384264538198404
2 0.48329355608591884 0.30178639300646143 0.01988862370723946 0.01596351197263398
0 0.7995226730310262 0.24192322310908398 0.06364359586316627 0.015583428354237932
0 0.5652346857597454 0.556822500950209 0.08512330946698489 0.04865070315469403
0 0.6002386634844868 0.5207145572025845 0.07398568019093078 0.028126187761307486
0 0.6022275258552108 0.49372862029646525 0.046141607000795545 0.013683010262257697
0 0.5914876690533015 0.4749144811858609 0.031026252983293555 0.021664766248574687
0 0.6249005568814638 0.45534017483846445 0.08194112967382657 0.02356518434055492
0 0.6372315035799523 0.4188521474724439 0.04295942720763723 0.04561003420752566
0 0.6873508353221957 0.3848346636259977 0.07637231503579953 0.02394526795895097
0 0.7092283214001591 0.3669707335613835 0.08035003977724742 0.016343595591030026
0 0.7255369928400954 0.3475864690231851 0.07478122513922036 0.030026605853287723
0 0.7334924423229913 0.30577727099961993 0.035003977724741446 0.04142911440516914
0 0.7748607796340493 0.27955150133029266 0.03818615751789976 0.023185100722158875
0 0.7871917263325378 0.2573166096541239 0.061256961018297536 0.01596351197263398
0 0.8126491646778043 0.2232991258076777 0.08353221957040573 0.026985936906119345
2 0.5107398568019093 0.3072976054732041 0.022275258552108195 0.01862409730140631
0 0.8269689737470167 0.20771569745343976 0.08512330946698489 0.02242493348536678
0 0.835719968178202 0.1839604713036868 0.06921241050119331 0.01596351197263398
0 0.8456642800318218 0.16571645762067655 0.07000795544948289 0.01444317749904979
0 0.8524264120922832 0.14367160775370583 0.07239459029435164 0.02508551881413911
0 0.8703261734287987 0.11383504370961611 0.0588703261734288 0.01710376282782212
0 0.9001591089896579 0.09654123907259597 0.0883054892601432 0.022044849866970733
0 0.9168655529037391 0.0822881033827442 0.07080350039777247 0.014063093880653743
0 0.918854415274463 0.0653743823641201 0.07000795544948289 0.016723679209426075
0 0.9590294351630867 0.03420752565564424 0.08035003977724742 0.04180919802356518
0 0.5318217979315831 0.5948308627898138 0.05171042163882259 0.04028886354998099
0 0.5270485282418457 0.6269479285442797 0.09466984884645982 0.032307107563664006
0 0.5071599045346062 0.644811858608894 0.05171042163882259 0.01710376282782212
0 0.4888623707239459 0.6628658304827062 0.046937151949085126 0.011402508551881414
0 0.5727923627684964 0.1064234131508932 0.1909307875894988 0.0661345496009122
0 0.5310262529832935 0.15051311288483465 0.16945107398568018 0.02280501710376283
0 0.5015910898965792 0.17635879893576586 0.18377088305489261 0.04484986697073356
0 0.48607796340493237 0.2272900038008362 0.1654733492442323 0.05017103762827822
0 0.48369132856006364 0.2919042189281642 0.16865552903739062 0.058532877232991255
0 0.43556085918854415 0.3500570125427594 0.1360381861575179 0.05017103762827822
0 0.4005568814638027 0.40459901178259217 0.14399363564041368 0.047510452299505894
0 0.3456642800318218 0.2894336754085899 0.11535401750198886 0.020144431774990496
0 0.3894192521877486 0.4589509692132269 0.13126491646778043 0.037628278221208664
0 0.3703261734287987 0.5142531356898518 0.12171837708830549 0.042569365260357275
0 0.3460620525059666 0.564044089699734 0.12251392203659507 0.042569365260357275
0 0.3206046141607001 0.613074876472824 0.12569610182975338 0.042569365260357275
0 0.2394590294351631 0.6716077537058153 0.18297533810660302 0.02508551881413911
0 0.2319013524264121 0.6978335233751425 0.18536197295147175 0.02508551881413911
0 0.30747812251392204 0.7234891676168758 0.015115354017501989 0.029266438616495628
0 0.24303898170246618 0.7979855568225009 0.056483691328560064 0.01178259217027746
0 0.20405727923627684 0.8924363359939187 0.07875894988066826 0.06309388065374383
0 0.15910898965791567 0.9616115545419992 0.0477326968973747 0.03800836183960471
0 0.39737470167064437 0.8738122386925123 0.031026252983293555 0.012162675788673508
0 0.420843277645187 0.7919042189281642 0.05250596658711217 0.014823261117445839
0 0.42482100238663484 0.7696693272519954 0.04136833731105807 0.013683010262257697
0 0.44630071599045346 0.7428734321550741 0.04136833731105807 0.011022424933485367
0 0.4502784407319014 0.72595971113645 0.049323786793953855 0.019004180919802355
0 0.4665871121718377 0.7027746104142911 0.03898170246618934 0.010642341315089319
0 0.48528241845664283 0.6832003040668947 0.08910103420843278 0.025465602432535157
2 0.5731901352426412 0.18738122386925124 0.023070803500397773 0.018244013683010263
2 0.5306284805091488 0.1797795515013303 0.017501988862370723 0.013683010262257697
2 0.5167064439140812 0.1799695933105283 0.021479713603818614 0.017863930064614217
2 0.45465393794749404 0.17217787913340935 0.01988862370723946 0.016723679209426075
2 0.4343675417661098 0.2111364500190042 0.01909307875894988 0.014063093880653743
2 0.4610182975338107 0.21436716077537057 0.018297533810660304 0.01444317749904979
2 0.48727128082736676 0.21721778791334093 0.016706443914081145 0.014823261117445839
2 0.5007955449482896 0.22006841505131128 0.016706443914081145 0.013683010262257697
2 0.5147175815433572 0.22120866590649943 0.01909307875894988 0.015203344735841885
2 0.541368337311058 0.22443937666286584 0.015115354017501989 0.01178259217027746
2 0.5540970564836913 0.2265298365640441 0.018297533810660304 0.01444317749904979
2 0.5624502784407319 0.24230330672748004 0.028639618138424822 0.02394526795895097
2 0.545346062052506 0.24382364120106423 0.015115354017501989 0.011022424933485367
2 0.5318217979315831 0.24211326491828203 0.01988862370723946 0.015203344735841885
2 0.5155131264916468 0.24154313949068795 0.02386634844868735 0.019384264538198404
2 0.5035799522673031 0.23755226149752945 0.01909307875894988 0.013683010262257697
2 0.46539379474940334 0.23185100722158875 0.014319809069212411 0.010642341315089319
2 0.4518695306284805 0.23166096541239073 0.017501988862370723 0.014823261117445839
2 0.43914081145584727 0.22862029646522236 0.011137629276054098 0.009502090459901177
2 0.4184566428003182 0.2751805397187381 0.014319809069212411 0.012162675788673508
2 0.4327764518695306 0.27537058152793614 0.020684168655529037 0.017863930064614217
2 0.4626093874303898 0.2786012922843025 0.024661893396976928 0.018244013683010263
2 0.5091487669053302 0.28354237932345117 0.02386634844868735 0.018244013683010263
2 0.5513126491646778 0.2917141771189662 0.017501988862370723 0.014823261117445839
2 0.5393794749403341 0.3177499049790954 0.014319809069212411 0.011402508551881414
2 0.5266507557677009 0.30976814899277844 0.02386634844868735 0.020524515393386546
2 0.5437549721559268 0.1839604713036868 0.023070803500397773 0.018244013683010263
2 0.5926809864757359 0.18776130748764727 0.020684168655529037 0.017483846446218167
2 0.5600636435958631 0.17065754465982516 0.027048528241845664 0.007601672367920942
2 0.8814638027048528 0.0815279361459521 0.031821797931583136 0.008741923223109084
2 0.5107398568019093 0.08551881413911061 0.022275258552108195 0.01976434815659445
2 0.5234685759745425 0.09045990117825922 0.017501988862370723 0.013683010262257697
2 0.5381861575178998 0.09407069555302167 0.013524264120922832 0.011022424933485367
2 0.5521081941129674 0.09312048650703154 0.017501988862370723 0.01444317749904979
2 0.5656324582338902 0.09369061193462562 0.020684168655529037 0.01862409730140631
2 0.5795544948289578 0.09673128088179399 0.016706443914081145 0.014063093880653743
2 0.5934765314240255 0.09806157354618016 0.01909307875894988 0.017483846446218167
2 0.6070007955449482 0.10072215887495249 0.015910898965791568 0.01596351197263398
2 0.6201272871917264 0.10072215887495249 0.018297533810660304 0.019004180919802355
2 0.6487669053301511 0.10433295324971494 0.01988862370723946 0.017863930064614217
2 0.513126491646778 0.10870391486126948 0.017501988862370723 0.01444317749904979
2 0.5417661097852029 0.1121246674268339 0.015910898965791568 0.013683010262257697
2 0.5544948289578361 0.11497529456480425 0.01909307875894988 0.014823261117445839
2 0.5692124105011933 0.11535537818320031 0.018297533810660304 0.014063093880653743
2 0.5831344470962609 0.11877613074876472 0.01909307875894988 0.015583428354237932
2 0.5970564836913286 0.12124667426833903 0.021479713603818614 0.018244013683010263
2 0.6097852028639618 0.12162675788673508 0.018297533810660304 0.01596351197263398
2 0.624502784407319 0.12124667426833903 0.012728719172633254 0.011402508551881414
2 0.6364359586316627 0.1265678449258837 0.022275258552108195 0.020524515393386546
2 0.6535401750198886 0.1337894336754086 0.015115354017501989 0.017483846446218167
2 0.6690533015115354 0.10471303686811098 0.030230708035003977 0.02774610414291144
2 0.5449482895783612 0.1564044089699734 0.035003977724741446 0.008741923223109084
2 0.5286396181384249 0.1668567084758647 0.0294351630867144 0.007601672367920942
2 0.5556881463802705 0.5153933865450399 0.024661893396976928 0.009122006841505131
2 0.29276054097056486 0.613645001900418 0.017501988862370723 0.006461421512732801
2 0.5600636435958631 0.1830102622576967 0.011137629276054098 0.009502090459901177
2 0.4733492442322991 0.1725579627518054 0.017501988862370723 0.01444317749904979
2 0.5 0.1628658304827062 0.01988862370723946 0.0049410870391486126
2 0.4797136038186158 0.14861269479285444 0.022275258552108195 0.0068415051311288486
2 0.5011933174224343 0.10680349676928924 0.012728719172633254 0.010642341315089319
2 0.3333333333333333 0.6220068415051311 0.011137629276054098 0.008741923223109084
2 0.3444709626093874 0.6237172177879133 0.011137629276054098 0.010642341315089319
2 0.3619729514717582 0.6267578867350817 0.014319809069212411 0.010642341315089319
2 0.4220365950676213 0.4773850247054352 0.02784407319013524 0.007601672367920942
2 0.5648369132856006 0.5068415051311288 0.020684168655529037 0.00798175598631699
2 0.5871121718377088 0.49638920562523753 0.022275258552108195 0.0068415051311288486
2 0.9705648369132857 0.2780311668567085 0.020684168655529037 0.006461421512732801
2 0.9208432776451869 0.022234891676168756 0.024661893396976928 0.006461421512732801
2 0.8941925218774861 0.05606233371341695 0.031821797931583136 0.010262257696693273
2 0.7951471758154336 0.2103762827822121 0.023070803500397773 0.009502090459901177
2 0.7808273667462211 0.22633979475484606 0.023070803500397773 0.00798175598631699
2 0.771678599840891 0.24287343215507412 0.022275258552108195 0.0068415051311288486
2 0.7657120127287191 0.2588369441277081 0.024661893396976928 0.008361839604713038
2 0.1766109785202864 0.3046370201444318 0.00954653937947494 0.011022424933485367
2 0.19331742243436753 0.30672748004561 0.015910898965791568 0.005321170657544659
2 0.18933969769291964 0.3110984416571646 0.014319809069212411 0.004180919802356519
2 0.5342084327764519 0.28924363359939187 0.015115354017501989 0.012922843025465602
2 0.3619729514717582 0.3922462941847206 0.011137629276054098 0.009122006841505131
2 0.38663484486873506 0.3960471303686811 0.012728719172633254 0.008361839604713038
2 0.36913285600636436 0.4694032687191182 0.01909307875894988 0.005321170657544659
2 0.3568019093078759 0.5731660965412391 0.015115354017501989 0.009882174078297225
2 0.2947494033412888 0.5712656784492588 0.010342084327764518 0.009122006841505131
2 0.39817024661893397 0.5811478525275561 0.010342084327764518 0.009122006841505131
2 0.5644391408114559 0.540668947168377 0.01988862370723946 0.005701254275940707
2 0.5067621320604614 0.6018624097301406 0.027048528241845664 0.007221588749524895
2 0.49840891010342087 0.636450019004181 0.01988862370723946 0.006461421512732801
2 0.4896579156722355 0.6482326111744584 0.021479713603818614 0.006461421512732801
2 0.47613365155131265 0.6641961231470923 0.01988862370723946 0.00798175598631699
2 0.24463007159904535 0.6729380463702015 0.011933174224343675 0.009502090459901177
2 0.12291169451073986 0.3120486507031547 0.010342084327764518 0.009122006841505131
2 0.09148766905330151 0.3179399467882934 0.01909307875894988 0.004180919802356519
2 0.10023866348448687 0.3219308247814519 0.020684168655529037 0.003800836183960471
2 0.03540175019888624 0.24648422652983656 0.015115354017501989 0.0026605853287723297
2 0.1805887032617343 0.12010642341315089 0.020684168655529037 0.005321170657544659
2 0.6344470962609388 0.10338274420372481 0.015115354017501989 0.013683010262257697
2 0.49801113762927607 0.10015203344735842 0.015910898965791568 0.004180919802356519
2 0.5083532219570406 0.1514633219308248 0.02386634844868735 0.007221588749524895
2 0.2569610182975338 0.10224249334853668 0.011137629276054098 0.012162675788673508
2 0.24860779634049324 0.10205245153933866 0.010342084327764518 0.010262257696693273
2 0.2637231503579952 0.10376282782212087 0.010342084327764518 0.009882174078297225
2 0.09824980111376293 0.17787913340935005 0.018297533810660304 0.004561003420752566
2 0.10023866348448687 0.17388825541619157 0.022275258552108195 0.0049410870391486126
2 0.018297533810660304 0.21930824781451919 0.017501988862370723 0.004561003420752566
2 0.08552108194112967 0.2215887495248955 0.016706443914081145 0.004561003420752566
2 0.13404932378679396 0.23242113264918282 0.018297533810660304 0.0049410870391486126
2 0.12967382657120127 0.24800456100342075 0.015910898965791568 0.0034207525655644243
2 0.0552903739061257 0.2442037248194603 0.01988862370723946 0.004180919802356519
2 0.081145584725537 0.2453439756746484 0.020684168655529037 0.004180919802356519
2 0.2569610182975338 0.6736982136069936 0.011137629276054098 0.009502090459901177
2 0.28042959427207637 0.6748384644621817 0.010342084327764518 0.009502090459901177
2 0.315035799522673 0.7003040668947168 0.012728719172633254 0.011022424933485367
2 0.3615751789976134 0.9469783352337514 0.0294351630867144 0.00798175598631699
2 0.37708830548926014 0.8487267198783732 0.012728719172633254 0.010642341315089319
2 0.3922036595067621 0.8270619536297985 0.017501988862370723 0.013683010262257697
2 0.19888623707239458 0.6942227290003801 0.011137629276054098 0.010262257696693273
2 0.21201272871917262 0.6961231470923603 0.013524264120922832 0.01178259217027746
2 0.23786793953858393 0.6968833143291524 0.011137629276054098 0.007221588749524895
2 0.2315035799522673 0.7998859749144812 0.020684168655529037 0.0049410870391486126
2 0.2386634844868735 0.8472063854047891 0.02545743834526651 0.005321170657544659
2 0.1957040572792363 0.8475864690231851 0.01909307875894988 0.004561003420752566
2 0.220763723150358 0.7451539338654504 0.021479713603818614 0.004180919802356519
0 0.49562450278440734 0.04370961611554542 0.24184566428003182 0.05701254275940707