0 0.43335325762104004 0.6586797841954934 0.03586371787208607 0.018724214535068232
0 0.3771667662881052 0.6897810218978102 0.032277346084877465 0.019358933671850206
0 0.34698147041243277 0.7086639162170739 0.025702331141661684 0.014598540145985401
0 0.3272564255827854 0.718343383052999 0.030484160191273164 0.01808949539828626
0 0.3075313807531381 0.7389717549984132 0.029288702928870293 0.014915899714376388
0 0.281231320980275 0.7553157727705491 0.035265989240884636 0.016502697556331325
0 0.2597130902570233 0.7692795937797524 0.0328750747160789 0.018406854966677245
0 0.2384937238493724 0.7854649317676928 0.029886431560071727 0.0171374166931133
0 0.22056186491332935 0.7981593145033323 0.021518230723251645 0.010790225325293558
0 0.20830842797369994 0.8065693430656934 0.028093245666467422 0.015550618851158363
0 0.19276748356246265 0.8181529673119644 0.02092050209205021 0.010790225325293558
0 0.15690376569037656 0.8360837829260552 0.03765690376569038 0.018724214535068232
0 0.13956963538553496 0.8540145985401459 0.041243275552898986 0.01904157410345922
0 0.10998206814106395 0.8746429704855602 0.04064554692169755 0.021580450650587116
0 0.07979677226539152 0.8960647413519518 0.03765690376569038 0.01808949539828626
0 0.05289898386132696 0.9089178038717868 0.028093245666467422 0.014598540145985401
0 0.027794381350866707 0.927007299270073 0.029288702928870293 0.015867978419549348
0 0.4088463837417812 0.6740717232624563 0.03825463239689181 0.020311012377023166
0 0.9757919904363419 0.14185972707077119 0.01972504482964734 0.00952078705172961
0 0.9524805738194859 0.15709298635353855 0.029288702928870293 0.015233259282767376
0 0.923789599521817 0.1781973976515392 0.023311416616855946 0.011107584893684545
0 0.9028690974297668 0.19549349412884798 0.023311416616855946 0.012059663598857505
0 0.8864315600717274 0.21342430974293874 0.021518230723251645 0.009203427483338623
0 0.8783622235505081 0.23754363694065375 0.01972504482964734 0.011742304030466518
0 0.8930065750149432 0.2913360837829261 0.04184100418410042 0.020311012377023166
0 0.8834429169157203 0.30879086004443035 0.04064554692169755 0.014598540145985401
0 0.8735803945008966 0.33052999047921294 0.041243275552898986 0.016185337987940335
0 0.8236700537955768 0.36480482386543955 0.023909145248057383 0.013011742304030467
0 0.8045427375971309 0.3795620437956204 0.029886431560071727 0.015867978419549348
0 0.7698744769874477 0.39876229768327515 0.022713687985654513 0.011742304030466518
0 0.7322175732217573 0.43049825452237384 0.034668260609683206 0.01682005712472231
0 0.698744769874477 0.4465249127261187 0.03705917513448894 0.021580450650587116
0 0.6760310818888224 0.46413836877181847 0.031081888822474597 0.01682005712472231
0 0.6536162582187687 0.4788955887019994 0.024506873879258817 0.010790225325293558
0 0.6228332337118948 0.49920660107902254 0.029886431560071727 0.015867978419549348
0 0.600418410041841 0.5149158997143763 0.02092050209205021 0.010472865756902571
0 0.5899581589958159 0.5301491589971438 0.023909145248057383 0.012377023167248492
0 0.5633592349073521 0.5569660425261822 0.029288702928870293 0.013963821009203427
0 0.5484160191273162 0.572357981593145 0.035265989240884636 0.01808949539828626
0 0.5263000597728631 0.5918755950491907 0.03646144650328751 0.01904157410345922
0 0.5113568439928272 0.6067914947635671 0.038852361028093245 0.020311012377023166
0 0.4847579199043634 0.6282132656299587 0.04423191870890616 0.02126309108219613
0 0.4581589958158996 0.6431291653443352 0.03646144650328751 0.018724214535068232
2 0.7635983263598326 0.43748016502697556 0.013747758517632994 0.006664550936210727
2 0.9034668260609683 0.4078070453824183 0.012552301255230125 0.005712472231037766
2 0.9575612671846981 0.3340209457315138 0.011954572624028692 0.006664550936210727
2 0.5789001793185894 0.5331640748968581 0.01972504482964734 0.008886067914947636
2 0.595038852361028 0.6277372262773723 0.012552301255230125 0.006347191367819739
2 0.14973102211595934 0.8748016502697556 0.017334130304841603 0.007933989209774674
2 0.18469814704124327 0.8822596001269438 0.01434548714883443 0.006981910504601714
0 0.9925283921099821 0.1271025071405903 0.014943215780035863 0.014281180577594414