0 0.3273100616016427 0.9828639294197489 0.013963039014373716 0.014591109602986088
0 0.34722792607802877 0.9613165931455717 0.016016427104722793 0.01493043773328809
0 0.3589322381930185 0.9438411944350187 0.01642710472279261 0.018663047166610113
0 0.328952772073922 0.9182219205972175 0.011498973305954825 0.008822531387852052
0 0.3515400410677618 0.8970139124533424 0.011498973305954825 0.009840515778758059
0 0.3833675564681725 0.9127926705123854 0.016016427104722793 0.014251781472684086
0 0.39876796714579055 0.8948082796063793 0.009856262833675565 0.008143875127248049
0 0.4024640657084189 0.8875127248048863 0.011498973305954825 0.009161859518154056
0 0.4104722792607803 0.8766542246352222 0.013552361396303902 0.012555140821174076
0 0.3761806981519507 0.8554462164913471 0.018069815195071868 0.016287750254496098
0 0.42895277207392196 0.8535799117746862 0.00944558521560575 0.007804546996946046
0 0.43100616016427107 0.8461146929080421 0.01108829568788501 0.007125890736342043
0 0.39240246406570845 0.834407872412623 0.017659137577002052 0.012894468951476078
0 0.4086242299794661 0.8152358330505599 0.013963039014373716 0.009161859518154056
0 0.40328542094455855 0.8189684424838819 0.011498973305954825 0.009840515778758059
0 0.44188911704312117 0.83559552086868 0.010677618069815195 0.00848320325755005
0 0.4242299794661191 0.8001357312521208 0.008213552361396304 0.007465218866644045
0 0.4587268993839836 0.8121818798778419 0.011498973305954825 0.00848320325755005
0 0.43264887063655033 0.7813030200203597 0.01273100616016427 0.010519172039362062
0 0.4782340862422998 0.7870715982354938 0.01190965092402464 0.009161859518154056
0 0.4698151950718686 0.7916525279945708 0.009856262833675565 0.01017984390906006
0 0.4831622176591376 0.7716321683067526 0.016837782340862424 0.016287750254496098
0 0.4480492813141684 0.7667119104173736 0.015605749486652977 0.009840515778758059
0 0.448870636550308 0.7609433322022395 0.009856262833675565 0.007804546996946046
0 0.5004106776180698 0.7551747539871055 0.00862422997946612 0.007804546996946046
0 0.24702258726899384 0.8836104513064132 0.022587268993839837 0.015609093993892093
0 0.21006160164271048 0.8671530369867662 0.016016427104722793 0.010519172039362062
0 0.1759753593429158 0.8501866304716661 0.01273100616016427 0.009161859518154056
0 0.21724845995893224 0.7534781133355956 0.011498973305954825 0.009840515778758059
0 0.29548254620123204 0.7923311842551748 0.017659137577002052 0.012894468951476078
0 0.259958932238193 0.7763827621309807 0.010677618069815195 0.008822531387852052
0 0.20616016427104722 0.7458432304038005 0.015605749486652977 0.012894468951476078
0 0.1406570841889117 0.83050559891415 0.01190965092402464 0.00848320325755005
0 0.18008213552361396 0.7321004411265694 0.020944558521560575 0.015948422124194096
0 0.14640657084188913 0.7114014251781473 0.025872689938398356 0.02002035968781812
0 0.11786447638603696 0.6957923311842552 0.02299794661190965 0.017984390906006106
0 0.3624229979466119 0.33966745843230406 0.1917864476386037 0.09840515778758059
0 0.11416837782340862 0.5386834068544283 0.026283367556468172 0.018663047166610113
0 0.0648870636550308 0.5827960637936885 0.02217659137577002 0.018663047166610113
0 0.03572895277207392 0.6104513064133017 0.03942505133470226 0.03596878181201221
0 0.030800821355236138 0.6947743467933492 0.045174537987679675 0.02816423481506617
0 0.05975359342915811 0.7860536138445877 0.00862422997946612 0.009161859518154056
0 0.08829568788501027 0.8013233797081778 0.014784394250513347 0.012555140821174076
0 0.10924024640657085 0.8137088564642009 0.02546201232032854 0.019002375296912115
0 0.5143737166324436 0.7304038004750594 0.0078028747433264885 0.007125890736342043
0 0.5061601642710473 0.6864608076009501 0.01108829568788501 0.009501187648456057
0 0.5121149897330596 0.6827281981676281 0.012320328542094456 0.008143875127248049
0 0.8349075975359342 0.25941635561588056 0.011498973305954825 0.00848320325755005
0 0.7293634496919917 0.3939599592806244 0.010677618069815195 0.008822531387852052
0 0.7657084188911705 0.40685442823210044 0.00944558521560575 0.007465218866644045
0 0.7478439425051334 0.3797081778079403 0.013963039014373716 0.01017984390906006
0 0.7833675564681725 0.3831014591109603 0.013552361396303902 0.01017984390906006
0 0.7728952772073922 0.337801153715643 0.011498973305954825 0.009161859518154056
0 0.811088295687885 0.3474720054292501 0.011498973305954825 0.008822531387852052
0 0.8258726899383984 0.33016627078384797 0.011498973305954825 0.009501187648456057
0 0.7885010266940452 0.3165931455717679 0.012320328542094456 0.01017984390906006
0 0.8043121149897331 0.2980997624703088 0.016837782340862424 0.011876484560570071
0 0.8404517453798768 0.31048523922633187 0.01026694045174538 0.008143875127248049
0 0.8193018480492813 0.2807940278249067 0.015605749486652977 0.011876484560570071
0 0.846611909650924 0.24567356633864948 0.01108829568788501 0.008822531387852052
0 0.7135523613963038 0.4149983033593485 0.01026694045174538 0.008822531387852052
0 0.8880903490759754 0.2548354258568035 0.01026694045174538 0.007465218866644045
0 0.8650924024640657 0.22073294876145233 0.01026694045174538 0.00848320325755005
0 0.9055441478439425 0.23413640990838142 0.010677618069815195 0.008143875127248049
0 0.875564681724846 0.2042755344418052 0.010677618069815195 0.009501187648456057
0 0.917864476386037 0.21241940956905328 0.01642710472279261 0.01153715643026807
0 0.8887063655030801 0.1839158466236851 0.014784394250513347 0.010858500169664066
0 0.9375770020533881 0.19121140142517815 0.013141683778234086 0.010519172039362062
0 0.9032854209445585 0.16457414319647098 0.016016427104722793 0.012215812690872073
0 0.9478439425051335 0.17678995588734306 0.015605749486652977 0.01153715643026807
0 0.9679671457905544 0.15592127587376994 0.01642710472279261 0.011876484560570071
0 0.9147843942505134 0.1499830335934849 0.015195071868583163 0.01153715643026807
0 0.7507186858316222 0.42229385816084153 0.009856262833675565 0.00848320325755005
0 0.7386036960985626 0.43942992874109266 0.016016427104722793 0.01493043773328809
0 0.5435318275154004 0.6985069562266711 0.013552361396303902 0.011876484560570071
0 0.609034907597536 0.5505598914149983 0.010677618069815195 0.00848320325755005
0 0.5268993839835729 0.6652527994570749 0.02053388090349076 0.0166270783847981
0 0.5609856262833676 0.671021377672209 0.014784394250513347 0.011197828299966068
0 0.5390143737166324 0.6428571428571429 0.015195071868583163 0.011876484560570071
0 0.5765913757700205 0.6532066508313539 0.012320328542094456 0.010858500169664066
0 0.5519507186858317 0.6275873769935527 0.010677618069815195 0.009161859518154056
0 0.5665297741273101 0.6077366813708857 0.013552361396303902 0.012894468951476078
0 0.5887063655030801 0.6343739395995928 0.015195071868583163 0.011876484560570071
0 0.5850102669404518 0.5868680013573125 0.014373716632443531 0.011197828299966068
0 0.6176591375770021 0.6009501187648456 0.009856262833675565 0.007465218866644045
0 0.5975359342915811 0.5666779776043434 0.011498973305954825 0.008143875127248049
0 0.6301848049281314 0.5756701730573465 0.018480492813141684 0.014591109602986088
0 0.6149897330595483 0.5442823210044113 0.01190965092402464 0.008822531387852052
0 0.7232032854209446 0.45809297590770276 0.01724845995893224 0.014251781472684086
0 0.6476386036960986 0.5553104852392263 0.011498973305954825 0.009840515778758059
0 0.6238193018480492 0.5310485239226331 0.010677618069815195 0.009501187648456057
0 0.6638603696098563 0.5364777740074652 0.01108829568788501 0.009501187648456057
0 0.6722792607802874 0.5234136409908381 0.01971252566735113 0.018663047166610113
0 0.6381930184804928 0.512215812690872 0.010677618069815195 0.009161859518154056
0 0.6887063655030801 0.5050899219545301 0.01642710472279261 0.015948422124194096
0 0.6572895277207392 0.48998982015609094 0.017659137577002052 0.014251781472684086
0 0.6669404517453799 0.47488971835765187 0.010677618069815195 0.009161859518154056
0 0.6724845995893224 0.4686121479470648 0.01026694045174538 0.008143875127248049
0 0.7051334702258727 0.4825246012894469 0.009034907597535934 0.008143875127248049
0 0.6825462012320328 0.4545300305395317 0.011498973305954825 0.009161859518154056
2 0.4620123203285421 0.9563963352561927 0.013963039014373716 0.009161859518154056
2 0.2383983572895277 0.7438072616219885 0.0078028747433264885 0.005429250084832033
2 0.20985626283367556 0.7373600271462504 0.005749486652977412 0.0067865626060400405
2 0.13059548254620124 0.674414658975229 0.008213552361396304 0.00508992195453003
2 0.012114989733059548 0.6474380726162199 0.006981519507186858 0.0067865626060400405
0 0.3932238193018481 0.08941296233457753 0.07926078028747434 0.03495079742110621