0 0.06929347826086957 0.9359731270358306 0.007608695652173913 0.007939739413680782
2 0.12160326086956522 0.8731677524429967 0.006793478260869565 0.014657980456026058
2 0.8949048913043478 0.029621335504885993 0.012092391304347826 0.018933224755700327
2 0.07119565217391305 0.9506311074918566 0.007065217391304348 0.014861563517915309
2 0.03226902173913043 0.5656555374592834 0.007744565217391305 0.019747557003257327
2 0.09334239130434782 0.5375610749185668 0.004076086956521739 0.0034609120521172636
2 0.05332880434782609 0.6432206840390879 0.008559782608695651 0.02015472312703583
2 0.07642663043478261 0.7320846905537459 0.007744565217391305 0.019543973941368076
2 0.06521739130434782 0.6950325732899023 0.007608695652173913 0.01506514657980456
2 0.034850543478260866 0.8137214983713354 0.010190217391304348 0.019136807817589578
2 0.06861413043478261 0.9320032573289903 0.010869565217391304 0.012214983713355049
2 0.06908967391304348 0.9405537459283387 0.009918478260869565 0.010993485342019544
2 0.07533967391304348 0.9376017915309446 0.006114130434782609 0.012825732899022802
2 0.14266304347826086 0.930985342019544 0.005706521739130435 0.01017915309446254
2 0.15013586956521738 0.9647801302931596 0.003260869565217391 0.008143322475570033
2 0.09177989130434783 0.7870521172638436 0.006385869565217392 0.016286644951140065
2 0.14741847826086957 0.9570439739413681 0.006521739130434782 0.012214983713355049
2 0.8651494565217391 0.07196661237785017 0.01046195652173913 0.015675895765472313
2 0.8672554347826087 0.06117671009771987 0.00842391304347826 0.012825732899022802
2 0.8697010869565217 0.05537459283387622 0.007336956521739131 0.010993485342019544
2 0.8761548913043479 0.05130293159609121 0.010733695652173914 0.018322475570032574
2 0.8834239130434782 0.052219055374592836 0.006793478260869565 0.012011400651465798
2 0.891983695652174 0.037866449511400654 0.010597826086956521 0.01710097719869707
2 0.9036684782608696 0.03236970684039088 0.006521739130434782 0.013436482084690555
2 0.01813858695652174 0.5028501628664495 0.008016304347826088 0.018729641693811076
2 0.8050271739130435 0.9303745928338762 0.007065217391304348 0.021986970684039087
2 0.09313858695652173 0.8914902280130294 0.013179347826086957 0.029723127035830618
2 0.9039402173913044 0.011706026058631922 0.011956521739130435 0.02056188925081433
