2 0.14208782104391052 0.9785486079415792 0.019055509527754765 0.005476951163852123
0 0.7290803645401823 0.7296896394340484 0.07953603976801989 0.021223185759926974
0 0.8301574150787076 0.6628251939753537 0.06628003314001657 0.015289821999087174
0 0.8496271748135874 0.6476494751255135 0.06379453189726594 0.012323140118667275
0 0.8666114333057167 0.6281378366042902 0.048053024026512015 0.008443633044272023
0 0.8550124275062138 0.6068005476951164 0.033140016570008285 0.02601551802829758
0 0.8906379453189727 0.5860337745321771 0.07290803645401822 0.009584664536741214
0 0.9125932062966031 0.5379963486992241 0.050538525269262634 0.007987220447284345
0 0.9125932062966031 0.5162026471930625 0.050538525269262634 0.006846188954815153
0 0.924192212096106 0.5018256503879507 0.045567522783761395 0.00867183934276586
0 0.9357912178956089 0.4875627567320858 0.06379453189726594 0.005705157462345961
0 0.932062966031483 0.4705613874942948 0.056338028169014086 0.00867183934276586
0 0.9328914664457332 0.45276129621177547 0.048053024026512015 0.010041077133728891
0 0.9469759734879868 0.42081241442263806 0.06793703396851698 0.006389776357827476
0 0.93993371996686 0.39639434048379735 0.07042253521126761 0.008215426745778184
0 0.9304059652029826 0.3735737106344135 0.07456503728251865 0.011866727521679598
0 0.927920463960232 0.35132359653126427 0.0695940347970174 0.007074395253308992
0 0.908036454018227 0.3189183021451392 0.06793703396851698 0.015289821999087174
0 0.8802816901408451 0.2968963943404838 0.07705053852526926 0.009128251939753538
0 0.8301574150787076 0.2672295755362848 0.09113504556752279 0.014148790506617983
0 0.8019884009942005 0.2481743496120493 0.07953603976801989 0.013464171611136467
0 0.7850041425020713 0.23117298037425832 0.0936205468102734 0.02190780465540849
0 0.7435791217895609 0.21485623003194887 0.08036454018227009 0.01757188498402556
0 0.7104391052195526 0.19351894112277498 0.09859154929577464 0.025559105431309903
0 0.672328086164043 0.1727521679598357 0.08533554266777134 0.019625741670470105
0 0.5604805302402651 0.13589685075308078 0.1052195526097763 0.028069374714742128
0 0.5323115161557581 0.11478776814240073 0.08699254349627175 0.015061615700593337
0 0.4784589892294946 0.08249657690552259 0.07207953603976802 0.01437699680511182
0 0.3997514498757249 0.05556823368324966 0.06379453189726594 0.015289821999087174
0 0.7514498757249378 0.7011638521223186 0.04473902236951118 0.019853947968963944
0 0.6615575807787903 0.7608397991784573 0.07207953603976802 0.01460520310360566
2 0.7659486329743165 0.9511638521223186 0.01739850869925435 0.005476951163852123
0 0.5882352941176471 0.8070515746234596 0.09444904722452362 0.02350524874486536
2 0.4109362054681027 0.8774532177088088 0.021541010770505385 0.00867183934276586
2 0.519884009942005 0.8274760383386581 0.012427506213753107 0.006389776357827476
2 0.8144159072079536 0.6597444089456869 0.018227009113504555 0.006846188954815153
2 0.8322286661143331 0.648334094020995 0.010770505385252692 0.005476951163852123
2 0.8587406793703397 0.6136467366499315 0.010770505385252692 0.005933363760839799
2 0.8670256835128417 0.6088544043815609 0.014084507042253521 0.005476951163852123
2 0.8699254349627175 0.5803286170698311 0.01988400994200497 0.003194888178913738
2 0.8989229494614748 0.48676403468735735 0.0231980115990058 0.011866727521679598
2 0.9072079536039768 0.4202418986764035 0.014913007456503728 0.007987220447284345
2 0.8931234465617233 0.37505705157462343 0.009942004971002486 0.005248744865358284
2 0.9258492129246064 0.41773162939297126 0.010770505385252692 0.006617982656321315
2 0.9121789560894781 0.3758557736193519 0.013256006628003313 0.006846188954815153
2 0.5459817729908865 0.14707895937927887 0.014913007456503728 0.006161570059333638
2 0.5227837613918807 0.12973528069374715 0.014913007456503728 0.005705157462345961
2 0.4975144987572494 0.11296211775445002 0.024026512013256007 0.005020538566864446
2 0.251864125932063 0.017800091282519397 0.021541010770505385 0.005476951163852123
2 0.3748964374482187 0.0611592879963487 0.02236951118475559 0.00867183934276586
2 0.31648715824357915 0.028868096759470562 0.021541010770505385 0.006617982656321315
2 0.30820215410107704 0.030009128251939753 0.024855012427506214 0.007530807850296669
2 0.3007456503728252 0.03137836604290278 0.024855012427506214 0.007530807850296669
2 0.2862468931234466 0.03548607941579188 0.03396851698425849 0.010269283432222729
0 0.16859983429991715 0.9806024646280237 0.08699254349627175 0.02464628023733455
0 0.2883181441590721 0.9470561387494295 0.04971002485501243 0.012323140118667275
0 0.3827671913835957 0.9127110908261068 0.08450704225352113 0.023961661341853034
0 0.4540182270091135 0.8846417161113647 0.08782104391052195 0.018484710178000914
0 0.5497100248550124 0.8348927430397078 0.07870753935376967 0.023048836147877682
0 0.29618889809444904 0.01894112277498859 0.16652858326429162 0.037425832952989506