0 0.9901494565217391 0.44452361563517917 0.01345108695652174 0.009568403908794789
0 0.8753396739130435 0.7038884364820847 0.024320652173913042 0.013640065146579805
0 0.970108695652174 0.4867671009771987 0.014130434782608696 0.011400651465798045
0 0.8541440217391304 0.7468444625407166 0.023505434782608695 0.011604234527687296
0 0.9494565217391304 0.5299267100977199 0.013315217391304347 0.008550488599348535
0 0.9290081521739131 0.5732899022801303 0.012635869565217391 0.007328990228013029
0 0.9092391304347827 0.6159405537459284 0.0125 0.007939739413680782
0 0.8891983695652174 0.6591001628664495 0.011820652173913043 0.00753257328990228
2 0.981929347826087 0.5012214983713354 0.036141304347826086 0.024022801302931596
2 0.8746603260869565 0.7466408794788274 0.05339673913043478 0.03888436482084691
2 0.8949728260869565 0.7031758957654723 0.057065217391304345 0.03623778501628665
2 0.9188179347826086 0.6638843648208469 0.06019021739130435 0.039902280130293157
2 0.8877038043478261 0.692385993485342 0.007201086956521739 0.006514657980456026
2 0.9063858695652174 0.6999185667752443 0.007336956521739131 0.005293159609120521
2 0.9135869565217392 0.7022597719869706 0.00625 0.005903908794788274
2 0.8940217391304348 0.744299674267101 0.014945652173913044 0.012214983713355049
2 0.925 0.7190553745928339 0.007336956521739131 0.02728013029315961
2 0.8293478260869566 0.7849144951140065 0.030434782608695653 0.056799674267100975
2 0.9658967391304348 0.5463151465798045 0.051086956521739134 0.03236970684039088
2 0.9536684782608695 0.5750203583061889 0.05407608695652174 0.036034201954397396
2 0.936141304347826 0.6353827361563518 0.057880434782608695 0.03705211726384365
2 0.9527853260869565 0.5923249185667753 0.04660326086956522 0.028705211726384364
2 0.9045516304347826 0.6733509771986971 0.034103260869565215 0.021783387622149836
