0 0.2626502655856863 0.8114227779655289 0.08023483365949119 0.03717472118959108
2 0.012859938495946324 0.4384927340317675 0.008946044171093095 0.00777289624873268
2 0.11490075482247694 0.22625887124028388 0.00726866088901314 0.006421088205474822
2 0.22546826949958065 0.1970260223048327 0.00698909700866648 0.012842176410949644
2 0.21889851831143417 0.1796214937478878 0.01062342745317305 0.009124704291990537
0 0.27732736930388596 0.7786414329165259 0.01453732177802628 0.012842176410949644
0 0.2927033827229522 0.7500844880027037 0.011741682974559686 0.01858736059479554
0 0.2805423539278725 0.7593781683001014 0.015935141179759575 0.017573504562352148
0 0.4131954151523623 0.40892193308550184 0.01397819401733296 0.018249408583981074
0 0.638663684651943 0.5062521122000676 0.0136986301369863 0.024332544778641434
0 0.6176963936259435 0.4989861439675566 0.015935141179759575 0.027374112875971614
0 0.589879787531451 0.49070631970260226 0.010064299692479732 0.018925312605610003
0 0.5622029633771317 0.46350118283203784 0.0212468549063461 0.04562352145995269
0 0.540257198769919 0.4501520784048665 0.021526418786692758 0.03582291314633322
0 0.5092256080514398 0.4368029739776952 0.013139502376292984 0.021966880702940183
0 0.4878389712049203 0.42919905373436973 0.016773832820799552 0.02973977695167286
0 0.46966731898238745 0.4259885096316323 0.010064299692479732 0.021290976681311254
0 0.44227005870841485 0.42193308550185876 0.016773832820799552 0.024670496789455897
0 0.3983785294939894 0.39557282865833054 0.012859938495946324 0.02331868874619804
0 0.3022085546547386 0.742311591753971 0.018451216102879506 0.020615072659682324
0 0.38034665921162986 0.3854342683338966 0.019289907743919487 0.022642784724569112
0 0.35490634610008387 0.37005745184183847 0.016494268940452892 0.026360256843528218
0 0.3347777467151244 0.36059479553903345 0.011462119094213028 0.02027712064886786
0 0.31464914733016497 0.307874281851977 0.011462119094213028 0.018249408583981074
0 0.29927313391109867 0.2977357215275431 0.009784735812133072 0.013518080432578574
0 0.27746715124405924 0.3066914498141264 0.019289907743919487 0.03278134504900304
0 0.2720156555772994 0.28641432916525855 0.024042493709812693 0.030753632984116257
0 0.24615599664523344 0.26225076039202433 0.03550461280402572 0.03041568097330179
0 0.2307799832261672 0.22811760729976344 0.0349454850433324 0.027712064886786077
0 0.22043611965334078 0.2053058465697871 0.0287950796757059 0.021290976681311254
0 0.20841487279843443 0.17624197363974314 0.029354207436399216 0.025346400811084826
0 0.19625384400335477 0.15140250084488002 0.023483365949119372 0.023656640757012504
0 0.17444786133631535 0.10544102737411287 0.018451216102879506 0.01622169651909429
0 0.6603298853788091 0.5135180804325786 0.012859938495946324 0.01858736059479554
0 0.6794800111825552 0.5202771206488679 0.015376013419066257 0.01858736059479554
0 0.7045009784735812 0.530584656978709 0.015655577299412915 0.019601216627238932
0 0.7528655297735533 0.5370057451841839 0.012300810735253005 0.02095302467049679
0 0.3166060944925916 0.7010814464346062 0.01761252446183953 0.022642784724569112
0 0.37922840369024324 0.7225413991213248 0.0136986301369863 0.012842176410949644
0 0.40089460441710933 0.7323420074349443 0.016214705060106235 0.01622169651909429
0 0.4197651663405088 0.7358905035484962 0.012021246854906346 0.020615072659682324
0 0.4405926754263349 0.7453531598513011 0.008386916410399776 0.00777289624873268
0 0.44967850153760136 0.7526191280838122 0.01090299133351971 0.012166272389320717
0 0.46631255241822755 0.7568435282189929 0.01397819401733296 0.01723555255153768
0 0.5222253284875594 0.7737411287597161 0.006709533128319821 0.009800608313619466
0 0.5338272295219457 0.786752281176073 0.02096729102599944 0.019601216627238932
0 0.5557729941291585 0.79182156133829 0.00726866088901314 0.009462656302805001
0 0.5774391948560246 0.8068604258195337 0.0136986301369863 0.015207840486650895
0 0.5963097567794241 0.8276444744846232 0.018451216102879506 0.022304832713754646
0 0.6218898518311434 0.8394727948631294 0.014816885658372938 0.012166272389320717
0 0.6432764886776628 0.8398107468739439 0.017332960581492873 0.021628928692125717
0 0.6571149007548225 0.8447110510307536 0.008107352530053118 0.011828320378506252
0 0.6826949958065418 0.862453531598513 0.020128599384959464 0.023656640757012504
0 0.7000279563880346 0.8756336600202771 0.01453732177802628 0.012842176410949644
0 0.7257478333799273 0.8876309564041907 0.01453732177802628 0.01791145657316661
0 0.7475538160469667 0.8977695167286245 0.01453732177802628 0.021966880702940183
0 0.7794240984064859 0.9057113889827645 0.02180598266703942 0.03379520108144644
0 0.8674867207156836 0.9087529570800946 0.03242941012021247 0.04460966542750929
0 0.9027117696393626 0.8296721865495099 0.02180598266703942 0.022980736735383575
0 0.8793681856304165 0.6372085163906726 0.03718199608610567 0.027374112875971614
0 0.8511322337154039 0.6007096992227103 0.027117696393625945 0.030753632984116257
0 0.7946603298853788 0.5708009462656303 0.014816885658372938 0.01486988847583643
0 0.773972602739726 0.5483271375464684 0.015376013419066257 0.02805001689760054
2 0.5510204081632653 0.6944913822237242 0.005591277606933185 0.009462656302805001
2 0.5083869164103998 0.6737073335586347 0.005870841487279843 0.009800608313619466
2 0.5512999720436119 0.6706657654613045 0.005032149846239866 0.011828320378506252
2 0.5461280402571987 0.4422102061507266 0.006429969247973162 0.009800608313619466
2 0.5406765445904389 0.4398445420750253 0.005032149846239866 0.010476512335248395
2 0.5139781940173329 0.426495437647854 0.008107352530053118 0.008110848259547145
2 0.30332681017612523 0.2960459614734708 0.005591277606933185 0.006759040216289287
2 0.7675426334917529 0.5474822575194322 0.008107352530053118 0.01486988847583643
2 0.9152921442549623 0.8278134504900304 0.008386916410399776 0.01926326461642447
2 0.723930668157674 0.8999662047989185 0.009225608051439753 0.006759040216289287
2 0.62175006989097 0.8425143629604596 0.008946044171093095 0.006759040216289287
2 0.6028795079675706 0.8367691787766137 0.005870841487279843 0.008786752281176074
2 0.5296337713167458 0.7892869212571815 0.01090299133351971 0.009124704291990537
2 0.5419345820519988 0.7340317674890166 0.007548224769359799 0.01486988847583643
2 0.49133351970925354 0.6350118283203785 0.005311713726586525 0.009462656302805001
2 0.5155157953592396 0.5689422102061508 0.004473022085546547 0.009124704291990537
2 0.3946044171093095 0.5315985130111525 0.005870841487279843 0.010814464346062858
2 0.3705619233994968 0.5277120648867861 0.00363433044450657 0.0070969922271037515
0 0.16689963656695556 0.08651571476850287 0.017332960581492873 0.01689760054072322