1 0.7998366013071896 0.6105042016806723 0.05718954248366013 0.04285714285714286
1 0.8886165577342048 0.6609243697478991 0.056100217864923745 0.037815126050420166
1 0.5808823529411765 0.24411764705882352 0.04302832244008715 0.029411764705882353
1 0.2968409586056645 0.13298319327731092 0.042483660130718956 0.03823529411764706
1 0.3159041394335512 0.17058823529411765 0.04793028322440087 0.041176470588235294
1 0.3415032679738562 0.20714285714285716 0.05337690631808279 0.0453781512605042
1 0.14079520697167755 0.1457983193277311 0.04302832244008715 0.03949579831932773
1 0.20969498910675383 0.2571428571428571 0.05337690631808279 0.043697478991596636
1 0.2502723311546841 0.3338235294117647 0.04847494553376906 0.03991596638655462
1 0.36437908496732024 0.5180672268907563 0.04357298474945534 0.037815126050420166
1 0.38534858387799564 0.5550420168067227 0.04738562091503268 0.04201680672268908
1 0.49945533769063183 0.7413865546218488 0.0392156862745098 0.03235294117647059
1 0.5187908496732027 0.7783613445378151 0.04084967320261438 0.03571428571428571
1 0.5424836601307189 0.8149159663865546 0.03376906318082789 0.02815126050420168
1 0.5634531590413944 0.8533613445378151 0.046296296296296294 0.03949579831932773
1 0.7369281045751634 0.876890756302521 0.054466230936819175 0.04789915966386555
1 0.5814270152505446 0.6168067226890757 0.04738562091503268 0.041176470588235294
1 0.5599128540305011 0.5798319327731093 0.046840958605664486 0.040336134453781515
1 0.5149782135076253 0.5054621848739496 0.046296296296296294 0.041176470588235294
1 0.4523420479302832 0.39285714285714285 0.04084967320261438 0.03613445378151261
1 0.4278322440087146 0.3563025210084034 0.04738562091503268 0.03865546218487395
1 0.4071350762527233 0.31848739495798317 0.04302832244008715 0.03529411764705882
1 0.38507625272331153 0.2823529411764706 0.05991285403050109 0.05126050420168067
1 0.11083877995642702 0.11281512605042017 0.06699346405228758 0.05672268907563025