1 0.755913741885796 0.5906843812760698 0.07118494883925625 0.08852155105824193
1 0.1958961381890197 0.6489263092847212 0.075585873033337 0.09995365363818941
1 0.2593244581362086 0.608991194191256 0.07195511057322038 0.09732735980225553
1 0.31895698096600283 0.5736907152788506 0.0715150181538123 0.09161130851228179
1 0.3864011442402905 0.5196972037695041 0.015843327098690727 0.02780781708635872
1 0.36016063373308393 0.5369226015757763 0.027835845527560788 0.039703383284412176
1 0.4087908460776763 0.8294453885369999 0.04808009682033227 0.0695195427158968
1 0.7865001650346573 0.3100571605128997 0.05534162174056552 0.07322725166074463
1 0.8525140279458686 0.6123126834543489 0.028936076576080976 0.038158504557392246
1 0.8149411376389042 0.5373860651938823 0.052811090328969086 0.07152788506102271
1 0.6999669930685444 0.629074617642515 0.07085487952470018 0.09207477213038777
1 0.6506766420948399 0.6589680210103507 0.052811090328969086 0.06133168546269118
1 0.6496864341511718 0.760157577630156 0.05171085928044889 0.06998300633400278
1 0.6143140059412476 0.6904063031052062 0.04543954230388381 0.06642978526185694
1 0.5728903069644625 0.7196817549822339 0.07107492573440423 0.0891395025490499
1 0.4620970403784795 0.7684226788197126 0.07481571129937287 0.08960296616715588
1 0.5046759819562108 0.7318090529893403 0.03674771702057432 0.04109377413873011
1 0.4639674331609638 0.2716669241464545 0.026405545164484543 0.0282712807044647
1 0.3180217845747607 0.368530820330604 0.02343492133348003 0.02518152325042484
