1 0.09819090692692216 0.1440370003303601 0.10497500595096405 0.07433102081268583
1 0.845631992382766 0.7078790882061446 0.13020709354915497 0.09167492566897918
1 0.79469174006189 0.6408985794516022 0.14401333015948584 0.1034027089527585
1 0.714115686741252 0.5933267261314833 0.13901452035229708 0.10274198876775685
1 0.6396096167579148 0.5465807730426164 0.13806236610330874 0.1034027089527585
1 0.5635562961199715 0.49859596960687147 0.14210902166150916 0.10059464816650149
1 0.8251606760295168 0.43343244136108355 0.06498452749345394 0.04360753221010902
1 0.7616043799095453 0.18987446316484968 0.08212330397524399 0.05764783614139412
1 0.24256129492977863 0.06838453914767097 0.10806950726017615 0.07697390155269243
1 0.22411330635562962 0.2193591014205484 0.10497500595096405 0.07631318136769079
1 0.2895739109735777 0.2606541129831516 0.10402285170197571 0.07697390155269243
1 0.3517019757200667 0.2984803435744962 0.10402285170197571 0.07499174099768748
1 0.41609140680790285 0.33663693425834157 0.10902166150916448 0.07499174099768748
1 0.7886217567245893 0.8712421539478031 0.17186384194239468 0.12702345556656755