1 0.1999706572769953 0.5460260972716489 0.03667840375586855 0.027758007117437724
1 0.17121478873239437 0.5507710557532621 0.04606807511737089 0.03392645314353499
1 0.18603286384976525 0.5695136417556347 0.04342723004694836 0.03155397390272835
1 0.17033450704225353 0.5792408066429419 0.037852112676056336 0.027283511269276393
1 0.22799295774647887 0.9258600237247924 0.03990610328638498 0.03772241992882562
1 0.1709213615023474 0.9686832740213523 0.061326291079812204 0.05172004744958482
1 0.14891431924882628 0.9744958481613286 0.03433098591549296 0.029181494661921707
1 0.12089201877934272 0.9622775800711744 0.03345070422535211 0.028944246737841045
1 0.19615610328638497 0.929300118623962 0.05017605633802817 0.04175563463819692
1 0.11018192488262911 0.9487544483985765 0.04958920187793427 0.0431791221826809
1 0.07995892018779342 0.9474495848161328 0.05076291079812206 0.04246737841043891
1 0.05868544600938967 0.9287069988137604 0.051056338028169015 0.04151838671411625
1 0.477112676056338 0.16844602609727166 0.0715962441314554 0.0631079478054567
1 0.4778462441314554 0.13712930011862395 0.06778169014084508 0.06073546856465006
1 0.4358861502347418 0.17093712930011862 0.06719483568075117 0.060498220640569395
1 0.7316607981220657 0.3144721233689205 0.07188967136150234 0.05432977461447212
1 0.6998239436619719 0.5137603795966785 0.04988262910798122 0.04199288256227758
1 0.6428990610328639 0.5013048635824436 0.04988262910798122 0.042704626334519574
1 0.16842723004694835 0.530011862396204 0.04284037558685446 0.03701067615658363
1 0.20598591549295775 0.500711743772242 0.051056338028169015 0.04009489916963226
1 0.20657276995305165 0.5209964412811388 0.04401408450704225 0.032740213523131674
1 0.190287558685446 0.15705812574139977 0.033157276995305164 0.03226571767497034
1 0.21244131455399062 0.15041518386714117 0.0357981220657277 0.033214709371293
1 0.21053403755868544 0.13036773428232504 0.03491784037558685 0.032977461447212336
1 0.18911384976525822 0.13297746144721234 0.03667840375586855 0.03440094899169632
1 0.2254988262910798 0.10201660735468565 0.05252347417840376 0.042704626334519574
1 0.10093896713615023 0.33890865954922894 0.024061032863849766 0.017319098457888493
1 0.0755575117370892 0.3385527876631079 0.05721830985915493 0.04365361803084223
1 0.05604460093896713 0.3800711743772242 0.05868544600938967 0.044602609727164885
1 0.2878521126760563 0.34199288256227756 0.07453051643192488 0.058600237247924084
1 0.2681924882629108 0.3812574139976275 0.04753521126760563 0.03368920521945433
1 0.26833920187793425 0.39762752075919333 0.03902582159624413 0.03036773428232503
1 0.25029342723004694 0.430723606168446 0.062206572769953054 0.04578884934756821
1 0.22300469483568075 0.45705812574139976 0.03697183098591549 0.02823250296559905
1 0.20950704225352113 0.4805456702253855 0.035211267605633804 0.02823250296559905
1 0.2272593896713615 0.4731909845788849 0.0636737089201878 0.04578884934756821
1 0.1864730046948357 0.48279952550415184 0.03667840375586855 0.028469750889679714
1 0.18970070422535212 0.5092526690391459 0.03609154929577465 0.029181494661921707
1 0.5931631455399061 0.4744958481613286 0.07423708920187794 0.06595492289442467
1 0.4109448356807512 0.5516014234875445 0.03609154929577465 0.035112692763938316
1 0.44278169014084506 0.5474495848161328 0.03990610328638498 0.036298932384341634
1 0.8177816901408451 0.4896797153024911 0.041666666666666664 0.03226571767497034
1 0.6232394366197183 0.9238434163701068 0.07042253521126761 0.058837485172004746
1 0.4831279342723005 0.5519572953736654 0.05604460093896713 0.04816132858837485
1 0.6241197183098591 0.6 0.0721830985915493 0.0631079478054567
1 0.6647593896713615 0.6080664294187426 0.05017605633802817 0.04033214709371293
1 0.7053990610328639 0.6195729537366548 0.05046948356807512 0.041043890865954925
1 0.6873532863849765 0.8103202846975089 0.07893192488262911 0.060498220640569395
1 0.7219776995305164 0.898932384341637 0.08538732394366197 0.06785290628706998
1 0.7571889671361502 0.8400948991696323 0.11120892018779342 0.08683274021352314
1 0.47681924882629106 0.8807829181494662 0.051643192488262914 0.04389086595492289
1 0.41329225352112675 0.8595492289442468 0.05193661971830986 0.0465005931198102
1 0.8723591549295775 0.7160142348754448 0.0710093896713615 0.06263345195729537
1 0.03609154929577465 0.9371293001186239 0.03403755868544601 0.028469750889679714