1 0.5102025042510434 0.5640007745933385 0.031071262946359562 0.04318357862122386
1 0.4989179162157984 0.30538342370255617 0.016540423558509817 0.020526723470178157
1 0.5303756376565157 0.31438807126258717 0.0219508424795177 0.031564678543764525
1 0.5218735507806461 0.29570100697134005 0.02318750966146236 0.03369481022463207
1 0.589117328798887 0.34595274980635166 0.02906167877569949 0.03892331525948877
1 0.6109135878806616 0.34575910147172734 0.020405008502086874 0.027304415182029435
1 0.6299273458030608 0.3528272656855151 0.019786674911114546 0.025948876839659178
1 0.6168650486937702 0.3625096824167312 0.022414592672746946 0.030983733539891558
1 0.6434533931055805 0.365995352439969 0.019322924717885298 0.024786986831913247
1 0.6536558973566239 0.3792602633617351 0.022414592672746946 0.03272656855151046
1 0.6731334054722523 0.37587141750580944 0.020250425104343793 0.027110766847405113
1 0.6968619570258154 0.3904918667699458 0.019477508115628383 0.02498063516653757
1 0.6828721595300665 0.39572037180480246 0.022414592672746946 0.030790085205267236
1 0.685809244087185 0.39155693261037955 0.03261709692379038 0.04298993028659954
1 0.7098469624362344 0.40056158017041055 0.016695006956252898 0.02072037180480248
1 0.7202040500850209 0.4146010844306739 0.02968001236667182 0.03756777691711851
1 0.6136187973411655 0.6988768396591789 0.04096460040191684 0.048024786986831915
1 0.7171896738290308 0.819713400464756 0.02767042819601175 0.032532920216886134
1 0.4103416293090122 0.7381874515879163 0.021487092286288454 0.026336173508907823
1 0.3927191219663008 0.7256003098373354 0.022105425877260783 0.027498063516653758
1 0.47271603029834597 0.6336173508907823 0.024115010047920854 0.033307513555383424
1 0.517004173751739 0.21291634391944228 0.01746792394496831 0.022269558481797055
1 0.6002473334363889 0.22802091402013944 0.02968001236667182 0.03892331525948877
1 0.485855619106508 0.2979279628195198 0.01298500541041892 0.013749031758326879
1 0.4766579069407946 0.542699457784663 0.028907095377956406 0.03427575522850503
1 0.45563456484773535 0.5315646785437645 0.021487092286288454 0.02943454686289698
1 0.3047611686504869 0.6692486444616577 0.021487092286288454 0.027110766847405113
1 0.31295408873087033 0.6453330751355538 0.02055959189982996 0.02536793183578621
1 0.31867367444736433 0.6236444616576298 0.020250425104343793 0.0261425251742835
1 0.3251661771525738 0.6057319907048799 0.015922089967537488 0.020139426800929512
1 0.33312722213634255 0.5835592563903951 0.015767506569794403 0.019558481797056545
1 0.33876951615396506 0.564872192099148 0.016540423558509817 0.020139426800929512
1 0.3452620188591745 0.5431835786212239 0.015303756376565157 0.020139426800929512
1 0.3628072345030144 0.6610185902401239 0.03029834595764415 0.036986831913245546
1 0.3944968310403463 0.6609217660728117 0.020405008502086874 0.027110766847405113
1 0.36984077910032465 0.6327459333849729 0.02519709383212243 0.032339271882261815
1 0.3898593291080538 0.5801704105344694 0.029989179162157983 0.0383423702556158
1 0.30012366671819446 0.5340821068938807 0.02581542742309476 0.029821843532145623
1 0.2600865667027361 0.4884779240898528 0.0298345957644149 0.03737412858249419
1 0.36991807079919614 0.4791828040278854 0.045756685731952386 0.05170410534469404
1 0.4202349667645695 0.4868319132455461 0.03416293090122121 0.03989155693261038
1 0.3994434997681249 0.4878001549186677 0.04328335136806307 0.05151045701006971
1 0.3992116246715103 0.45565453137103024 0.034781264492193535 0.04066615027110767
1 0.4039264183026743 0.4236057319907049 0.036790848662853606 0.04124709527498063
1 0.35917452465605193 0.4521688613477924 0.036636265265110525 0.04066615027110767
1 0.36984077910032465 0.4234120836560806 0.0360179316741382 0.0400852052672347
1 0.3789611995671665 0.3914601084430674 0.019013757922399135 0.027304415182029435
1 0.35214098005874167 0.36212238574748257 0.038336682640284434 0.047250193648334625
1 0.32562992734580304 0.34992254066615025 0.03354459731024888 0.04686289697908598
1 0.6245169268820528 0.2509682416731216 0.020405008502086874 0.026723470178156468
1 0.6157829649095687 0.17631680867544539 0.03168959653733189 0.03814872192099148
1 0.6380429741845726 0.2435127807900852 0.029216262173442573 0.037761425251742836
1 0.6507188127995054 0.2604570100697134 0.029216262173442573 0.03911696359411309
1 0.18186736744473644 0.6182223082881487 0.03168959653733189 0.03737412858249419
1 0.13641984850827021 0.5879163439194423 0.028597928582470244 0.03601859024012394
1 0.15527902303292626 0.5972114639814098 0.02055959189982996 0.026723470178156468
1 0.06855773689905705 0.631003098373354 0.031071262946359562 0.03621223857474826
1 0.8100942958726233 0.3488574748257165 0.01746792394496831 0.02188226181254841
1 0.6912196630081929 0.2856312935708753 0.02055959189982996 0.027885360185902403
1 0.6744473643530685 0.27488381099922543 0.02071417529757304 0.026529821843532145
1 0.6684186118410883 0.2622966692486445 0.03029834595764415 0.03969790859798606
1 0.7051321688050703 0.2813710302091402 0.03632709846962436 0.04686289697908598
1 0.7179625908177462 0.29637877614252517 0.028907095377956406 0.038536018590240126
1 0.7374400989333746 0.2412858249419055 0.023651259854691607 0.03369481022463207
1 0.7187355078064616 0.24515879163439194 0.029216262173442573 0.03679318357862122
1 0.7573813572422322 0.31913245546088304 0.017158757149482146 0.022850503485670023
1 0.7412273921780801 0.30964368706429124 0.02318750966146236 0.0313710302091402
1 0.7354305147627145 0.29434546862896976 0.02952542896892874 0.03911696359411309
1 0.7853609522337301 0.33230054221533695 0.023651259854691607 0.032532920216886134
1 0.0767506569794404 0.6032145623547638 0.0298345957644149 0.03446940356312936
1 0.8025197093832123 0.3295894655305964 0.029216262173442573 0.037180480247869865
1 0.7722213634255681 0.3157436096049574 0.03539959808316587 0.0435708752904725
1 0.8845262018859175 0.20100697134004647 0.02968001236667182 0.038729666924864445
1 0.847194311330963 0.18038342370255617 0.030762096150873396 0.04085979860573199
1 0.9380893492038955 0.4013361735089078 0.030762096150873396 0.04047250193648334
1 0.9064770443654352 0.3863284275755228 0.030607512753130315 0.041053446940356314
1 0.9256453856855774 0.34798605731990706 0.031225846344102644 0.041053446940356314
1 0.8883907868294945 0.32697521301316806 0.031535013139588806 0.04395817195972115
1 0.5878806616169423 0.12683965917893106 0.024733343638893183 0.03408210689388071
1 0.08138815891173289 0.5773625096824168 0.019632091513371464 0.02343144848954299
1 0.35592827330344723 0.8901045701006971 0.03230793012830422 0.03892331525948877