1 0.5592793490895002 0.7017917133258679 0.010461061604029445 0.006494960806270996
1 0.33611003487020535 0.06942889137737962 0.0065865943432778 0.0035834266517357225
1 0.3244866330879504 0.07581187010078387 0.007361487795428129 0.00425531914893617
1 0.3301046106160403 0.083986562150056 0.006199147617202635 0.0035834266517357225
1 0.324680356450988 0.09070548712206047 0.005424254165052305 0.003135498320268757
1 0.35683843471522664 0.09496080627099664 0.0077489345215032935 0.004479283314669653
1 0.3715614103060829 0.0942889137737962 0.02247191011235955 0.012989921612541993
1 0.3120883378535451 0.2883538633818589 0.01743510267338241 0.009630459126539754
1 0.3227431228206122 0.2911534154535274 0.014722975590856257 0.008062709966405375
1 0.3237117396358001 0.29518477043673014 0.004261913986826811 0.003135498320268757
1 0.31518791166214644 0.2994400895856663 0.025184037194885704 0.01433370660694289
1 0.2942657884540876 0.3024636058230683 0.01666020922123208 0.008734602463605823
1 0.28148004649360714 0.3055991041433371 0.0197597830298334 0.011422172452407614
1 0.30356450987989153 0.29966405375139976 0.00581170089112747 0.0035834266517357225
1 0.30647036032545527 0.29720044792833145 0.006199147617202635 0.003135498320268757
1 0.2807051530414568 0.2977603583426652 0.0065865943432778 0.003807390817469205
1 0.27353738860906623 0.3003359462486002 0.006974041069352964 0.004031354983202688
1 0.3727237504843084 0.0856662933930571 0.008523827973653622 0.005151175811870101
1 0.37039907012785744 0.07838745800671892 0.006974041069352964 0.004031354983202688
1 0.6654397520340953 0.35677491601343786 0.01820999612553274 0.011198208286674132
1 0.35993800852382796 0.07155655095184771 0.006974041069352964 0.003807390817469205
1 0.7115459124370399 0.30772676371780516 0.01820999612553274 0.010750279955207167
1 0.7010848508330104 0.2793952967525196 0.01820999612553274 0.01097424412094065
1 0.7460286710577295 0.28622620380739083 0.01898488957768307 0.011646136618141097
1 0.736536226268888 0.2547592385218365 0.017822549399457575 0.010526315789473684
1 0.7592018597442851 0.258006718924972 0.01820999612553274 0.010750279955207167
1 0.7702440914374273 0.2338185890257559 0.019372336303758234 0.011646136618141097
1 0.748159628051143 0.22956326987681971 0.017822549399457575 0.011198208286674132
1 0.7601704765594731 0.2019036954087346 0.018597442851607904 0.01097424412094065
1 0.7938783417280124 0.18029115341545351 0.017822549399457575 0.011198208286674132
1 0.7673382409918637 0.13673012318029115 0.01820999612553274 0.010078387458006719
1 0.7721813250678031 0.12631578947368421 0.018597442851607904 0.010302351623740201
1 0.27237504843084076 0.2544232922732363 0.006199147617202635 0.0035834266517357225
1 0.2685005811700891 0.2561030235162374 0.0038744672607516468 0.002015677491601344
1 0.27566834560247966 0.25274356103023515 0.00581170089112747 0.0033594624860022394
1 0.2807051530414568 0.2509518477043673 0.0065865943432778 0.003807390817469205
1 0.2867105772956218 0.3014557670772676 0.005424254165052305 0.003135498320268757