1 0.8348378468739552 0.7844798936523762 0.01671681711802073 0.015287470920571618
1 0.8635071882313607 0.7759222333000997 0.016215312604480107 0.014124293785310734
1 0.7537612838515546 0.8510302426055167 0.01671681711802073 0.015453639082751745
1 0.800819124038783 0.8344134263875042 0.01721832163156135 0.01611831173147225
1 0.815279170845871 0.8297607178464607 0.017385489802741558 0.015453639082751745
1 0.8422768304914744 0.8178796942505816 0.021230357739886324 0.018943170488534396
1 0.8593279839518556 0.8138085742771685 0.017552657973921765 0.013459621136590228
1 0.8778000668672685 0.8069956796277833 0.02106318956870612 0.017115320704553006
1 0.6384152457372116 0.8147224991691592 0.015713808090939484 0.014290461947490861
1 0.8027415580073554 0.40096377534064476 0.017385489802741558 0.018610834164174143
1 0.8488799732530926 0.7804087736789631 0.01671681711802073 0.015453639082751745
1 0.8201270478100969 0.7915420405450315 0.019391507856904047 0.015453639082751745
1 0.5294215981277165 0.3849285476902625 0.017385489802741558 0.01611831173147225
1 0.5212303577398864 0.40453639082751747 0.01972584419926446 0.018444666001994018
1 0.5015045135406219 0.40004985044865404 0.015045135406218655 0.014124293785310734
1 0.5085255767301906 0.4018777002326354 0.0160481444332999 0.015121302758391492
1 0.49439986626546306 0.4110169491525424 0.018555667001003008 0.018112329677633765
1 0.48311601471079907 0.42480890661349285 0.01671681711802073 0.01611831173147225
1 0.4702440655299231 0.4327849783981389 0.02540956201939151 0.025756065137919573
1 0.4059679037111334 0.47125290794283814 0.06369107321965897 0.06879361914257229
1 0.47617853560682044 0.4808075772681954 0.032932129722500834 0.031073446327683617
1 0.49623871614844534 0.47083748753738786 0.018555667001003008 0.017779993353273512
1 0.5238214643931796 0.45870721169823864 0.01788699431628218 0.017779993353273512
1 0.5124540287529255 0.46377534064473247 0.01788699431628218 0.01694915254237288
1 0.5066867268472083 0.45305749418411434 0.03142761618187897 0.028747092057161847
1 0.5287529254429957 0.4390993685609837 0.03510531594784353 0.03306746427384513
1 0.5765630224005349 0.44690927218344967 0.017051153460381142 0.016782984380192757
1 0.5416248746238717 0.4878697241608508 0.01671681711802073 0.014290461947490861
1 0.5593447007689736 0.4823861748089066 0.024406552992310263 0.022931206380857428
1 0.5800735539953193 0.46053506148222 0.017385489802741558 0.017115320704553006
1 0.5778167836843865 0.4754071119973413 0.015880976262119692 0.014622798271851114
1 0.5951186894015379 0.47067131937520773 0.021731862253426947 0.02010634762379528
1 0.5183049147442327 0.3918245264207378 0.01721832163156135 0.016284479893652375
1 0.5420427950518222 0.42123629112662014 0.016883985289200935 0.018278497839813893
1 0.7945503176195252 0.7993519441674976 0.01671681711802073 0.013791957460950481
1 0.5552490805750585 0.4132602193419741 0.01721832163156135 0.015619807244931871
1 0.18196255432965563 0.10003323363243602 0.025576730190571714 0.02824858757062147
1 0.16725175526579739 0.2234130940511798 0.022902039451688398 0.023097374543037553
1 0.15045135406218657 0.24268860086407446 0.03343363423604146 0.032735127949484875
1 0.41875626880641925 0.28564307078763707 0.03577398863256436 0.03489531405782652
1 0.4659812771648278 0.3071618477899634 0.051654964894684054 0.050348953140578266
1 0.40237378803075896 0.40860751080093055 0.0183884988298228 0.01794616151545364
1 0.41432631227014377 0.3977234961781323 0.019558676028084254 0.01877700232635427
1 0.4286191909060515 0.3854270521768029 0.019391507856904047 0.01977401129943503
1 0.4450852557673019 0.3742937853107345 0.02457372116349047 0.024094383516118312
1 0.46748579070544966 0.3606679960119641 0.027582748244734202 0.026088401462279826
1 0.4861250417920428 0.3422233300099701 0.02340354396522902 0.023097374543037553
1 0.5601805416248746 0.3489531405782652 0.014710799063858242 0.015952143569292122
1 0.5614343029087262 0.35992023928215355 0.015212303577398863 0.015952143569292122
1 0.5817452357071213 0.3514456630109671 0.01671681711802073 0.014955134596211365
1 0.561350718823136 0.37612163509471586 0.017051153460381142 0.016782984380192757
1 0.5488131059846205 0.36781322698570956 0.0183884988298228 0.018112329677633765
1 0.5989635573386827 0.3726321036889332 0.020060180541624874 0.02010634762379528
1 0.5672016048144434 0.3927384513127285 0.018722835172183216 0.019441674975074777
1 0.5722166499498496 0.4055333998005982 0.016382480775660315 0.013791957460950481
1 0.6103309929789368 0.4653539381854437 0.0160481444332999 0.014124293785310734
1 0.6318956870611836 0.4533898305084746 0.0183884988298228 0.017115320704553006
1 0.6472751588097626 0.4456630109670987 0.02273487128050819 0.022266533732136922
1 0.6844700768973587 0.44624459953472917 0.015880976262119692 0.012462612163509471
1 0.6027248411902374 0.6478896643403124 0.01721832163156135 0.016284479893652375
1 0.6229521899030425 0.6477234961781323 0.03560682046138415 0.04154204054503157
1 0.7037780006686727 0.6708208707211698 0.020728853226345705 0.018278497839813893
1 0.6462721497826813 0.6996510468594217 0.015713808090939484 0.013791957460950481
1 0.6544633901705116 0.7082087072116983 0.0160481444332999 0.012628780325689598
1 0.6634904714142428 0.6964107676969092 0.02340354396522902 0.021269524759056163
1 0.7021899030424608 0.7000664672648721 0.016215312604480107 0.01694915254237288
1 0.671765295887663 0.7373712196743104 0.016215312604480107 0.013459621136590228
1 0.6779505182213307 0.7283981389165836 0.018890003343363423 0.016782984380192757
1 0.691992644600468 0.7258225324027916 0.01487796723503845 0.013625789298770355
1 0.7054496823804748 0.7207544034562978 0.014376462721497826 0.012462612163509471
1 0.7161484453360081 0.715769358590894 0.02474088933467068 0.02143569292123629
1 0.7601972584419926 0.7300598205383848 0.015880976262119692 0.013459621136590228
1 0.7768304914744233 0.7249086075108009 0.017719826145101973 0.015785975407111998
1 0.8003176195252424 0.7180126287803257 0.02022734871280508 0.020272515785975408
1 0.8525576730190572 0.6984878697241609 0.0160481444332999 0.012794948487869724
1 0.8285690404546975 0.74991691591891 0.015546639919759278 0.014622798271851114
1 0.8428619190906051 0.7441841143236956 0.017385489802741558 0.01611831173147225
1 0.8583249749247743 0.7395314057826521 0.017552657973921765 0.014456630109670987
1 0.6224506853895019 0.6654204054503157 0.01788699431628218 0.015121302758391492
1 0.6360748913406887 0.6593552675307411 0.017385489802741558 0.014622798271851114
1 0.6491140086927449 0.652625456962446 0.016382480775660315 0.015121302758391492
1 0.7808425275827482 0.5663841807909604 0.014042126379137413 0.012794948487869724
1 0.5827482447342026 0.3861748089066135 0.01537947174857907 0.016284479893652375
1 0.7155633567368773 0.48637421070122966 0.013874958207957205 0.015619807244931871
1 0.7550986292209964 0.4576271186440678 0.013373453694416584 0.014955134596211365
1 0.7490805750585089 0.4484878697241608 0.014042126379137413 0.014955134596211365
1 0.6506185222333668 0.5514290461947491 0.013373453694416584 0.012794948487869724
1 0.6336509528585758 0.543452974410103 0.03794717485790705 0.04037886340977069
1 0.769391507856904 0.5545031571950815 0.01487796723503845 0.015619807244931871
1 0.8011534603811434 0.5392156862745098 0.017552657973921765 0.018278497839813893
1 0.7966399197592778 0.563143901628448 0.018890003343363423 0.01694915254237288
1 0.680625208960214 0.6419076105018279 0.02223336676696757 0.018278497839813893
1 0.8139418254764292 0.5664672648720506 0.01671681711802073 0.013293452974410104
1 0.817703109327984 0.5530076437354603 0.018890003343363423 0.018610834164174143
1 0.8236375794048814 0.5377201728148887 0.014710799063858242 0.016284479893652375
1 0.8266466064861251 0.5219341974077767 0.017051153460381142 0.0196078431372549
1 0.8254764292878636 0.5082253240279162 0.010698762955533266 0.011133266866068461
1 0.7097960548311602 0.5992023928215354 0.044132397191574725 0.04287138584247258
1 0.684720829154129 0.6137421070122965 0.02540956201939151 0.0227650382186773
1 0.6568037445670344 0.6208042539049519 0.02474088933467068 0.020937188434695914
1 0.10213975259110665 0.09471585244267199 0.03376797057840187 0.0322366234629445