1 0.7213444412525136 0.5863970588235294 0.02700373455903476 0.025735294117647058
1 0.8519103705831658 0.8220850840336135 0.04395288710140764 0.04070378151260504
1 0.8438667049698363 0.788734243697479 0.029014650962367137 0.02809873949579832
1 0.889255960930767 0.8581932773109243 0.027291008330939386 0.026260504201680673
1 0.9051996552714737 0.8445378151260504 0.024130996839988508 0.023109243697478993
1 0.8984487216317151 0.8227415966386554 0.025567365699511634 0.023109243697478993
1 0.5825912094225797 0.7096901260504201 0.028727377190462512 0.02652310924369748
1 0.5991094513070957 0.6940651260504201 0.024992818155702385 0.023634453781512604
1 0.6331513932777937 0.6651785714285714 0.02528009192760701 0.023634453781512604
1 0.6501005458201666 0.6482405462184874 0.02528009192760701 0.0233718487394958
1 0.6686297041080149 0.6330094537815126 0.030163746049985635 0.02809873949579832
1 0.6864406779661016 0.6184348739495799 0.023269175524274634 0.022058823529411766
1 0.7043952887101408 0.6013655462184874 0.02987647227808101 0.027836134453781514
1 0.7378626831370296 0.5710346638655462 0.029589198506176386 0.02862394957983193
1 0.7247917265153692 0.8587184873949579 0.02815282964665326 0.02468487394957983
1 0.7558172938810687 0.5551470588235294 0.02815282964665326 0.026260504201680673
1 0.7746337259408216 0.5378151260504201 0.027865555874748635 0.025735294117647058
1 0.7920137891410515 0.5207457983193278 0.02757828210284401 0.026260504201680673
1 0.718758977305372 0.49409138655462187 0.037345590347601265 0.03597689075630252
1 0.6950588911232405 0.5150997899159664 0.04567652973283539 0.041228991596638655
1 0.6726515369146797 0.536108193277311 0.04510198218902614 0.04070378151260504
1 0.652111462223499 0.5571165966386554 0.04136742315426602 0.03807773109243697
1 0.619936799770181 0.5333508403361344 0.06032749209997127 0.05619747899159664
1 0.6513932777937375 0.5053834033613446 0.057167480609020396 0.05278361344537815
1 0.5858948577994829 0.6242121848739496 0.03590922148807814 0.03308823529411765
1 0.6072967538063775 0.6021533613445378 0.04021832806664752 0.03466386554621849
1 0.43995978167193334 0.5319065126050421 0.027291008330939386 0.019695378151260504
1 0.8310830221200805 0.8201155462184874 0.02815282964665326 0.026260504201680673
1 0.7423154266015513 0.8742121848739496 0.03160011490950876 0.026785714285714284
1 0.4886526860097673 0.5170693277310925 0.032749209997127264 0.02888655462184874
1 0.5519965527147371 0.28847163865546216 0.0824475725366274 0.07589285714285714
1 0.2663027865555875 0.19104516806722688 0.05630565929330652 0.04963235294117647
1 0.29143924159724216 0.22045693277310924 0.03705831657569664 0.03440126050420168
1 0.3236139040505602 0.25275735294117646 0.04165469692617064 0.03807773109243697
1 0.35076127549554725 0.27888655462184875 0.04079287561045677 0.03676470588235294
1 0.3182993392703246 0.3482142857142857 0.04021832806664752 0.038340336134453784
1 0.3886814133869578 0.3493960084033613 0.03160011490950876 0.030199579831932773
1 0.3899741453605286 0.30646008403361347 0.047974719908072394 0.043592436974789914
1 0.42387245044527433 0.3233981092436975 0.03131284113760414 0.027573529411764705
1 0.4408216029876472 0.3433560924369748 0.029014650962367137 0.025997899159663867
1 0.463228957196208 0.36147584033613445 0.030738293593794888 0.027573529411764705
1 0.4829072105716748 0.22229516806722688 0.02757828210284401 0.02494747899159664
1 0.5139327779373744 0.250656512605042 0.07124389543234702 0.06696428571428571
1 0.6090203964378053 0.33744747899159666 0.03160011490950876 0.02888655462184874
1 0.7629991381786843 0.8894432773109243 0.03045101982189026 0.027836134453781514
1 0.6503878195920713 0.37815126050420167 0.04079287561045677 0.037815126050420166
1 0.6772479172651537 0.41964285714285715 0.07038207411663315 0.06512605042016807
1 0.7181844297615627 0.43132878151260506 0.03045101982189026 0.02652310924369748
1 0.7176098822177536 0.4520745798319328 0.06664751508187303 0.061186974789915964
1 0.7819592071243895 0.48660714285714285 0.03045101982189026 0.026785714285714284
1 0.4961218040792876 0.45076155462184875 0.02700373455903476 0.021796218487394957
1 0.5221200804366561 0.43434873949579833 0.03878195920712439 0.031512605042016806
1 0.41697787991956337 0.5647321428571429 0.04452743464521689 0.04332983193277311
1 0.4436943407066935 0.5907300420168067 0.04567652973283539 0.041754201680672266
1 0.4656707842573973 0.6147584033613446 0.03332375754093651 0.030987394957983194
1 0.490807239299052 0.6348476890756303 0.042803792013789144 0.04070378151260504
1 0.5126400459638035 0.6587447478991597 0.033036483769031885 0.029149159663865547
1 0.4689744326343005 0.5357142857142857 0.030163746049985635 0.026260504201680673
1 0.5070382074116633 0.49684873949579833 0.02987647227808101 0.027836134453781514
1 0.5393565067509336 0.4724264705882353 0.04050560183855214 0.037289915966386554
1 0.5570238437230681 0.4525997899159664 0.028727377190462512 0.025997899159663867
