0 0.42275 0.5235 0.02 0.0135
2 0.748625 0.981625 0.01275 0.01825
2 0.163625 0.857375 0.00475 0.00225
2 0.293625 0.390625 0.00775 0.00925
0 0.7035 0.4685 0.0185 0.016
0 0.2795 0.382125 0.013 0.01525
2 0.654 0.523875 0.006 0.00375
2 0.653625 0.5225 0.00625 0.003
2 0.654 0.521125 0.0055 0.00275
2 0.653125 0.520125 0.00775 0.00425
2 0.653125 0.518625 0.00575 0.00325
2 0.651875 0.518125 0.00625 0.00325
2 0.651375 0.517125 0.00475 0.00225
2 0.651125 0.516 0.00575 0.003
2 0.65 0.51475 0.008 0.005
2 0.6495 0.51325 0.0055 0.0035
2 0.618625 0.53425 0.00875 0.0105
2 0.613125 0.5355 0.01175 0.014
2 0.12475 0.126375 0.012 0.01325