0 0.51 0.527375 0.018 0.01125
2 0.377375 0.337625 0.01175 0.00975
2 0.2255 0.2175 0.0155 0.014
2 0.184875 0.258 0.01225 0.0215
2 0.185875 0.265125 0.01075 0.01875
2 0.19025 0.26525 0.0125 0.0215
2 0.215 0.269375 0.004 0.01575
2 0.21975 0.264125 0.0055 0.02325
2 0.29525 0.294 0.0165 0.014
2 0.29825 0.301375 0.019 0.01625
2 0.30025 0.315375 0.017 0.01225
2 0.298 0.311875 0.014 0.00975
2 0.250125 0.27175 0.00575 0.009
2 0.24725 0.27075 0.0065 0.01
2 0.170125 0.2625 0.00725 0.0135
2 0.057125 0.27625 0.00475 0.0045
0 0.15525 0.263625 0.004 0.00525
2 0.090125 0.130375 0.00425 0.00325
2 0.104375 0.151375 0.00625 0.00325
2 0.375875 0.342875 0.01275 0.01125
2 0.376625 0.393125 0.01875 0.01925
2 0.383125 0.399625 0.01775 0.01825
0 0.494375 0.518375 0.01325 0.01175
2 0.224125 0.22175 0.01875 0.0175