2 0.719125 0.2265 0.01675 0.016
2 0.831625 0.514625 0.02725 0.02325
2 0.38925 0.07975 0.0185 0.0185
2 0.400625 0.18925 0.05925 0.063
2 0.568875 0.3525 0.04225 0.036
2 0.395625 0.6055 0.02225 0.008
2 0.293125 0.94725 0.01875 0.007
2 0.229625 0.736 0.01325 0.0185
2 0.14025 0.610875 0.0105 0.00875
2 0.266625 0.54525 0.02025 0.0185
2 0.07225 0.59125 0.018 0.0165
2 0.1625 0.6245 0.0155 0.02
2 0.172375 0.64025 0.01525 0.0195
2 0.24 0.752375 0.015 0.02075
2 0.25425 0.77775 0.0135 0.0175
2 0.264375 0.79575 0.01375 0.018
2 0.192 0.659875 0.015 0.01925
2 0.210375 0.691625 0.02325 0.01175
2 0.28275 0.90925 0.038 0.017
2 0.445125 0.108875 0.02225 0.01875
2 0.449 0.092875 0.0185 0.01525
2 0.457 0.0705 0.025 0.0195
2 0.895875 0.442 0.02675 0.025
0 0.053875 0.608 0.02575 0.021
2 0.781375 0.41725 0.02025 0.022
2 0.9385 0.19425 0.021 0.013
2 0.961 0.223875 0.017 0.01825
2 0.84775 0.47375 0.0275 0.0265
2 0.875125 0.458875 0.01825 0.01725
2 0.94375 0.530375 0.0255 0.02275
2 0.49275 0.0785 0.019 0.016
2 0.987375 0.539 0.01725 0.0165
2 0.624125 0.531625 0.02375 0.01225
2 0.675125 0.332 0.02225 0.0215
2 0.730375 0.292625 0.01725 0.01625
2 0.6425 0.275125 0.0215 0.01525
2 0.6735 0.232125 0.019 0.01775
2 0.591375 0.212875 0.03025 0.02825
2 0.285 0.8325 0.014 0.0185