2 0.571923076923077 0.26575 0.014615384615384615 0.0175
2 0.7353846153846154 0.38825 0.018076923076923077 0.021
2 0.7236538461538462 0.40275 0.022307692307692306 0.026
2 0.7331730769230769 0.27975 0.015576923076923077 0.014
2 0.7609615384615385 0.21425 0.014615384615384615 0.024
2 0.6083653846153846 0.176625 0.017884615384615384 0.01725
2 0.7161538461538461 0.35775 0.014615384615384615 0.0185
2 0.7077884615384615 0.363875 0.014807692307692308 0.01825
2 0.6517307692307692 0.29475 0.021923076923076924 0.026
2 0.5571153846153846 0.4535 0.011153846153846153 0.019
2 0.4157692307692308 0.01775 0.015769230769230768 0.0185
2 0.47586538461538463 0.03975 0.028653846153846155 0.0285
2 0.5045192307692308 0.1495 0.0225 0.025
2 0.41 0.1665 0.03230769230769231 0.036
2 0.31961538461538463 0.073 0.035 0.039
2 0.13692307692307693 0.711625 0.012692307692307692 0.01175
2 0.13875 0.707875 0.012115384615384615 0.01125
2 0.12634615384615386 0.703625 0.011923076923076923 0.01275
2 0.7456730769230769 0.381625 0.0175 0.02125
2 0.8031730769230769 0.390875 0.022115384615384617 0.02475
2 0.7950961538461538 0.404625 0.021346153846153845 0.02275
2 0.7989423076923077 0.460875 0.01673076923076923 0.01925
2 0.9718269230769231 0.31375 0.01673076923076923 0.0235
2 0.8192307692307692 0.29725 0.019615384615384614 0.015
2 0.6576923076923077 0.3635 0.015384615384615385 0.0175
2 0.5628846153846154 0.582625 0.006923076923076923 0.01575
2 0.9361538461538461 0.8335 0.016923076923076923 0.0195
2 0.9601923076923077 0.689875 0.02576923076923077 0.02975
2 0.8590384615384615 0.832875 0.011538461538461539 0.02925
2 0.7929807692307692 0.702125 0.006346153846153846 0.01775
2 0.884423076923077 0.57575 0.022307692307692306 0.026
2 0.8832692307692308 0.481 0.01423076923076923 0.017
2 0.8611538461538462 0.495625 0.02423076923076923 0.04625
2 0.8098076923076923 0.38175 0.01769230769230769 0.02
2 0.10548076923076923 0.383375 0.020961538461538462 0.02725