2 0.44875 0.14792817679558012 0.0135 0.005801104972375691
2 0.679625 0.08273480662983425 0.01825 0.013535911602209945
0 0.651625 0.4488950276243094 0.10225 0.112707182320442
2 0.70175 0.5466850828729282 0.0245 0.029281767955801105
2 0.47225 0.7545580110497238 0.0155 0.011878453038674033
2 0.500125 0.793646408839779 0.01525 0.014917127071823204
2 0.767125 0.6125690607734806 0.02825 0.013535911602209945
2 0.822625 0.5755524861878453 0.01825 0.009668508287292817
2 0.726625 0.5020718232044199 0.01125 0.010773480662983425
2 0.81275 0.37058011049723755 0.027 0.02569060773480663
2 0.82075 0.35925414364640884 0.0295 0.02292817679558011
2 0.81875 0.052486187845303865 0.0285 0.014364640883977901
2 0.950375 0.4696132596685083 0.02925 0.023204419889502764
2 0.954125 0.4638121546961326 0.02775 0.020994475138121547
2 0.915375 0.5937845303867403 0.03175 0.017403314917127072
2 0.50725 0.3643646408839779 0.0085 0.008839779005524863
2 0.0435 0.9400552486187845 0.018 0.013812154696132596