1 0.411 0.846 0.023 0.0245
1 0.324375 0.790875 0.01575 0.01425
1 0.497375 0.69475 0.01675 0.016
1 0.505375 0.741625 0.01425 0.01525
1 0.493875 0.7485 0.01475 0.0165
1 0.4955 0.774375 0.0165 0.01625
1 0.384625 0.8405 0.02425 0.0265
1 0.439375 0.847125 0.02325 0.02575
2 0.924 0.596875 0.016 0.00625
1 0.456125 0.83675 0.01625 0.017
1 0.4765 0.82325 0.0255 0.026
1 0.498 0.80975 0.0295 0.0305
1 0.5165 0.798 0.028 0.028
1 0.53625 0.78675 0.027 0.028
1 0.555125 0.774875 0.02675 0.02875
1 0.33175 0.825125 0.025 0.02775
1 0.305125 0.820125 0.02375 0.02675
1 0.36075 0.885625 0.024 0.02475
1 0.2485 0.847375 0.0265 0.02625
1 0.3385 0.880625 0.0215 0.02425
1 0.316625 0.874875 0.02225 0.02475
1 0.294875 0.87075 0.02475 0.028
1 0.274125 0.866 0.02625 0.027
1 0.270375 0.893 0.02475 0.0245
1 0.272125 0.91675 0.01525 0.0155
1 0.34 0.932375 0.015 0.01525
1 0.35575 0.972875 0.027 0.02975
1 0.327625 0.9825 0.01475 0.0145
1 0.14075 0.970875 0.0155 0.01525
1 0.065875 0.965375 0.02925 0.03025
1 0.115375 0.934125 0.02725 0.02625
1 0.098625 0.83225 0.02425 0.022
1 0.38525 0.965375 0.0245 0.02275
1 0.520875 0.85325 0.02525 0.027
1 0.5005 0.865375 0.0265 0.02825
2 0.8995 0.980375 0.0135 0.01125
2 0.921375 0.605 0.01475 0.005
2 0.931125 0.812875 0.00825 0.01625
0 0.918625 0.812 0.02025 0.0075
0 0.878125 0.993 0.01025 0.009
1 0.551375 0.672875 0.02975 0.02925
1 0.5745 0.711375 0.027 0.02525
1 0.5895 0.908 0.018 0.0165
1 0.54 0.943625 0.0295 0.02825
1 0.473875 0.741875 0.01525 0.01375
2 0.942875 0.722125 0.01525 0.00975
2 0.949625 0.457125 0.01125 0.00475
2 0.948125 0.453375 0.01325 0.00475
2 0.96975 0.449375 0.0065 0.01375
1 0.677125 0.885125 0.02975 0.03075
1 0.48175 0.878 0.026 0.029
1 0.666125 0.8655 0.02875 0.029
1 0.6445 0.8265 0.0275 0.028
2 0.726125 0.055875 0.01525 0.01875
1 0.57025 0.76275 0.0165 0.0175
1 0.618375 0.81475 0.02425 0.0255
1 0.5865 0.813125 0.0305 0.03225
1 0.5775 0.855 0.0155 0.016
1 0.5765 0.88925 0.017 0.016
1 0.506625 0.9295 0.01625 0.017
1 0.50575 0.94775 0.0305 0.0255
1 0.437125 0.963125 0.01525 0.01425
1 0.443125 0.940375 0.01525 0.01325
1 0.447625 0.916375 0.01375 0.01325
1 0.462375 0.8875 0.02575 0.027
2 0.096625 0.264625 0.01175 0.01725