2 0.689625 0.941125 0.00225 0.00325
2 0.6715 0.88375 0.005 0.0055
2 0.6895 0.9005 0.005 0.0055
2 0.688125 0.899625 0.00475 0.00575
2 0.68625 0.897875 0.005 0.00575
2 0.684875 0.896375 0.00475 0.00525
2 0.683 0.8945 0.0055 0.006
2 0.681625 0.893125 0.00575 0.00625
2 0.679875 0.891625 0.00525 0.00575
2 0.67825 0.890125 0.0055 0.00575
2 0.676625 0.8885 0.00525 0.0055
2 0.674875 0.887125 0.00525 0.00525
2 0.673125 0.885875 0.00525 0.00575
2 0.669875 0.88225 0.00425 0.0045
2 0.692875 0.904125 0.00475 0.00525
2 0.668625 0.880875 0.00525 0.00525
2 0.66675 0.879125 0.0055 0.00575
2 0.66475 0.878125 0.005 0.00525
2 0.662625 0.877 0.00475 0.005
2 0.661625 0.874625 0.00475 0.00475
2 0.659875 0.87325 0.00525 0.006
2 0.658375 0.87175 0.00475 0.005
2 0.656625 0.86975 0.00475 0.005
2 0.655125 0.86875 0.00525 0.0055
2 0.65325 0.867 0.005 0.005
2 0.6515 0.8655 0.005 0.006
2 0.69175 0.9025 0.005 0.005
2 0.69475 0.905625 0.0045 0.00525
2 0.614375 0.9745 0.00225 0.0045
2 0.647875 0.887625 0.00625 0.00575
2 0.6295 0.862375 0.0045 0.00475
2 0.630875 0.864 0.00475 0.005
2 0.63275 0.865125 0.0045 0.00525
2 0.634125 0.866625 0.00475 0.00475
2 0.63575 0.868 0.0045 0.0045
2 0.637375 0.869 0.00425 0.0045
2 0.6395 0.87025 0.005 0.005
2 0.64075 0.880625 0.0055 0.00575
2 0.642375 0.882375 0.00575 0.00575
2 0.644125 0.88425 0.00575 0.0055
2 0.64625 0.885875 0.006 0.00575
2 0.650625 0.88925 0.00575 0.006
2 0.696625 0.907 0.00525 0.0055
2 0.65225 0.891 0.0055 0.006
2 0.653875 0.893125 0.00575 0.00625
2 0.655375 0.895 0.00525 0.0055
2 0.657875 0.896875 0.00525 0.00575
2 0.659375 0.8985 0.00525 0.0065
2 0.66125 0.90075 0.005 0.0055
2 0.66275 0.902375 0.005 0.00525
2 0.664 0.904 0.005 0.0055
2 0.66575 0.905625 0.0045 0.00525
2 0.667625 0.90725 0.00475 0.005
2 0.67125 0.90975 0.005 0.005
2 0.649875 0.864 0.00525 0.0055
2 0.6485 0.862 0.0045 0.005
2 0.647 0.8605 0.0045 0.005
2 0.546 0.959625 0.004 0.00425
2 0.4885 0.930375 0.003 0.00275
2 0.4965 0.93475 0.0025 0.003
2 0.51025 0.9535 0.003 0.0025
2 0.517625 0.948875 0.00275 0.00325
2 0.527 0.946 0.0025 0.0035
2 0.37325 0.81475 0.011 0.0075
0 0.3625 0.801125 0.022 0.01575
2 0.531125 0.957625 0.00425 0.00425
2 0.441625 0.804 0.00375 0.006
2 0.6455 0.85875 0.0045 0.005
2 0.440375 0.802125 0.00375 0.00575
2 0.438375 0.80175 0.00375 0.005
2 0.436375 0.80075 0.00375 0.0055
2 0.421375 0.7935 0.00925 0.011
2 0.44775 0.776375 0.01 0.00925
2 0.4625 0.757375 0.0135 0.01075
2 0.433875 0.79525 0.00725 0.0115
2 0.362625 0.794 0.01375 0.0095
2 0.378 0.79875 0.0115 0.0135
2 0.359875 0.81525 0.00425 0.0045
2 0.373375 0.818375 0.00875 0.00675
2 0.473 0.931875 0.0025 0.00225
2 0.568125 0.842625 0.00575 0.00525
2 0.5695 0.840875 0.005 0.00525
2 0.571375 0.839625 0.00525 0.00575
2 0.643625 0.857125 0.00425 0.00475
2 0.642 0.85575 0.0045 0.0045
2 0.6405 0.854375 0.005 0.00525
2 0.639 0.852625 0.0045 0.00475
2 0.63725 0.85125 0.0045 0.005
2 0.629875 0.849375 0.00375 0.00175
2 0.61475 0.851 0.003 0.003
2 0.611125 0.84725 0.00225 0.0025
2 0.61025 0.846 0.002 0.0025
2 0.608875 0.845125 0.00225 0.00275
2 0.606875 0.8435 0.00225 0.003
2 0.60525 0.84225 0.0025 0.003
2 0.6005 0.837625 0.0025 0.00275
2 0.5985 0.835625 0.0025 0.00275
2 0.591625 0.832625 0.00175 0.00325
2 0.588625 0.8315 0.00175 0.0035
2 0.585875 0.83075 0.00175 0.003
2 0.584375 0.83025 0.00175 0.0035
2 0.57875 0.831 0.005 0.005
2 0.577375 0.832625 0.00525 0.00475
2 0.575625 0.834375 0.00525 0.00475
2 0.57425 0.835875 0.0055 0.00525
2 0.572875 0.83775 0.00575 0.006
2 0.62825 0.86125 0.0045 0.005
2 0.626875 0.859625 0.00475 0.00475
2 0.625375 0.85825 0.00475 0.0045
2 0.617125 0.899125 0.00325 0.00375
2 0.606375 0.881125 0.00425 0.00525
2 0.607875 0.882625 0.00425 0.00425
2 0.609375 0.884125 0.00475 0.00475
2 0.611125 0.885125 0.00475 0.00525
2 0.612375 0.886625 0.00425 0.00525
2 0.615125 0.88975 0.00425 0.005
2 0.61675 0.890875 0.0045 0.00475
2 0.618375 0.892625 0.00425 0.00525
2 0.62 0.8935 0.0045 0.0045
2 0.621 0.89525 0.005 0.0045
2 0.6225 0.896875 0.0045 0.00475
2 0.61775 0.9015 0.0045 0.005
2 0.614375 0.8635 0.00425 0.0045
2 0.6205 0.904125 0.006 0.00625
2 0.63025 0.901375 0.005 0.00425
2 0.62475 0.903125 0.005 0.00425
2 0.622 0.908125 0.0045 0.00425
2 0.626 0.90725 0.007 0.008
2 0.626125 0.912125 0.00475 0.00525
2 0.63025 0.9075 0.004 0.0045
2 0.606625 0.857375 0.00325 0.00325
2 0.608125 0.858625 0.00325 0.00375
2 0.6095 0.85975 0.003 0.004
2 0.6115 0.86025 0.0045 0.0045
2 0.605125 0.8795 0.00425 0.0045
2 0.6035 0.878375 0.005 0.00475
2 0.602125 0.877 0.00425 0.0055
2 0.600375 0.875625 0.00475 0.00475
2 0.578375 0.855625 0.00425 0.00475
2 0.58 0.853875 0.0055 0.00525
2 0.581625 0.852625 0.00525 0.00475
2 0.583125 0.85075 0.00525 0.0045
2 0.585 0.84925 0.005 0.0055
2 0.58625 0.847375 0.0055 0.00525
2 0.587875 0.846125 0.00475 0.00525
2 0.58875 0.844125 0.0055 0.00575
2 0.590875 0.842125 0.00475 0.00525
2 0.58575 0.857125 0.004 0.00375
2 0.5875 0.85575 0.0045 0.004
2 0.588625 0.85425 0.00425 0.0035
2 0.589875 0.852875 0.00475 0.00375
2 0.5915 0.851375 0.0045 0.00375
2 0.59275 0.849875 0.0045 0.00375
2 0.595 0.846875 0.004 0.00425
2 0.59625 0.845 0.005 0.0045
2 0.5915 0.8675 0.0045 0.0045
2 0.593125 0.86875 0.00425 0.0045
2 0.595 0.86975 0.0045 0.0045
2 0.596125 0.871375 0.00425 0.00475
2 0.5975 0.87275 0.0045 0.0055
2 0.5985 0.8745 0.005 0.0045
2 0.613 0.861875 0.0045 0.00475
2 0.61575 0.86475 0.004 0.0045
2 0.624 0.857 0.0045 0.005
2 0.65 0.90075 0.0055 0.0065
2 0.6305 0.8875 0.005 0.0045
2 0.63325 0.881875 0.0045 0.00475
2 0.635125 0.882875 0.00525 0.00475
2 0.633125 0.8885 0.00525 0.006
2 0.63675 0.88825 0.0055 0.0065
2 0.63875 0.89 0.0055 0.006
2 0.640625 0.89175 0.00525 0.0065
2 0.6425 0.8935 0.0055 0.006
2 0.644875 0.895125 0.00525 0.00575
2 0.646375 0.897 0.00525 0.0055
2 0.64825 0.898875 0.005 0.00575
2 0.652125 0.90275 0.00475 0.005
2 0.61725 0.866125 0.0045 0.00475
2 0.65375 0.904375 0.005 0.00575
2 0.6565 0.90575 0.0045 0.005
2 0.658125 0.907375 0.00425 0.00425
2 0.6595 0.909125 0.0045 0.00475
2 0.661375 0.9105 0.00425 0.005
2 0.663125 0.912 0.00425 0.005
2 0.66475 0.91375 0.004 0.0045
2 0.666375 0.915 0.00475 0.005
2 0.619625 0.8525 0.00425 0.0045
2 0.620875 0.854375 0.00425 0.00475
2 0.622375 0.8555 0.00425 0.0045
2 0.629125 0.88625 0.00475 0.005
2 0.627625 0.884875 0.00525 0.00525
2 0.626125 0.8835 0.00425 0.005
2 0.624375 0.882375 0.00425 0.00475
2 0.618875 0.86775 0.00475 0.0045
2 0.620125 0.869125 0.00425 0.00425
2 0.621875 0.8705 0.00475 0.0045
2 0.623375 0.871625 0.00425 0.00475
2 0.62475 0.873 0.0045 0.005
2 0.625875 0.874625 0.00475 0.00475
2 0.62725 0.875875 0.005 0.00525
2 0.62875 0.877375 0.0045 0.00475
2 0.6005 0.85875 0.004 0.0045
2 0.60275 0.8615 0.0035 0.0035
2 0.604 0.862875 0.004 0.00425
2 0.60575 0.864 0.0035 0.004
2 0.606875 0.865125 0.00375 0.00425
2 0.60825 0.8665 0.0035 0.004
2 0.609625 0.868125 0.00525 0.00575
2 0.6125 0.871125 0.0045 0.00475
2 0.614 0.87275 0.005 0.0045
2 0.61575 0.873875 0.005 0.00475
2 0.617125 0.875125 0.00425 0.00475
2 0.61825 0.877 0.0045 0.005
2 0.620125 0.878375 0.00375 0.00475
2 0.621625 0.879625 0.00475 0.00475
2 0.622875 0.880625 0.00425 0.00475
2 0.377125 0.820375 0.01375 0.01025