2 0.19759615384615384 0.392125 0.0021153846153846153 0.01075
2 0.20163461538461538 0.403 0.0025 0.0105
2 0.2 0.403875 0.002307692307692308 0.01025
2 0.19826923076923078 0.40425 0.002307692307692308 0.011
2 0.19634615384615384 0.40375 0.002307692307692308 0.0115
2 0.19442307692307692 0.403875 0.002307692307692308 0.01175
2 0.19278846153846155 0.404 0.0021153846153846153 0.0115
2 0.19096153846153846 0.403625 0.002307692307692308 0.01175
2 0.17326923076923076 0.657125 0.008846153846153846 0.00925
2 0.1778846153846154 0.667 0.008846153846153846 0.0115
2 0.24115384615384616 0.843875 0.004615384615384616 0.01325
2 0.2616346153846154 0.884125 0.006346153846153846 0.01575
2 0.2723076923076923 0.933375 0.0019230769230769232 0.00675
2 0.12903846153846155 0.51775 0.005384615384615384 0.002
2 0.12432692307692307 0.47825 0.003653846153846154 0.012
2 0.12509615384615386 0.463375 0.003269230769230769 0.01125
2 0.12336538461538461 0.463125 0.003653846153846154 0.01125
2 0.12153846153846154 0.46375 0.0034615384615384616 0.009
2 0.11932692307692308 0.445125 0.0040384615384615385 0.01325
2 0.11701923076923076 0.444125 0.0040384615384615385 0.01325
2 0.11990384615384615 0.42775 0.0040384615384615385 0.0145
2 0.11730769230769231 0.427625 0.0038461538461538464 0.01425
2 0.11519230769230769 0.429 0.0038461538461538464 0.0145
2 0.11788461538461538 0.358125 0.004230769230769231 0.01675
2 0.11057692307692307 0.332625 0.005 0.01175
2 0.19548076923076924 0.39175 0.0021153846153846153 0.0115
2 0.19923076923076924 0.39175 0.002307692307692308 0.0115
2 0.9917307692307692 0.826125 0.010384615384615384 0.01175
2 0.2010576923076923 0.392 0.0025 0.0105
2 0.9379807692307692 0.880875 0.009038461538461539 0.00825
2 0.86375 0.94825 0.007884615384615384 0.008
2 0.35836538461538464 0.20525 0.010192307692307691 0.0045
2 0.34807692307692306 0.204875 0.010769230769230769 0.00375
2 0.3395192307692308 0.210375 0.010192307692307691 0.00275
2 0.3381730769230769 0.207625 0.010961538461538462 0.00225
