0 0.1301923076923077 0.447375 0.0038461538461538464 0.00575
0 0.2658653846153846 0.01775 0.01326923076923077 0.0095
0 0.26490384615384616 0.0105 0.0125 0.0135
0 0.20673076923076922 0.123125 0.028076923076923076 0.01375
0 0.22009615384615386 0.487125 0.004423076923076923 0.00575
0 0.2214423076923077 0.495 0.004423076923076923 0.006
0 0.1478846153846154 0.463 0.003076923076923077 0.012
0 0.11548076923076923 0.43675 0.004423076923076923 0.0065
0 0.3823076923076923 0.21125 0.01653846153846154 0.018
0 0.10576923076923077 0.428375 0.004230769230769231 0.00575
0 0.09615384615384616 0.42275 0.0034615384615384616 0.0055
0 0.08365384615384615 0.421 0.0034615384615384616 0.0045
0 0.07105769230769231 0.419875 0.003269230769230769 0.00525
0 0.05730769230769231 0.4245 0.003076923076923077 0.005
0 0.043653846153846154 0.42725 0.003076923076923077 0.005
0 0.37653846153846154 0.196375 0.012307692307692308 0.01325
0 0.7931730769230769 0.461125 0.0175 0.02375
0 0.7548076923076923 0.440625 0.01653846153846154 0.01975
0 0.7492307692307693 0.4645 0.015384615384615385 0.011
0 0.5673076923076923 0.56025 0.008076923076923077 0.0115
0 0.7509615384615385 0.703375 0.02846153846153846 0.05175
0 0.5370192307692307 0.2615 0.0075 0.01
0 0.016634615384615383 0.43275 0.003269230769230769 0.005