2 0.40221153846153845 0.22825 0.011346153846153846 0.0135
2 0.28048076923076926 0.3615 0.009038461538461539 0.009
2 0.44 0.25 0.0057692307692307696 0.0075
2 0.4863461538461539 0.18975 0.020384615384615383 0.023
2 0.4645192307692308 0.19275 0.009423076923076923 0.0125
2 0.3996153846153846 0.24875 0.007692307692307693 0.0095
2 0.4003846153846154 0.225375 0.011153846153846153 0.01375
2 0.2783653846153846 0.35725 0.009807692307692307 0.0095
2 0.5213461538461538 0.098 0.007307692307692308 0.0155
2 0.22384615384615383 0.3025 0.007692307692307693 0.0095
2 0.21778846153846154 0.310625 0.007884615384615384 0.00925
2 0.21721153846153846 0.332125 0.010576923076923078 0.01475
2 0.2243269230769231 0.338625 0.006730769230769231 0.00925
2 0.2298076923076923 0.34725 0.006923076923076923 0.01
2 0.21086538461538462 0.317375 0.0055769230769230765 0.01125
2 0.21211538461538462 0.318375 0.005 0.01075
2 0.28 0.358875 0.009230769230769232 0.00925
2 0.27634615384615385 0.35575 0.010384615384615384 0.011
2 0.002980769230769231 0.76125 0.0055769230769230765 0.007
2 0.046057692307692306 0.77525 0.01173076923076923 0.01
2 0.07096153846153846 0.768 0.012307692307692308 0.011
2 0.05875 0.757375 0.010192307692307691 0.01075
2 0.09134615384615384 0.74725 0.011153846153846153 0.01
2 0.12923076923076923 0.699375 0.01 0.01525
2 0.11836538461538462 0.72925 0.009038461538461539 0.011
2 0.13317307692307692 0.718 0.008653846153846154 0.0135
2 0.14961538461538462 0.69825 0.008076923076923077 0.0135
2 0.19259615384615383 0.610625 0.00826923076923077 0.01325
2 0.0475 0.1075 0.004230769230769231 0.0025
2 0.22278846153846155 0.557375 0.0075 0.01225
2 0.26826923076923076 0.491625 0.007307692307692308 0.01375
2 0.2560576923076923 0.50375 0.009038461538461539 0.018
2 0.23682692307692307 0.525875 0.0075 0.01275
2 0.25548076923076923 0.4415 0.007115384615384615 0.011
2 0.24 0.428875 0.010384615384615384 0.01575
2 0.2310576923076923 0.46975 0.0075 0.0155
2 0.22875 0.468875 0.0075 0.01525
2 0.3499038461538462 0.350625 0.010961538461538462 0.01525
2 0.5492307692307692 0.0285 0.008461538461538461 0.012
2 0.5475961538461539 0.026625 0.009038461538461539 0.01375
2 0.5460576923076923 0.022375 0.019807692307692307 0.03025
2 0.5011538461538462 0.22375 0.006538461538461538 0.0075
2 0.696923076923077 0.221625 0.007692307692307693 0.01075
2 0.6893269230769231 0.20975 0.009807692307692307 0.013
2 0.6770192307692308 0.19275 0.00826923076923077 0.011
2 0.67875 0.19125 0.009038461538461539 0.0115
2 0.6733653846153846 0.179625 0.00826923076923077 0.01125
2 0.6716346153846153 0.18125 0.00826923076923077 0.0115
2 0.6698076923076923 0.18275 0.008076923076923077 0.011
2 0.6421153846153846 0.145625 0.009230769230769232 0.00975
2 0.6408653846153847 0.147625 0.009807692307692307 0.01025
2 0.6399038461538461 0.15 0.009038461538461539 0.0095
2 0.6624038461538462 0.159 0.009807692307692307 0.0115
2 0.6602884615384615 0.160875 0.010961538461538462 0.01325
2 0.6588461538461539 0.163 0.008461538461538461 0.01
2 0.6573076923076923 0.165125 0.01 0.01175
2 0.6476923076923077 0.15525 0.005 0.0045
2 0.6472115384615384 0.15675 0.005192307692307692 0.005
2 0.5017307692307692 0.22025 0.006538461538461538 0.0075
