2 0.195875 0.54425 0.00625 0.0135
2 0.20325 0.570375 0.006 0.01125
2 0.216375 0.63575 0.00675 0.0125
2 0.212 0.620375 0.007 0.01275
2 0.212125 0.60525 0.00675 0.014
2 0.209625 0.605375 0.00575 0.01125
2 0.207375 0.60475 0.00425 0.009
2 0.24775 0.79275 0.011 0.0065
2 0.315625 0.763625 0.01725 0.00875
2 0.198875 0.555375 0.00575 0.01125
2 0.099 0.825875 0.0315 0.01075
2 0.1775 0.81275 0.013 0.0085
2 0.145375 0.8385 0.01575 0.011
2 0.111875 0.843 0.01375 0.009
2 0.08 0.87175 0.014 0.011
2 0.042125 0.886375 0.01575 0.01025
2 0.0375 0.829375 0.015 0.00425
2 0.011 0.8445 0.021 0.0155
2 0.8345 0.8 0.014 0.0035
2 0.722125 0.784375 0.01625 0.00725
2 0.83775 0.78975 0.0135 0.0035
2 0.86 0.795125 0.012 0.00375
2 0.881125 0.8035 0.01625 0.0045
2 0.546125 0.728875 0.01025 0.01475
2 0.492375 0.6965 0.01475 0.004
2 0.490875 0.6935 0.01175 0.003
2 0.493375 0.69025 0.01625 0.0045
2 0.5845 0.741875 0.018 0.00775
2 0.577375 0.810375 0.00575 0.01475
2 0.580875 0.813125 0.00575 0.01425
2 0.58625 0.83125 0.007 0.014
2 0.89925 0.794 0.015 0.004
