1 0.43610967408173823 0.030854674483184203 0.006207966890843249 0.007405121875964209
1 0.4292550439730988 0.1754088244369022 0.012674599068804967 0.01573588398642394
1 0.26461458872219346 0.3005245294662141 0.020693222969477496 0.02591792656587473
1 0.3502327987584066 0.3211971613699475 0.01758923952405587 0.02159827213822894
1 0.40532850491464045 0.2761493366244986 0.01965856182100362 0.024683739586547362
1 0.42110708742886704 0.25887071891391544 0.015002586652871184 0.020981178648565257
1 0.43572167615106056 0.2564023449552607 0.010605276771857217 0.014193150262264732
1 0.4507242628039317 0.23218142548596113 0.016813243662700466 0.02005553841406973
1 0.4446456285566477 0.24575748225856217 0.00982928091050181 0.012650416538105523
1 0.45382824624935336 0.21104597346497994 0.023021210553543715 0.025300833076211046
1 0.45382824624935336 0.19268744214748534 0.020434557682359026 0.021906818883060782
1 0.4430936368339369 0.17432891082999075 0.022762545266425245 0.024683739586547362
1 0.4449042938437662 0.05723542116630669 0.022762545266425245 0.023758099352051837
1 0.44865494050698396 0.0792965134217834 0.01784790481117434 0.020981178648565257
1 0.4526642524573202 0.09734649799444615 0.01189860320744956 0.011416229558778156
1 0.5031039834454216 0.3489663684048133 0.01965856182100362 0.02283245911755631
1 0.4694774961200207 0.3062326442456032 0.011381272633212623 0.013267510027769207
1 0.48538541127780654 0.26843566800370255 0.022503879979306775 0.02591792656587473
1 0.491722710812209 0.24760876272755322 0.018623900672529746 0.02005553841406973
1 0.3374288670460424 0.541036717062635 0.018882565959648216 0.0212897253933971