1 0.6537777058728361 0.5861742424242424 0.044976541012781104 0.045454545454545456
1 0.40705387477754407 0.763967803030303 0.04400582430027503 0.04529671717171717
1 0.5411745672221323 0.6737689393939394 0.051124413525319524 0.04955808080808081
1 0.5808121663161301 0.6366792929292929 0.04141724640025886 0.043560606060606064
1 0.6368710564633554 0.6105587121212122 0.03025400420643909 0.03014520202020202
1 0.6613007603947582 0.54135101010101 0.061964083481637275 0.05744949494949495
1 0.6600873645041255 0.5051294191919192 0.04756511891279728 0.04529671717171717
1 0.6587930755541175 0.31376262626262624 0.027180067950169876 0.024936868686868688
1 0.6483578708946772 0.27982954545454547 0.042549749231515936 0.0422979797979798
1 0.6393787413039961 0.2342171717171717 0.052095130237825596 0.047979797979797977
1 0.6180229736288626 0.1806344696969697 0.012942889500080892 0.013099747474747474
1 0.7556220676265977 0.6145044191919192 0.038343310143989645 0.037089646464646464
1 0.7399288141077496 0.6569602272727273 0.05063905516906649 0.04908459595959596
1 0.6162433263226015 0.6336805555555556 0.030092218087688076 0.03188131313131313
1 0.6996440705387478 0.7339804292929293 0.028312570781426953 0.027304292929292928
1 0.6354149813945963 0.47190656565656564 0.05419834978158874 0.052083333333333336
1 0.600469179744378 0.47017045454545453 0.028959715256431 0.028724747474747476
1 0.7834492800517716 0.8188920454545454 0.05355120530658469 0.04971590909090909
1 0.19543763145122148 0.7231691919191919 0.050477269050315486 0.052083333333333336