2 0.5074735312435126 0.8683056478405315 0.01100269877517127 0.005581395348837209
2 0.5812746522731991 0.6974750830564784 0.015362258667220262 0.007308970099667774
2 0.5812746522731991 0.6552823920265781 0.015777454847415405 0.007973421926910298
2 0.5781606809217356 0.6525581395348837 0.015362258667220262 0.007840531561461793
2 0.5912393605978825 0.6462458471760797 0.012455885405854267 0.0063787375415282396
2 0.5675731783267594 0.6458471760797342 0.013286277766244551 0.0106312292358804
0 0.5558438862362466 0.6800664451827243 0.08449242266971144 0.09023255813953489
2 0.6016192651027611 0.72 0.015777454847415405 0.007176079734219269
2 0.5989204899314926 0.7170764119601329 0.014116670126634834 0.007176079734219269
2 0.5935229395889557 0.7106312292358804 0.015362258667220262 0.008903654485049834
2 0.5894747768320532 0.7078405315614618 0.013909072036537264 0.008372093023255815
2 0.586153207390492 0.7045182724252491 0.01141789495536641 0.0054485049833887045
2 0.5787834751920282 0.6936212624584718 0.014947062487025119 0.007840531561461793
0 0.6113763753373469 0.6763455149501661 0.06020344612829562 0.061528239202657806
2 0.5749429105252232 0.6907641196013289 0.014739464396927549 0.009036544850498339
2 0.5721403363089059 0.6873089700996677 0.015362258667220262 0.006910299003322259
2 0.5685073697321985 0.6845847176079735 0.01307867967614698 0.007043189368770764
2 0.5659123936059788 0.6820598006644518 0.013286277766244551 0.0065116279069767444
2 0.5634212165248079 0.6782724252491694 0.014116670126634834 0.0074418604651162795
2 0.5607224413535395 0.6754817275747508 0.013286277766244551 0.007973421926910298
2 0.5581274652273199 0.6728239202657808 0.01141789495536641 0.006644518272425249
2 0.5558438862362466 0.6692358803986711 0.012248287315756695 0.006910299003322259
2 0.5520033215694415 0.6676411960132891 0.012455885405854267 0.007176079734219269
2 0.5501349387585635 0.6629235880398671 0.013286277766244551 0.007574750830564784
2 0.5882291882914678 0.6617940199335548 0.01307867967614698 0.007973421926910298
2 0.5936267386340046 0.6683720930232558 0.014324268216732406 0.007308970099667774
2 0.5954951214448827 0.672093023255814 0.015985052937512977 0.008372093023255815
2 0.5993356861116877 0.6748172757475083 0.014116670126634834 0.007176079734219269
2 0.6418932945816899 0.6985382059800664 0.016192651027610545 0.008106312292358805
2 0.6392983184554702 0.6954817275747508 0.015985052937512977 0.008372093023255815
2 0.635561552833714 0.6918936877076411 0.015569856757317833 0.008106312292358805
2 0.6325513805272992 0.6882392026578074 0.015362258667220262 0.009302325581395349
2 0.6290222129956404 0.6841196013289037 0.014116670126634834 0.00823920265780731
2 0.625804442599128 0.6812624584717608 0.013909072036537264 0.008372093023255815
2 0.6189537056259082 0.673953488372093 0.015569856757317833 0.009169435215946844
2 0.6159435333194935 0.6710299003322259 0.012871081586049408 0.007308970099667774
2 0.6134523562383226 0.6675747508305648 0.015362258667220262 0.008106312292358805
2 0.604110442183932 0.6588704318936877 0.012871081586049408 0.0074418604651162795
2 0.6020344612829562 0.6548837209302325 0.014116670126634834 0.00850498338870432
2 0.6317209881669089 0.7083056478405315 0.012040689225659124 0.0074418604651162795
2 0.6289184139505917 0.7061794019933555 0.012248287315756695 0.006644518272425249
2 0.6260120406892257 0.7035215946843854 0.013909072036537264 0.007707641196013289
2 0.6231056674278597 0.699734219269103 0.01307867967614698 0.007308970099667774
2 0.6207182893917376 0.6968106312292359 0.014116670126634834 0.006777408637873754
2 0.6164625285447374 0.6943521594684385 0.015569856757317833 0.007707641196013289
2 0.6138675524185178 0.6911627906976744 0.013701473946439693 0.007707641196013289
2 0.6122067676977372 0.6879734219269102 0.012871081586049408 0.005847176079734219
2 0.6089889973012248 0.684717607973422 0.01307867967614698 0.007043189368770764
2 0.6017230641478098 0.6781395348837209 0.015569856757317833 0.007707641196013289
2 0.5453601826863193 0.6583388704318937 0.012040689225659124 0.0063787375415282396
2 0.5414158189744654 0.6552823920265781 0.011625493045463982 0.006644518272425249
2 0.5393398380734897 0.6525581395348837 0.012040689225659124 0.007043189368770764
2 0.5211750051899523 0.6522923588039867 0.011833091135561552 0.007308970099667774
2 0.511625493045464 0.6422591362126245 0.011833091135561552 0.006644518272425249
0 0.59144695868798 0.8065116279069767 0.023666182271123104 0.02152823920265781
0 0.617604318040274 0.8318936877076412 0.034461282956196805 0.03189368770764119
2 0.611791571517542 0.8356810631229236 0.011210296865268839 0.0054485049833887045
2 0.6135561552833714 0.839202657807309 0.01515466057712269 0.00823920265780731
2 0.6175005189952253 0.8419933554817276 0.012248287315756695 0.006910299003322259
2 0.6196802989412498 0.846843853820598 0.014116670126634834 0.008372093023255815
2 0.6383641270500311 0.837873754152824 0.019929416649366826 0.010099667774086378
2 0.6307867967614698 0.834750830564784 0.013493875856342121 0.006777408637873754
2 0.627776624455055 0.8312292358803987 0.012871081586049408 0.007176079734219269
2 0.6189537056259082 0.8226578073089701 0.016400249117708116 0.009169435215946844
2 0.6139713514635665 0.8190697674418604 0.016400249117708116 0.008903654485049834
2 0.610857380112103 0.8154152823920265 0.01515466057712269 0.007973421926910298
2 0.6084700020759809 0.812624584717608 0.015362258667220262 0.007973421926910298
2 0.6044218393190782 0.8097009966777409 0.014739464396927549 0.00850498338870432
2 0.6020344612829562 0.8063787375415282 0.016192651027610545 0.00877076411960133
2 0.5996470832468341 0.8027906976744186 0.016400249117708116 0.009302325581395349
2 0.5936267386340046 0.8012624584717608 0.01141789495536641 0.0065116279069767444
2 0.5989204899314926 0.7927574750830565 0.009134315964293128 0.007840531561461793
2 0.5953913223998339 0.7940863787375415 0.009134315964293128 0.007308970099667774
2 0.5913431596429313 0.7962126245847176 0.0093419140543907 0.007308970099667774
2 0.5128710815860494 0.6451162790697674 0.01307867967614698 0.007043189368770764
2 0.5243927755864646 0.6546179401993355 0.010379904504878554 0.005847176079734219
2 0.5367448619472701 0.6494352159468438 0.01307867967614698 0.006644518272425249
2 0.5261573593522939 0.6580066445182724 0.011833091135561552 0.0065116279069767444
2 0.5337346896408554 0.6460465116279069 0.012455885405854267 0.007308970099667774
2 0.5242889765414158 0.6381395348837209 0.010172306414780985 0.005847176079734219
2 0.523250986090928 0.6348172757475083 0.013909072036537264 0.007176079734219269
2 0.581793647498443 0.7215282392026579 0.016400249117708116 0.008903654485049834
2 0.578887274237077 0.718405315614618 0.01681544529790326 0.009036544850498339
2 0.575980900975711 0.7146843853820598 0.01515466057712269 0.007973421926910298
2 0.5728669296242475 0.7110299003322259 0.015985052937512977 0.008106312292358805
2 0.5695453601826863 0.7077076411960133 0.015569856757317833 0.008106312292358805
2 0.5660161926510276 0.7044518272425249 0.01515466057712269 0.00850498338870432
2 0.5637326136599543 0.7007308970099668 0.01515466057712269 0.009302325581395349
2 0.5604110442183932 0.6974086378737542 0.016400249117708116 0.007707641196013289
2 0.5574008719119784 0.6941528239202658 0.01702304338800083 0.009169435215946844
2 0.5550134938758563 0.6910963455149501 0.013909072036537264 0.006777408637873754
2 0.548889350217978 0.684983388704319 0.015362258667220262 0.007574750830564784
2 0.5471247664521487 0.6813953488372093 0.013493875856342121 0.006777408637873754
2 0.545048785551173 0.6782724252491694 0.012248287315756695 0.0074418604651162795
2 0.539236039028441 0.6722923588039867 0.01100269877517127 0.006910299003322259
2 0.5367448619472701 0.6692358803986711 0.010587502594976126 0.0063787375415282396
2 0.5340460867760016 0.6666445182724252 0.01141789495536641 0.006245847176079734
2 0.5309321154245381 0.6635215946843854 0.012248287315756695 0.006644518272425249
2 0.5286485364334648 0.660531561461794 0.011833091135561552 0.006777408637873754
2 0.6439692754826656 0.7023920265780731 0.014947062487025119 0.007840531561461793
2 0.6011002698775171 0.7536212624584717 0.012248287315756695 0.009833887043189368
2 0.5926925472285655 0.8157475083056478 0.010795100685073698 0.006245847176079734
0 0.7127880423500104 0.7774086378737541 0.048370354992734066 0.044916943521594685
2 0.8254100062279427 0.7516943521594684 0.006643138883122276 0.010232558139534883
2 0.8208428482457961 0.752093023255814 0.005812746522731991 0.008637873754152824
2 0.8164832883537472 0.7528239202657807 0.005397550342536849 0.009302325581395349
2 0.8083869628399418 0.7564119601328904 0.007058335063317417 0.00850498338870432
2 0.8404608677600166 0.7617275747508305 0.01141789495536641 0.0037209302325581397
2 0.8375544944986506 0.7565448504983389 0.01100269877517127 0.006112956810631229
2 0.8386962839941873 0.753156146179402 0.012871081586049408 0.006777408637873754
2 0.8310151546605771 0.7487043189368771 0.005397550342536849 0.007973421926910298
2 0.7117500518995226 0.7844518272425249 0.01515466057712269 0.012757475083056479
0 0.6917168362051069 0.8015282392026578 0.06310981938966162 0.02750830564784053
2 0.6140751505086153 0.7478405315614618 0.012455885405854267 0.010232558139534883
2 0.7227527506746938 0.7827906976744186 0.008511521694000415 0.006777408637873754
2 0.6974257836827901 0.7881727574750831 0.019721818559269255 0.015681063122923587
2 0.6834129126012041 0.7940863787375415 0.019514220469171683 0.015548172757475083
2 0.6789495536641063 0.7978737541528239 0.01515466057712269 0.012491694352159468
2 0.6651442806726178 0.8026578073089701 0.014116670126634834 0.012491694352159468
2 0.6578783475192028 0.80578073089701 0.014531866306829977 0.012358803986710963
2 0.7082208843678638 0.8023920265780731 0.01307867967614698 0.01036544850498339
2 0.7022005397550343 0.804717607973422 0.01307867967614698 0.010764119601328904
2 0.6972181855926926 0.8071760797342192 0.013493875856342121 0.009833887043189368
2 0.6732406061864231 0.8152159468438538 0.008303923603902844 0.008106312292358805
2 0.6672202615735935 0.8176079734219269 0.00954951214448827 0.007043189368770764
0 0.6780153622586672 0.759202657807309 0.09798629852605356 0.04066445182724252
2 0.721195764998962 0.7499003322259136 0.012455885405854267 0.00823920265780731
2 0.6732406061864231 0.7100332225913621 0.012455885405854267 0.00877076411960133
2 0.6608885198256176 0.7160132890365448 0.01100269877517127 0.00823920265780731
2 0.6558023666182271 0.717607973421927 0.010379904504878554 0.007973421926910298
2 0.6504048162756902 0.719734219269103 0.011210296865268839 0.009302325581395349
2 0.6376375337346897 0.7247176079734219 0.011833091135561552 0.009169435215946844
2 0.6327589786173967 0.7269102990033223 0.011625493045463982 0.009036544850498339
2 0.6279842225451526 0.728970099667774 0.010379904504878554 0.008637873754152824
2 0.6232094664729084 0.7308970099667774 0.010379904504878554 0.00823920265780731
2 0.6186423084907618 0.733421926910299 0.008719119784097987 0.007973421926910298
2 0.6130371600581275 0.7346179401993356 0.012871081586049408 0.009833887043189368
2 0.6086776001660785 0.7371428571428571 0.010795100685073698 0.00850498338870432
2 0.6029686526883953 0.738936877076412 0.010172306414780985 0.008106312292358805
2 0.6825825202408138 0.7196677740863787 0.013286277766244551 0.009966777408637873
2 0.6755241851774964 0.7223920265780731 0.013701473946439693 0.010897009966777409
2 0.6700228357899107 0.7251162790697674 0.01307867967614698 0.010232558139534883
2 0.6645214864023251 0.7274418604651163 0.013701473946439693 0.010897009966777409
2 0.6573593522939589 0.7302325581395349 0.014324268216732406 0.010897009966777409
2 0.650508615320739 0.7325581395348837 0.012663483495951837 0.010498338870431894
2 0.6450072659331534 0.7353488372093023 0.013286277766244551 0.010764119601328904
2 0.6328627776624455 0.7409966777408638 0.013909072036537264 0.011162790697674419
2 0.626323437824372 0.7436544850498339 0.014531866306829977 0.010099667774086378
2 0.619057504670957 0.7453820598006644 0.011625493045463982 0.01036544850498339
2 0.6671164625285447 0.7130232558139535 0.01141789495536641 0.008106312292358805
0 0.6376375337346897 0.7307641196013289 0.08988997301224828 0.038272425249169434
2 0.715902013701474 0.7522259136212625 0.01307867967614698 0.009700996677740863
2 0.6339007681129334 0.7847840531561462 0.011833091135561552 0.009966777408637873
2 0.7106082624039859 0.7540863787375415 0.013701473946439693 0.010232558139534883
2 0.7045879177911564 0.7560132890365449 0.013286277766244551 0.009833887043189368
2 0.6999169607639609 0.7578073089700996 0.012663483495951837 0.009169435215946844
2 0.7115424538094249 0.7374086378737541 0.017230641478098403 0.0106312292358804
2 0.7044841187461075 0.7405980066445182 0.017645837658293542 0.011162790697674419
2 0.6928586257006436 0.7455149501661129 0.015985052937512977 0.009833887043189368
2 0.6844509030516919 0.7477076411960133 0.0186838281087814 0.011295681063122924
2 0.6776001660784721 0.7506976744186047 0.017853435748391114 0.009568106312292358
2 0.6673240606186424 0.7559468438538206 0.01515466057712269 0.009435215946843854
2 0.6550757733028856 0.7609302325581395 0.015569856757317833 0.009302325581395349
2 0.6483288353747145 0.7631229235880399 0.014531866306829977 0.008903654485049834
2 0.6404401079510068 0.7655813953488372 0.017853435748391114 0.0106312292358804
2 0.6300602034461283 0.7708970099667775 0.017438239568195974 0.0106312292358804
2 0.6901598505293751 0.7619269102990033 0.012663483495951837 0.009700996677740863
2 0.679572347934399 0.7661129568106312 0.013909072036537264 0.009833887043189368
2 0.6744861947270085 0.7687043189368771 0.014116670126634834 0.010498338870431894
2 0.6648328835374715 0.7726910299003322 0.014324268216732406 0.010764119601328904
2 0.6591239360597883 0.774750830564784 0.014947062487025119 0.010897009966777409
2 0.6496782229603487 0.7788704318936877 0.013493875856342121 0.010897009966777409
2 0.6438654764376168 0.780797342192691 0.013493875856342121 0.010764119601328904
2 0.6388831222752751 0.7821926910299003 0.01307867967614698 0.009036544850498339
2 0.5870873987959311 0.7978073089700997 0.008719119784097987 0.0065116279069767444
2 0.5902013701473946 0.813421926910299 0.011210296865268839 0.006644518272425249
2 0.4255760847000208 0.6302990033222592 0.011625493045463982 0.0045182724252491695
2 0.42256591239360597 0.6556146179401994 0.010172306414780985 0.004916943521594684
2 0.3881046294374092 0.6621926910299003 0.0093419140543907 0.007707641196013289
2 0.39246418932945815 0.6601993355481728 0.01100269877517127 0.0074418604651162795
2 0.39682374922150715 0.6578073089700996 0.01141789495536641 0.007707641196013289
2 0.38239568195972595 0.6330232558139535 0.012455885405854267 0.007308970099667774
2 0.3791779115632136 0.6307641196013289 0.01100269877517127 0.005980066445182724
2 0.378036122067677 0.6282392026578073 0.009964708324683413 0.0054485049833887045
2 0.37461075358106705 0.6259136212624584 0.009757110234585841 0.006112956810631229
2 0.42401909902428897 0.6356810631229236 0.0093419140543907 0.004916943521594684
2 0.42111272576292297 0.6316943521594685 0.011833091135561552 0.005182724252491695
2 0.4290014531866307 0.6291029900332226 0.011833091135561552 0.006644518272425249
2 0.4703134731160473 0.7251827242524916 0.013909072036537264 0.005847176079734219
2 0.43356861116877726 0.627375415282392 0.011833091135561552 0.007707641196013289
2 0.43699397965538717 0.626312292358804 0.010379904504878554 0.006910299003322259
2 0.4390699605563629 0.6233222591362126 0.011210296865268839 0.006777408637873754
2 0.3973427444467511 0.6295016611295681 0.006643138883122276 0.006644518272425249
2 0.40066431388831225 0.6282392026578073 0.0049823541623417065 0.006245847176079734
2 0.40408968237492215 0.626578073089701 0.005189952252439277 0.006644518272425249
2 0.3958895578160681 0.6235880398671096 0.010795100685073698 0.0035880398671096344
2 0.40004151961801954 0.6211295681063123 0.011210296865268839 0.004784053156146179
2 0.40471247664521487 0.6190697674418605 0.008926717874195557 0.004119601328903655
2 0.4088644384471663 0.6175415282392026 0.008511521694000415 0.006112956810631229
2 0.42827485987128916 0.6421926910299003 0.008719119784097987 0.006777408637873754
2 0.4245380942495329 0.6437873754152824 0.009134315964293128 0.006777408637873754
2 0.4593107743408761 0.661594684385382 0.013493875856342121 0.007840531561461793
2 0.46813369317002285 0.717873754152824 0.014531866306829977 0.0053156146179402
2 0.4654349179987544 0.7142857142857143 0.011210296865268839 0.0045182724252491695
2 0.5452563836412705 0.7532225913621262 0.015569856757317833 0.00823920265780731
2 0.5397550342536849 0.7495681063122923 0.017438239568195974 0.010232558139534883
2 0.5290637326136599 0.7372093023255814 0.017230641478098403 0.008106312292358805
2 0.5255345650820012 0.7323588039867109 0.016400249117708116 0.00877076411960133
2 0.5212788042350011 0.72843853820598 0.014947062487025119 0.008106312292358805
2 0.5134938758563421 0.7200664451827242 0.017645837658293542 0.008372093023255815
2 0.5099647083246834 0.7159468438538206 0.017645837658293542 0.009966777408637873
2 0.5066431388831223 0.7120265780730897 0.015985052937512977 0.00823920265780731
2 0.5010379904504878 0.7051162790697675 0.014324268216732406 0.007176079734219269
2 0.4942910525223168 0.6964784053156147 0.010379904504878554 0.005049833887043189
2 0.49263026780153624 0.6940863787375415 0.010379904504878554 0.004784053156146179
2 0.4867137222337555 0.6922923588039868 0.016400249117708116 0.008106312292358805
2 0.48546813369317005 0.6877076411960132 0.01141789495536641 0.006644518272425249
2 0.48162756902636494 0.6848504983388705 0.013286277766244551 0.007574750830564784
2 0.4786173967199502 0.6804651162790698 0.012663483495951837 0.007574750830564784
2 0.47249325306207185 0.6741528239202658 0.010795100685073698 0.006112956810631229
2 0.4693792817106083 0.6712292358803986 0.011625493045463982 0.006112956810631229
2 0.4668881046294374 0.6679734219269103 0.010795100685073698 0.006245847176079734
2 0.46429312850321774 0.6644518272425249 0.012248287315756695 0.0063787375415282396
2 0.41156321361843473 0.6158139534883721 0.010172306414780985 0.004784053156146179
2 0.41498858210504463 0.6142192691029901 0.010379904504878554 0.004784053156146179
2 0.4186215486817521 0.5983388704318937 0.0093419140543907 0.006777408637873754
2 0.6165663275897861 0.9124916943521595 0.039028440938343366 0.017674418604651163
2 0.40616566327589787 0.6047840531561461 0.009757110234585841 0.005581395348837209
2 0.4315964293128503 0.5923588039867109 0.012040689225659124 0.009169435215946844
2 0.4044010795100685 0.6065116279069768 0.010379904504878554 0.0053156146179402
2 0.39838073489723896 0.60843853820598 0.011210296865268839 0.005714285714285714
2 0.39537056259082415 0.6104318936877077 0.008926717874195557 0.006245847176079734
2 0.38239568195972595 0.6112956810631229 0.009964708324683413 0.0063787375415282396
2 0.3877932323022628 0.6153488372093023 0.007058335063317417 0.0065116279069767444
2 0.3842640647706041 0.6164784053156146 0.007058335063317417 0.006910299003322259
2 0.4074112518164833 0.6253156146179402 0.003944363711853851 0.006245847176079734
2 0.41125181648328835 0.6236544850498339 0.0037367656217562797 0.006112956810631229
2 0.4188291467718497 0.6196677740863787 0.003944363711853851 0.0063787375415282396
2 0.41965953913223997 0.6129568106312292 0.0093419140543907 0.0054485049833887045
2 0.4236039028440938 0.6190697674418605 0.005189952252439277 0.007043189368770764
2 0.42713307037575254 0.6146843853820598 0.0093419140543907 0.009169435215946844
2 0.42194311812331325 0.6052491694352159 0.012663483495951837 0.007043189368770764
2 0.46356653518787627 0.5952823920265781 0.012455885405854267 0.009435215946843854
2 0.45858418102553455 0.5980066445182725 0.009134315964293128 0.0074418604651162795
2 0.45287523354785136 0.6003322259136212 0.01100269877517127 0.008106312292358805
2 0.43792817106082627 0.5908305647840532 0.008096325513805272 0.006910299003322259
2 0.44363711853850946 0.58843853820598 0.009964708324683413 0.00850498338870432
2 0.4523562383226074 0.5853820598006645 0.011210296865268839 0.009302325581395349
2 0.4414573385924849 0.5799335548172757 0.008926717874195557 0.0074418604651162795
2 0.432219223583143 0.5817275747508306 0.00954951214448827 0.010232558139534883
2 0.46875648744031556 0.7219269102990034 0.012455885405854267 0.005182724252491695
2 0.47104006643138885 0.7293023255813953 0.011625493045463982 0.00425249169435216
2 0.5865684035706872 0.8108970099667774 0.012248287315756695 0.007176079734219269
2 0.5316587087398796 0.8373421926910299 0.013701473946439693 0.007707641196013289
2 0.5809632551380527 0.8306976744186046 0.01141789495536641 0.00877076411960133
2 0.5761884990658086 0.8328239202657808 0.01307867967614698 0.01036544850498339
2 0.5732821258044426 0.8368770764119602 0.013909072036537264 0.012093023255813953
2 0.5659123936059788 0.8384717607973422 0.014116670126634834 0.009966777408637873
2 0.5630060203446128 0.8421262458471761 0.012040689225659124 0.0106312292358804
2 0.5611376375337347 0.8477740863787375 0.010379904504878554 0.008106312292358805
2 0.5579198671372223 0.8502325581395349 0.012248287315756695 0.009568106312292358
2 0.553248910110027 0.8515614617940199 0.009134315964293128 0.007707641196013289
2 0.5497197425783683 0.8535548172757476 0.010795100685073698 0.009036544850498339
2 0.5349802781814408 0.8405980066445182 0.012455885405854267 0.007308970099667774
2 0.5284409383433673 0.8350830564784053 0.01141789495536641 0.006112956810631229
2 0.4748806310981939 0.7370764119601328 0.011833091135561552 0.005182724252491695
2 0.5261573593522939 0.8325581395348837 0.012248287315756695 0.007973421926910298
2 0.519825617604318 0.8277076411960133 0.010795100685073698 0.006245847176079734
2 0.5177496367033423 0.8254485049833887 0.009964708324683413 0.005980066445182724
2 0.5123520863608054 0.8248504983388705 0.006643138883122276 0.004784053156146179
0 0.4664729084492423 0.7377408637873755 0.04110442183931908 0.08943521594684385
0 0.5119368901806104 0.7061794019933555 0.09632551380527299 0.1012624584717608
2 0.5604110442183932 0.7471760797342193 0.014324268216732406 0.008106312292358805
2 0.5574008719119784 0.7425913621262459 0.015362258667220262 0.009036544850498339
2 0.5539755034253685 0.7390697674418605 0.014739464396927549 0.008637873754152824
2 0.5499273406684658 0.7354817275747508 0.014531866306829977 0.008637873754152824
2 0.5841810255345651 0.8283056478405315 0.010379904504878554 0.007707641196013289
2 0.5886443844716629 0.8267774086378737 0.01100269877517127 0.009435215946843854
2 0.5935229395889557 0.8249169435215947 0.011210296865268839 0.009169435215946844
2 0.5974673033008097 0.8229900332225913 0.011210296865268839 0.00877076411960133
2 0.5841810255345651 0.8078405315614617 0.011210296865268839 0.007176079734219269
2 0.5809632551380527 0.8053156146179402 0.01141789495536641 0.007176079734219269
2 0.5798214656425161 0.8027242524916943 0.008719119784097987 0.0054485049833887045
2 0.5758771019306622 0.8007308970099668 0.012455885405854267 0.007043189368770764
0 0.5563628814614906 0.8221262458471761 0.019929416649366826 0.020863787375415284
2 0.5694415611376376 0.8259800664451827 0.012871081586049408 0.007308970099667774
2 0.5672617811916131 0.8235215946843853 0.012663483495951837 0.006910299003322259
2 0.5636288146149055 0.8204651162790698 0.012040689225659124 0.006112956810631229
2 0.5612414365787834 0.8185382059800664 0.010587502594976126 0.0054485049833887045
2 0.5584388623624663 0.8156146179401993 0.012040689225659124 0.005980066445182724
2 0.5564666805065394 0.8127574750830565 0.012248287315756695 0.006644518272425249
2 0.5542869005605149 0.8100996677740864 0.011210296865268839 0.0063787375415282396
2 0.5571932738218809 0.8312292358803987 0.010795100685073698 0.006644518272425249
2 0.5553248910110027 0.8285049833887043 0.010379904504878554 0.006245847176079734
2 0.5527299148847831 0.8259136212624585 0.010587502594976126 0.0063787375415282396
2 0.5501349387585635 0.8235215946843853 0.010795100685073698 0.0063787375415282396
2 0.5475399626323438 0.8206644518272426 0.009757110234585841 0.005182724252491695
2 0.5443221922358314 0.8184053156146179 0.012871081586049408 0.007043189368770764
2 0.5423500103799045 0.8153488372093023 0.010587502594976126 0.005714285714285714
2 0.5446335893709778 0.8100332225913621 0.010587502594976126 0.006245847176079734
2 0.6027610545982977 0.8217940199335548 0.010587502594976126 0.00877076411960133
2 0.5462943740917584 0.7320265780730897 0.013493875856342121 0.008372093023255815
2 0.5429728046501973 0.7275747508305648 0.016400249117708116 0.00823920265780731
2 0.5391322399833921 0.7239867109634551 0.014116670126634834 0.007707641196013289
2 0.5451525845962217 0.7937541528239203 0.008303923603902844 0.007176079734219269
2 0.5536641062902221 0.7903654485049834 0.008719119784097987 0.007308970099667774
2 0.5575046709570272 0.7885714285714286 0.010587502594976126 0.00850498338870432
2 0.5616566327589786 0.7859136212624585 0.009757110234585841 0.0074418604651162795
2 0.5695453601826863 0.7824584717607973 0.008926717874195557 0.006910299003322259
2 0.5748391114801744 0.7813953488372093 0.010379904504878554 0.00823920265780731
2 0.5778492837865892 0.7784053156146179 0.006850736973219846 0.0054485049833887045
2 0.5666389869213203 0.770764119601329 0.014324268216732406 0.011694352159468438
2 0.5616566327589786 0.7733554817275747 0.012248287315756695 0.009435215946843854
2 0.5562590824164417 0.7759468438538206 0.01100269877517127 0.00877076411960133
2 0.5518995225243928 0.7780066445182724 0.013493875856342121 0.010498338870431894
2 0.5465019721818559 0.7801328903654485 0.011833091135561552 0.009169435215946844
2 0.5406892256591239 0.7825913621262458 0.010587502594976126 0.009036544850498339
2 0.5358106705418311 0.7850498338870432 0.009964708324683413 0.008637873754152824
2 0.5307245173344405 0.7867774086378737 0.01141789495536641 0.011029900332225914
2 0.5252231679468549 0.7892358803986711 0.010379904504878554 0.009302325581395349
2 0.5127672825410006 0.793953488372093 0.012040689225659124 0.010232558139534883
2 0.507784928378659 0.7957475083056479 0.010379904504878554 0.009302325581395349
2 0.500934191405439 0.7964119601328904 0.015362258667220262 0.013820598006644518
2 0.48744031554909695 0.7655149501661129 0.013286277766244551 0.0054485049833887045
2 0.4775794062694623 0.7467109634551495 0.01141789495536641 0.004784053156146179
2 0.4756072244135354 0.7413953488372093 0.010795100685073698 0.004784053156146179
2 0.5493045463981732 0.7925581395348837 0.009134315964293128 0.00823920265780731
2 0.5408968237492215 0.7954152823920265 0.010587502594976126 0.008637873754152824
2 0.5357068714967822 0.7203322259136212 0.013909072036537264 0.008903654485049834
2 0.5366410629022212 0.7967441860465116 0.008719119784097987 0.007574750830564784
2 0.5288561345235624 0.7123588039867109 0.015569856757317833 0.009169435215946844
2 0.5254307660369525 0.7085714285714285 0.014947062487025119 0.007973421926910298
2 0.5208636080548059 0.7055813953488372 0.011625493045463982 0.006777408637873754
2 0.5180610338384887 0.7016611295681063 0.01515466057712269 0.0074418604651162795
2 0.5146356653518788 0.6968106312292359 0.016192651027610545 0.008372093023255815
2 0.5107951006850737 0.6930897009966778 0.013909072036537264 0.007840531561461793
2 0.5041519618019514 0.687375415282392 0.013909072036537264 0.008106312292358805
2 0.500934191405439 0.6842524916943522 0.014116670126634834 0.0074418604651162795
2 0.49761262196387795 0.6813953488372093 0.012455885405854267 0.0065116279069767444
2 0.4925264687564874 0.6753488372093023 0.013909072036537264 0.0074418604651162795
2 0.4889973012248287 0.6727574750830565 0.012248287315756695 0.0065116279069767444
2 0.48775171268424333 0.6693023255813954 0.013909072036537264 0.006777408637873754
2 0.4791363919451941 0.660265780730897 0.013701473946439693 0.007308970099667774
2 0.48162756902636494 0.6635880398671097 0.013701473946439693 0.007840531561461793
0 0.5350840772264895 0.79156146179402 0.09238115009341914 0.03946843853820598
2 0.5095495121444883 0.8077740863787375 0.008511521694000415 0.007840531561461793
2 0.5139090720365372 0.8067109634551495 0.0093419140543907 0.008106312292358805
2 0.5171268424330496 0.8045847176079735 0.008719119784097987 0.007308970099667774
2 0.5212788042350011 0.8031229235880398 0.008303923603902844 0.007043189368770764
2 0.5254307660369525 0.8016611295681063 0.00954951214448827 0.007043189368770764
2 0.5331118953705626 0.7984717607973422 0.008719119784097987 0.006777408637873754
2 0.47249325306207185 0.6133554817275747 0.005397550342536849 0.0033222591362126247
2 0.41696076396097154 0.6487043189368771 0.007265933153414989 0.005182724252491695
2 0.4168569649159228 0.63421926910299 0.00954951214448827 0.0030564784053156145
2 0.41187461075358106 0.6373421926910299 0.010379904504878554 0.005049833887043189
2 0.40979862985260535 0.6390033222591363 0.010795100685073698 0.004916943521594684
2 0.3642308490761885 0.6330897009966777 0.008511521694000415 0.0053156146179402
2 0.3612206767697737 0.6358139534883721 0.006227942702927133 0.004916943521594684
2 0.3574839111480174 0.6377408637873754 0.00954951214448827 0.006112956810631229
2 0.3728461698152377 0.6454485049833887 0.012040689225659124 0.007707641196013289
2 0.3806310981938966 0.6435880398671097 0.008096325513805272 0.005847176079734219
2 0.3857172514012871 0.6429900332225914 0.007888727423707702 0.006777408637873754
2 0.49231887066638985 0.5811295681063123 0.0043595598920489935 0.0031893687707641198
2 0.494187253477268 0.5570099667774087 0.005189952252439277 0.0038538205980066446
2 0.49169607639609714 0.5574750830564784 0.0056051484326344195 0.0034551495016611295
2 0.48878970313473113 0.5583388704318937 0.003944363711853851 0.0033222591362126247
2 0.4856757317832676 0.5601328903654486 0.004774756072244135 0.003986710963455149
2 0.4827693585219016 0.5611295681063123 0.004774756072244135 0.0033222591362126247
2 0.4792401909902429 0.5621262458471761 0.0043595598920489935 0.0037209302325581397
2 0.47654141581897447 0.5631229235880398 0.006020344612829562 0.004916943521594684
2 0.47187045879177913 0.5635215946843853 0.005812746522731991 0.004119601328903655
2 0.4662653103591447 0.56578073089701 0.005397550342536849 0.004119601328903655
2 0.4645007265933153 0.567641196013289 0.004774756072244135 0.0035880398671096344
2 0.48827070790948723 0.5813289036544851 0.005397550342536849 0.0030564784053156145
2 0.4829769566119992 0.5831893687707641 0.005189952252439277 0.0033222591362126247
2 0.4858833298733652 0.5847840531561462 0.003944363711853851 0.0035880398671096344
2 0.47218185592692546 0.5874418604651163 0.006850736973219846 0.004385382059800665
2 0.47363504255760847 0.5905647840531562 0.007265933153414989 0.003986710963455149
2 0.4757110234585842 0.5926910299003322 0.008096325513805272 0.0037209302325581397
2 0.47674901390907204 0.5945514950166113 0.007681129333610131 0.003986710963455149
2 0.471455262611584 0.5995348837209302 0.006227942702927133 0.0035880398671096344
2 0.47301224828731575 0.6009966777408637 0.007265933153414989 0.0035880398671096344
2 0.4553664106290222 0.699202657807309 0.008096325513805272 0.0033222591362126247
2 0.45630060203446127 0.7016611295681063 0.008719119784097987 0.0034551495016611295
2 0.4964708324683413 0.5556146179401993 0.005189952252439277 0.0037209302325581397
2 0.5002075980900975 0.5537541528239203 0.0043595598920489935 0.0037209302325581397
2 0.5030101723064148 0.5535548172757475 0.004567157982146564 0.0035880398671096344
2 0.5044633589370978 0.5525581395348838 0.0049823541623417065 0.0034551495016611295
2 0.4705210712061449 0.6122259136212624 0.006020344612829562 0.0037209302325581397
2 0.468548889350218 0.6106976744186047 0.005397550342536849 0.0038538205980066446
2 0.4776832053145111 0.6166112956810631 0.005397550342536849 0.0026578073089701
2 0.47010587502594975 0.6180066445182725 0.005189952252439277 0.0027906976744186047
2 0.4719742578368279 0.6194019933554817 0.0043595598920489935 0.0029235880398671096
2 0.46097155906165665 0.6144186046511628 0.005189952252439277 0.0027906976744186047
2 0.46242474569233966 0.6154152823920266 0.005189952252439277 0.0026578073089701
2 0.46356653518787627 0.6168106312292359 0.0049823541623417065 0.0025249169435215945
2 0.46491592277351046 0.6180730897009967 0.0043595598920489935 0.00212624584717608
2 0.465642516088852 0.6190697674418605 0.004567157982146564 0.0022591362126245847
2 0.467095702719535 0.6206644518272425 0.0049823541623417065 0.0027906976744186047
2 0.4684450903051692 0.6217940199335548 0.004774756072244135 0.0029235880398671096
2 0.46958687980070585 0.6226578073089701 0.004151961801951422 0.0027906976744186047
2 0.4713514635665352 0.6237873754152824 0.003944363711853851 0.0026578073089701
2 0.4722856549719743 0.6245847176079734 0.0037367656217562797 0.0026578073089701
2 0.47249325306207185 0.6259136212624584 0.0037367656217562797 0.0023920265780730896
2 0.45796138675524184 0.6179401993355482 0.005397550342536849 0.0029235880398671096
2 0.4593107743408761 0.6194019933554817 0.004774756072244135 0.0029235880398671096
2 0.510691301640025 0.5562790697674419 0.0049823541623417065 0.0031893687707641198
2 0.5123520863608054 0.5504318936877076 0.005397550342536849 0.00425249169435216
2 0.510691301640025 0.5522259136212625 0.005397550342536849 0.0038538205980066446
2 0.4582727838903882 0.7046511627906977 0.008926717874195557 0.004119601328903655
2 0.4581689848453394 0.7071760797342193 0.007473531243512559 0.004385382059800665
2 0.4602449657463151 0.7109634551495017 0.008303923603902844 0.0053156146179402
2 0.5480589578575877 0.8362790697674418 0.013286277766244551 0.007176079734219269
0 0.8258252024081378 0.5497674418604651 0.2752750674693793 0.16106312292358804
2 0.42277351048370354 0.6459136212624584 0.008096325513805272 0.006245847176079734
2 0.4203861324475815 0.6475083056478406 0.007888727423707702 0.005714285714285714
2 0.6479136391945194 0.9029900332225914 0.017438239568195974 0.009302325581395349
