2 0.24883488681757657 0.09829833454018827 0.014314247669773635 0.022085445329471397
2 0.568242343541944 0.8614228819695873 0.011984021304926764 0.010318609703113686
2 0.47153794940079896 0.7630340333091963 0.010319573901464714 0.00941346850108617
2 0.5484354194407457 0.44134685010861696 0.012982689747003996 0.015930485155684286
2 0.31424766977363516 0.06091600289645185 0.02230359520639148 0.030955829109341058
2 0.33097536617842876 0.030684286748732803 0.017143808255659122 0.02552498189717596
2 0.3259820239680426 0.02706372194062274 0.017143808255659122 0.02371469949312093
2 0.28836551264980026 0.025162925416364952 0.007822902796271639 0.011223750905141203
2 0.2867010652463382 0.02045619116582187 0.01215046604527297 0.017378711078928313
2 0.28320572569906793 0.017831281679942072 0.01015312916111851 0.01502534395365677
2 0.2827896138482024 0.04679580014482259 0.017643142476697737 0.02624909485879797
2 0.2769640479360852 0.04408037653874004 0.019973368841544607 0.028059377262853007
2 0.27088881491344874 0.04036929761042723 0.021138482023968043 0.03005068790731354
2 0.26473035952063917 0.037563359884141924 0.018142476697736352 0.02661115133960898
2 0.2732190412782956 0.07919985517740767 0.021138482023968043 0.029145546705286025
2 0.2667276964047936 0.07702751629254163 0.022137150466045273 0.028783490224475017
2 0.2628162450066578 0.07250181028240406 0.018308921438082555 0.02661115133960898
2 0.2665612516644474 0.05865314989138305 0.0068242343541944075 0.010137581462708182
2 0.25615845539280957 0.06888124547429399 0.021970705725699067 0.03204199855177408
2 0.5775632490013316 0.8681209268645909 0.011984021304926764 0.010318609703113686
2 0.5914613848202397 0.8767197682838522 0.01747669773635153 0.015568428674873281
2 0.5967043941411452 0.8716509775524982 0.012982689747003996 0.011223750905141203
2 0.6385652463382158 0.7998732802317161 0.0131491344873502 0.011042722664735698
2 0.6929094540612517 0.4507603186097031 0.009653794940079893 0.0166545981173063
2 0.6889147802929427 0.4475923244026068 0.012982689747003996 0.019732078204199855
2 0.6830892143808256 0.4481354091238233 0.008988015978695073 0.014663287472845763
2 0.6781790945406125 0.44605358435916004 0.009154460719041278 0.014844315713251267
2 0.6751830892143809 0.4571868211440985 0.010818908122503329 0.00995655322230268
2 0.6743508655126498 0.45954018826937004 0.0068242343541944075 0.007422157856625634
2 0.6677762982689747 0.45573859522085447 0.009986684420772303 0.006698044895003621
2 0.6728528628495339 0.44170890658942796 0.01681091877496671 0.023171614771904415
2 0.6284121171770972 0.4365496017378711 0.007822902796271639 0.00995655322230268
2 0.5946238348868176 0.4189898624185373 0.005825565912117177 0.00887038377986966
2 0.6230026631158455 0.6581281679942071 0.008322237017310254 0.00995655322230268
2 0.6354027962716379 0.8037653874004345 0.01581225033288948 0.013034033309196235
2 0.5991178428761651 0.8663106444605359 0.016145139813581892 0.014301230992034758
2 0.6335719041278296 0.8081100651701666 0.01481358189081225 0.012309920347574221
2 0.6314081225033289 0.8128167994207096 0.0131491344873502 0.010861694424330196
2 0.6288282290279628 0.8165278783490224 0.014647137150466045 0.011766835626357712
2 0.6269973368841545 0.8207820419985518 0.013648468708388815 0.011223750905141203
2 0.6239181091877497 0.8246741491672701 0.01414780292942743 0.011404779145546705
2 0.6223368841544608 0.8286567704561911 0.013315579227696404 0.009594496741491673
2 0.6178428761651131 0.8322773352643013 0.018641810918774968 0.01611151339608979
2 0.6130992010652463 0.8373461259956553 0.020139813581890813 0.017559739319333818
2 0.6107689747003995 0.8441346850108616 0.01747669773635153 0.013758146270818247
2 0.6051098535286284 0.8556299782766111 0.0164780292942743 0.013939174511223751
2 0.6003661784287616 0.8592505430847213 0.016977363515312916 0.013939174511223751
2 0.2507490013315579 0.06435553946415641 0.01747669773635153 0.027697320782041998
2 0.2431757656458056 0.09721216509775525 0.014314247669773635 0.021361332367849383
2 0.27122170439414117 0.1495293265749457 0.017143808255659122 0.022447501810282405
2 0.18516977363515313 0.2172338884866039 0.01780958721704394 0.02570601013758146
2 0.18941411451398135 0.1895365677045619 0.017976031957390146 0.023171614771904415
2 0.15679094540612518 0.12309920347574221 0.014980026631158456 0.020999275887038378
2 0.1612017310252996 0.12699131064446054 0.01581225033288948 0.022990586531498915
2 0.17368508655126497 0.10228095582910934 0.01514647137150466 0.021361332367849383
2 0.1843375499334221 0.07838522809558292 0.01681091877496671 0.02389572773352643
2 0.1775133155792277 0.0780231716147719 0.01514647137150466 0.02172338884866039
2 0.1968209054593875 0.05675235336712527 0.01181757656458056 0.017921795800144823
2 0.19332556591211716 0.05421795800144823 0.01381491344873502 0.02045619116582187
2 0.18966378162450068 0.05267921795800145 0.01481358189081225 0.020637219406227373
2 0.18583555259653795 0.0499637943519189 0.01581225033288948 0.02172338884866039
2 0.20281291611185087 0.03946415640839971 0.011484687083888149 0.018464880521361332
2 0.1836717709720373 0.04751991310644461 0.0068242343541944075 0.009232440260680666
2 0.16245006657789615 0.03321868211440985 0.017976031957390146 0.027335264301230993
2 0.15645805592543274 0.030141202027516294 0.017643142476697737 0.02624909485879797
2 0.128245672436751 0.11495293265749457 0.010486018641810918 0.008689355539464157
2 0.11742676431424767 0.10327661115133961 0.01348202396804261 0.018283852280955828
2 0.12616511318242343 0.0858979000724113 0.014647137150466045 0.021904417089065896
2 0.13606857523302263 0.06670890658942795 0.01348202396804261 0.017921795800144823
2 0.14405792276964047 0.05077842143374366 0.01281624500665779 0.01900796524257784
2 0.17851198402130491 0.21442795076031862 0.022802929427430094 0.03421433743664012
2 0.1611185086551265 0.24692251991310643 0.018641810918774968 0.026430123099203475
2 0.18558588548601865 0.30829109341057204 0.014647137150466045 0.01991310644460536
2 0.2145472703062583 0.15785662563359884 0.02030625832223702 0.03041274438812455
2 0.2663948069241012 0.14590876176683562 0.01847536617842876 0.023171614771904415
2 0.2642310252996005 0.13948225923244026 0.01448069241011984 0.019732078204199855
2 0.2584054593874834 0.17333454018826938 0.021804260985352864 0.030231716147719044
2 0.2405958721704394 0.21062635771180305 0.01115179760319574 0.022990586531498915
2 0.2374334221038615 0.09549239681390297 0.023135818908122503 0.03421433743664012
2 0.23859853528628494 0.12880159304851557 0.01414780292942743 0.020818247646632874
2 0.2341877496671105 0.12472845763939175 0.016977363515312916 0.025343953656770456
2 0.22844540612516645 0.12282766111513396 0.01780958721704394 0.025887038377986966
2 0.22278628495339547 0.12002172338884866 0.015479360852197071 0.023533671252715424
2 0.22728029294274302 0.166183924692252 0.01414780292942743 0.023171614771904415
2 0.22128828229027964 0.16156770456191166 0.022470039946737682 0.0331281679942071
2 0.20880492676431425 0.15278783490224476 0.027130492676431424 0.041274438812454746
2 0.18999667110519308 0.3119116582186821 0.01780958721704394 0.02570601013758146
2 0.14655459387483355 0.36739681390296886 0.023135818908122503 0.024076755973931933
2 0.20281291611185087 0.28584359160028966 0.017143808255659122 0.024619840695148443
2 0.1774300932090546 0.33680304127443883 0.018641810918774968 0.02842143374366401
2 0.17193741677762983 0.333454018826937 0.019307589880159785 0.028240405503258507
2 0.16636151797603196 0.33001448225923247 0.01780958721704394 0.027516292541636494
2 0.7000665778961385 0.4532041998551774 0.010652463382157125 0.01937002172338885
2 0.7064747003994674 0.4541093410572049 0.011484687083888149 0.02045619116582187
2 0.7130492676431425 0.457729905865315 0.012649800266311585 0.019732078204199855
2 0.7170439414114514 0.46279869659666906 0.008655126498002663 0.013939174511223751
2 0.9014647137150466 0.2389572773352643 0.009320905459387484 0.011947863866763215
2 0.8390479360852197 0.3429580014482259 0.007656458055925432 0.010318609703113686
2 0.8113348868175766 0.056480811006517015 0.01414780292942743 0.050325850832729904
2 0.8316411451398136 0.5119478638667632 0.01481358189081225 0.019188993482983346
2 0.8260652463382158 0.5118573497465605 0.010319573901464714 0.01285300506879073
2 0.8184920106524634 0.5064265025343954 0.009820239680426099 0.013577118030412744
2 0.8143308921438083 0.5043446777697321 0.009154460719041278 0.012309920347574221
2 0.8103362183754993 0.501810282404055 0.01015312916111851 0.013758146270818247
2 0.8061750998668442 0.5 0.009820239680426099 0.010861694424330196
2 0.802762982689747 0.4952932657494569 0.011318242343541944 0.013396089790007242
2 0.7706391478029294 0.4864228819695873 0.004993342210386152 0.00724112961622013
2 0.7697237017310253 0.47682838522809556 0.01847536617842876 0.026792179580014484
2 0.7553262316910786 0.4707639391745112 0.016311584553928095 0.028783490224475017
2 0.6616178428761651 0.7590514120202752 0.016311584553928095 0.011947863866763215
2 0.6532956058588548 0.7056480811006517 0.008988015978695073 0.012671976828385228
2 0.6561251664447404 0.7072773352643013 0.007989347536617843 0.011223750905141203
2 0.6529627163781625 0.7145184648805214 0.009653794940079893 0.0065170166545981175
2 0.6879993342210386 0.7099927588703838 0.018142476697736352 0.015206372194062274
2 0.6850865512649801 0.7148805213613324 0.018641810918774968 0.016292541636495295
2 0.6820073235685752 0.7199493120926864 0.01780958721704394 0.016292541636495295
2 0.6765978695073236 0.7289102099927589 0.018308921438082555 0.016473569876900795
2 0.6751830892143809 0.7356082548877625 0.01514647137150466 0.012128892107168719
2 0.6724367509986684 0.7406770456191166 0.015312916111850865 0.012128892107168719
2 0.6679427430093209 0.7498189717595944 0.014980026631158456 0.011585807385952208
2 0.663948069241012 0.7531679942070963 0.017976031957390146 0.014301230992034758
2 0.6586218375499334 0.7630340333091963 0.017643142476697737 0.01448225923244026
2 0.6954061251664447 0.7017559739319333 0.013315579227696404 0.011404779145546705
2 0.6572902796271638 0.7685553946415641 0.014647137150466045 0.012490948587979726
2 0.6549600532623169 0.7733526430123099 0.013648468708388815 0.011585807385952208
2 0.6481358189081226 0.7817704561911658 0.014980026631158456 0.011766835626357712
2 0.6472203728362184 0.7862056480811006 0.01348202396804261 0.011223750905141203
2 0.6403961384820239 0.7946234612599565 0.01514647137150466 0.01285300506879073
2 0.7478362183754993 0.4695872556118755 0.013648468708388815 0.023171614771904415
2 0.7417609853528628 0.4713070238957277 0.008821571238348869 0.014663287472845763
2 0.7374334221038615 0.4682295438088342 0.008821571238348869 0.015387400434467777
2 0.7323568575233023 0.4654236060825489 0.011984021304926764 0.01955104996379435
2 0.726448069241012 0.4654236060825489 0.008821571238348869 0.014844315713251267
2 0.7216211717709721 0.4638848660391021 0.009820239680426099 0.01611151339608979
2 0.6929926764314248 0.7066437364228819 0.01381491344873502 0.011766835626357712
2 0.6999833555259654 0.691346850108617 0.01681091877496671 0.013396089790007242
2 0.798685086551265 0.5082367849384504 0.022137150466045273 0.018645908761766836
2 0.7490013315579228 0.59802679217958 0.022636484687083888 0.019732078204199855
2 0.7944407456724367 0.5147538015930485 0.02463382157123835 0.02009413468501086
2 0.7903628495339547 0.5223569876900797 0.025133155792276964 0.019732078204199855
2 0.7886151797603196 0.529145546705286 0.022969374167776297 0.017016654598117305
2 0.7852862849533955 0.5417270094134685 0.016311584553928095 0.013577118030412744
2 0.7805426098535286 0.5458001448225923 0.01947403462050599 0.015930485155684286
2 0.7774633821571239 0.5512309920347574 0.018308921438082555 0.015568428674873281
2 0.7760486018641811 0.5569333816075308 0.01581225033288948 0.013215061549601738
2 0.7731358189081226 0.5616401158580738 0.017310252996005325 0.014301230992034758
2 0.7636484687083888 0.5763034033309197 0.018641810918774968 0.016835626357711804
2 0.7604860186418109 0.5822773352643013 0.018641810918774968 0.01611151339608979
2 0.7570739014647138 0.5877081824764663 0.020139813581890813 0.01611151339608979
2 0.7473368841544608 0.6067161477190441 0.019973368841544607 0.015749456915278782
2 0.7018974700399467 0.6851918899348298 0.018974700399467376 0.015930485155684286
2 0.7428428761651131 0.6130521361332368 0.020639147802929428 0.016473569876900795
2 0.7381824234354194 0.6188450398262129 0.022969374167776297 0.018645908761766836
2 0.7358521970705726 0.6267197682838522 0.019307589880159785 0.015568428674873281
2 0.7273635153129161 0.638124547429399 0.021970705725699067 0.018464880521361332
2 0.7238681757656458 0.6457277335264301 0.02130492676431425 0.01774076755973932
2 0.7207057256990679 0.6517921795800145 0.019307589880159785 0.015387400434467777
2 0.7172103861517976 0.6574945691527878 0.018974700399467376 0.015930485155684286
2 0.7152962716378163 0.664011585807386 0.01780958721704394 0.015930485155684286
2 0.7116344873501997 0.6693519188993483 0.01847536617842876 0.016473569876900795
2 0.7073901464713716 0.6741491672700941 0.02130492676431425 0.017378711078928313
2 0.7044773635153129 0.679670528602462 0.0198069241011984 0.016473569876900795
2 0.47852862849533956 0.7494569152787834 0.0063249001331557924 0.005792903692976104
