1 0.7636345341114913 0.5232558139534884 0.00905614811833367 0.011487811711964136
1 0.7473334674984906 0.5830764920145699 0.012276111893741195 0.016251050714485852
1 0.7602133226001208 0.5819557298963295 0.012678607365667137 0.018492574950966657
1 0.7734956731736768 0.5826562062202297 0.011873616421815255 0.016531241244045952
1 0.7859730328033809 0.5822359204258896 0.011873616421815255 0.016811431773606052
1 0.7801368484604548 0.5690669655365649 0.011471120949889314 0.016811431773606052
1 0.7668544978868987 0.5685065844774446 0.011873616421815255 0.017371812832726253
1 0.7534715234453613 0.5686466797422247 0.011672368685852284 0.017652003362286353
1 0.7405916683437311 0.5692070608013449 0.011672368685852284 0.017091622303166153
1 0.7276111893741195 0.5687867750070048 0.011873616421815255 0.017371812832726253
1 0.7143288388005635 0.5689268702717848 0.012276111893741195 0.016531241244045952
1 0.7815455826121956 0.5315214345755114 0.00905614811833367 0.011768002241524236
1 0.7693700945864359 0.5316615298402914 0.009257395854296638 0.012048192771084338
1 0.7570939826926947 0.5315214345755114 0.00965989132622258 0.011207621182404036
1 0.72086939021936 0.58321658727935 0.012477359629704166 0.017091622303166153
1 0.7508553028778426 0.5229756234239282 0.009257395854296638 0.010927430652843934
1 0.7450191185349165 0.5319417203698515 0.008854900382370698 0.011487811711964136
1 0.7390823103240088 0.5233959092182684 0.00905614811833367 0.011207621182404036
1 0.7327430066411753 0.5311011487811712 0.00965989132622258 0.01316895488932474
1 0.7269068222982491 0.5235360044830485 0.009257395854296638 0.011487811711964136
1 0.7205675186154156 0.5319417203698515 0.00945864359025961 0.011487811711964136
1 0.7147313342724895 0.5231157186887083 0.00905614811833367 0.011768002241524236
1 0.7089957737975447 0.5323620061641916 0.008854900382370698 0.011207621182404036
1 0.7878848862950292 0.4869711403754553 0.011672368685852284 0.016251050714485852
1 0.775005031193399 0.48711123564023534 0.011672368685852284 0.015410479125805548
1 0.762326423827732 0.4866909498458952 0.012074864157778226 0.015690669655365648
1 0.7495471925940833 0.4866909498458952 0.012678607365667137 0.016811431773606052
1 0.7339504930569531 0.5826562062202297 0.012477359629704166 0.016531241244045952
1 0.707184544173878 0.5829363967497898 0.013282350573556048 0.017652003362286353
1 0.6987321392634332 0.6601288876435977 0.012879855101630106 0.016251050714485852
1 0.6616019319782652 0.7733258615858783 0.011471120949889314 0.014569907537125245
1 0.7154357013483599 0.7343793779770244 0.012477359629704166 0.017932193891846457
1 0.7016502314348964 0.7343793779770244 0.011873616421815255 0.017371812832726253
1 0.6796136043469511 0.7353600448304848 0.01006238679814852 0.018212384421406557
1 0.666733749245321 0.7349397590361446 0.011672368685852284 0.015130288596245448
1 0.6536526464077279 0.7355001400952648 0.012074864157778226 0.014569907537125245
1 0.6619038035822097 0.7056598486971141 0.011269873213926343 0.015970860184925748
1 0.6753874018917287 0.7048192771084337 0.012879855101630106 0.016531241244045952
1 0.6883678808613403 0.7043989913140936 0.012276111893741195 0.016251050714485852
1 0.7015496075669149 0.7039787055197534 0.012074864157778226 0.016531241244045952
1 0.714630710404508 0.7046791818436536 0.012477359629704166 0.015690669655365648
1 0.6843429261420809 0.6581675539366769 0.01469108472529684 0.017932193891846457
1 0.7128194807808412 0.6620902213505183 0.007244918494666935 0.015690669655365648
1 0.7034614610585631 0.6192210703278229 0.013483598309519017 0.017932193891846457
1 0.7223787482390823 0.6612496497618381 0.007848661702555847 0.015690669655365648
1 0.7317367679613604 0.6626506024096386 0.008452404910444758 0.015130288596245448
1 0.741396659287583 0.663771364527879 0.00965989132622258 0.014569907537125245
1 0.7531696518414168 0.663771364527879 0.010263634534111492 0.016251050714485852
1 0.7639364057154358 0.6625105071448585 0.010464882270074461 0.018772765480526758
1 0.7758100221372509 0.663771364527879 0.011269873213926343 0.018492574950966657
1 0.785570537331455 0.6181003082095825 0.013081102837593077 0.016251050714485852
1 0.7653451398671764 0.6159988792378818 0.007647413966592876 0.015970860184925748
1 0.7554840008049909 0.6161389745026619 0.007647413966592876 0.015130288596245448
1 0.7436103843831757 0.6179602129448024 0.013282350573556048 0.016531241244045952
1 0.7300261622056752 0.619501260857383 0.011873616421815255 0.016251050714485852
1 0.7166431877641376 0.6196413561221631 0.011672368685852284 0.016531241244045952
1 0.7366673374924532 0.485990473521995 0.011873616421815255 0.015970860184925748
1 0.7237874823908231 0.4850098066685346 0.011471120949889314 0.016251050714485852
1 0.6520426645200241 0.4048753152143458 0.02414972831555645 0.035304006724572706
1 0.5570537331455021 0.2588960493135332 0.055946870597705776 0.08405715886803027
1 0.6923928355805997 0.26548052675819556 0.020728516804185953 0.030540767722050995
1 0.6714630710404508 0.2643597646399552 0.01952103038840813 0.030540767722050995
1 0.6270879452606158 0.3318856822639395 0.02294224189977863 0.03390305407677221
1 0.5988126383578185 0.32656206220229755 0.027973435298852888 0.04567105631829644
1 0.6142080901589857 0.23914261697954609 0.023344737371704567 0.033342673017652
1 0.5256590863352787 0.49523676099747826 0.05312940229422419 0.08153544410198935
1 0.5006037432078889 0.4319137013168955 0.05494063191789093 0.08153544410198935
1 0.47091970215335077 0.4966377136452788 0.05554437512577984 0.08489773045671056
1 0.44596498289394243 0.4319137013168955 0.054739384181927954 0.08377696833847016
1 0.4169853089152747 0.49523676099747826 0.05554437512577984 0.08713925469319136
1 0.3907224793721071 0.43205379658167553 0.056953109277520626 0.08461753992715046
1 0.3360837190581606 0.4327542729055758 0.05353189776615013 0.08321658727934995
1 0.5017106057556853 0.258335668254413 0.055946870597705776 0.08237601569066966
1 0.6769973837794325 0.405575791538246 0.022539746427852687 0.033342673017652
1 0.4755484000804991 0.19935556178201178 0.054336888710002015 0.08433734939759036
1 0.4461662306299054 0.25819557298963297 0.054336888710002015 0.08209582516110955
1 0.4208090158985711 0.19851499019333146 0.055946870597705776 0.08377696833847016
1 0.39152747031595897 0.2577752871952928 0.05453813644596498 0.08293639674978985
1 0.3651640169048098 0.19823479966377136 0.055745622861742804 0.08321658727934995
1 0.336788086134031 0.2594564303726534 0.05252565908633528 0.08181563463154945
1 0.309820889514993 0.19823479966377136 0.055745622861742804 0.08377696833847016
1 0.2810424632722882 0.2602970019613337 0.055343127389816865 0.08293639674978985
1 0.25488025759710203 0.19935556178201178 0.055745622861742804 0.08545811151583077
1 0.1973234051116925 0.19739422807509105 0.05494063191789093 0.08489773045671056
1 0.22479372107063794 0.2588960493135332 0.054739384181927954 0.08293639674978985
1 0.1707587039645804 0.2587559540487532 0.053733145502113104 0.08321658727934995
1 0.7134232239887301 0.2657607172877557 0.0197222781243711 0.02942000560381059
1 0.7340511169249346 0.26548052675819556 0.01871603944455625 0.02885962454469039
1 0.7545783859931576 0.26646119361165593 0.01911853491648219 0.02913981507425049
1 0.7762125176091769 0.269403194172037 0.0197222781243711 0.02605771924908938
1 0.7008452404910445 0.40599607733258614 0.022338498691889717 0.033622863547212105
1 0.7263030790903602 0.4068366489212665 0.02414972831555645 0.034743625665452506
1 0.775608774401288 0.4075371252451667 0.022539746427852687 0.03390305407677221
1 0.741799154759509 0.33790977864948163 0.010464882270074461 0.017932193891846457
1 0.7543771382571947 0.3374894928551415 0.00986113906218555 0.018212384421406557
1 0.7676594888307506 0.3380498739142617 0.00986113906218555 0.017652003362286353
1 0.7772187562889917 0.22513309050154104 0.01006238679814852 0.017091622303166153
1 0.7705775810022137 0.21546651723171756 0.01006238679814852 0.018492574950966657
1 0.7642382773193802 0.22541328103110114 0.010263634534111492 0.018212384421406557
1 0.757999597504528 0.21504623143737742 0.010666130006037432 0.018212384421406557
1 0.751559669953713 0.2255533762958812 0.010263634534111492 0.019052956010086858
1 0.7452203662708794 0.21546651723171756 0.01006238679814852 0.017932193891846457
1 0.7383779432481384 0.2247128047072009 0.01006238679814852 0.018492574950966657
1 0.7322398873012679 0.21504623143737742 0.010666130006037432 0.018212384421406557
1 0.7255987120144899 0.2244326141776408 0.010263634534111492 0.017932193891846457
1 0.7192594083316562 0.2144858503782572 0.010464882270074461 0.017652003362286353
1 0.7130207285168042 0.2244326141776408 0.01006238679814852 0.017932193891846457
1 0.706782048701952 0.21504623143737742 0.010464882270074461 0.018212384421406557
1 0.7000402495471926 0.2244326141776408 0.00986113906218555 0.016811431773606052
1 0.6938015697323405 0.2144858503782572 0.010666130006037432 0.018212384421406557
1 0.687261018313544 0.22457270944242086 0.010867377742000403 0.017652003362286353
1 0.6808210907627289 0.21406556458391707 0.010464882270074461 0.017932193891846457
1 0.6743811632119139 0.2241524236480807 0.010464882270074461 0.017932193891846457
1 0.6681424833970618 0.21406556458391707 0.01006238679814852 0.018492574950966657
1 0.6614006842423023 0.22359204258896048 0.010263634534111492 0.018492574950966657
1 0.6750855302877843 0.7748669094984589 0.011068625477963372 0.016531241244045952
1 0.6882672569933588 0.7757074810871393 0.011672368685852284 0.017091622303166153
1 0.7017508553028778 0.7759876716166993 0.011672368685852284 0.017091622303166153
1 0.7153350774803784 0.7772485289997199 0.011873616421815255 0.017932193891846457
1 0.8914268464479774 0.3047072008966097 0.00986113906218555 0.010927430652843934
1 0.8342724894344938 0.4614738021854861 0.011873616421815255 0.021294480246567667
1 0.8315556449989938 0.3649481647520314 0.01006238679814852 0.01933314653964696
1 0.819983900181123 0.3648080694872513 0.010666130006037432 0.020734099187447463
1 0.8370899577379755 0.34925749509666576 0.00986113906218555 0.022135051835247967
1 0.8257194606560676 0.3493975903614458 0.01006238679814852 0.020734099187447463
1 0.9024954719259408 0.3049873914261698 0.010263634534111492 0.010927430652843934
1 0.8970617830549407 0.29504062762678623 0.011471120949889314 0.013449145418884841
1 0.8825719460656067 0.3007845334827683 0.008251157174481787 0.016531241244045952
1 0.8712014489836989 0.30540767722050993 0.010867377742000403 0.011768002241524236
1 0.8744214127591065 0.29405996077332586 0.01006238679814852 0.011487811711964136
1 0.8601328235057356 0.29910339030540767 0.01006238679814852 0.022135051835247967
1 0.8466492251962165 0.3048472961613897 0.011269873213926343 0.01288876435976464
1 0.8353793519822902 0.30400672457270944 0.01006238679814852 0.011768002241524236
1 0.8210907627289193 0.2961613897450266 0.016502314348963574 0.02633790977864948
1 0.7018514791708593 0.8103110114878117 0.006641175286778024 0.017932193891846457
1 0.6845441738780439 0.808349677780891 0.0074461662306299055 0.016251050714485852
1 0.6757898973636547 0.8073690109274306 0.008049909438518816 0.015970860184925748
1 0.741799154759509 0.7780891005884001 0.011672368685852284 0.016251050714485852
1 0.7286174280539344 0.7775287195292799 0.011068625477963372 0.015690669655365648
1 0.8465486013282351 0.46259456430372653 0.011471120949889314 0.021854861305687867
1 0.8581203461461059 0.46287475483328666 0.01006238679814852 0.02241524236480807
1 0.870195210303884 0.46427570748108715 0.010464882270074461 0.021854861305687867
1 0.894244314751459 0.46707761277668813 0.010263634534111492 0.020734099187447463
1 0.8139464681022338 0.48472961613897453 0.010263634534111492 0.019052956010086858
1 0.8339706178305494 0.48725133090501543 0.00965989132622258 0.017371812832726253
1 0.8749245320990139 0.49019333146539645 0.011068625477963372 0.01933314653964696
1 0.905011068625478 0.49327542729055757 0.009257395854296638 0.017091622303166153
1 0.0952908029784665 0.7995236760997478 0.010666130006037432 0.027178481367329786