1 0.7587133425456779 0.7088832487309644 0.0075234147090434515 0.018274111675126905
1 0.6722708429295255 0.6071065989847716 0.006295102103485337 0.015228426395939087
1 0.6644403500690926 0.6071065989847716 0.007216336557653923 0.015736040609137057
1 0.656686626746507 0.6067258883248731 0.00675571933056963 0.01649746192893401
1 0.6332719177030555 0.6063451776649746 0.006602180254874866 0.015736040609137057
1 0.6503147551051742 0.5621827411167513 0.006602180254874866 0.015736040609137057
1 0.8517580224167051 0.8399746192893401 0.025026869338246584 0.032233502538071064
1 0.877475817595578 0.6479695431472081 0.024259173959772763 0.03197969543147208
1 0.751727314601566 0.709010152284264 0.007676953784738216 0.01802030456852792
1 0.7692307692307693 0.7063451776649746 0.007676953784738216 0.018274111675126905
1 0.6683555964993091 0.6158629441624366 0.007062797481959158 0.015482233502538072
1 0.7489636112390603 0.5428934010152284 0.025180408413941348 0.03350253807106599
1 0.7752955627207124 0.5441624365482234 0.025026869338246584 0.03299492385786802
1 0.8013972055888223 0.5454314720812182 0.025333947489636112 0.03350253807106599
1 0.8271150007676954 0.5475888324873096 0.025794564716720404 0.03426395939086294
1 0.8532934131736527 0.5493654822335026 0.025333947489636112 0.03375634517766497
1 0.8793182865039152 0.5510152284263959 0.02456625211116229 0.03248730964467005
1 0.8920620297865807 0.5280456852791878 0.024259173959772763 0.031725888324873094
1 0.866421004145555 0.5260152284263959 0.025487486565330876 0.032741116751269034
1 0.6797174881007216 0.6077411167512691 0.007062797481959158 0.01598984771573604
1 0.660294795025334 0.6158629441624366 0.006909258406264394 0.014974619289340102
1 0.8146783356364194 0.5224619289340101 0.025180408413941348 0.031725888324873094
1 0.6795639490250268 0.6525380710659898 0.00675571933056963 0.015736040609137057
1 0.6166896975280208 0.650253807106599 0.006602180254874866 0.015228426395939087
1 0.6245969599263013 0.6503807106598984 0.00675571933056963 0.015482233502538072
1 0.6324274527867342 0.6511421319796954 0.006448641179180101 0.015482233502538072
1 0.6402579456471672 0.6515228426395939 0.00675571933056963 0.015736040609137057
1 0.6481652080454475 0.6517766497461929 0.006602180254874866 0.015228426395939087
1 0.6557653922923384 0.6515228426395939 0.00675571933056963 0.015228426395939087
1 0.6635958851527713 0.6519035532994923 0.00675571933056963 0.014974619289340102
1 0.6716566866267465 0.6521573604060914 0.006909258406264394 0.014974619289340102
1 0.687624750499002 0.6529187817258884 0.006602180254874866 0.01598984771573604
1 0.6528481498541379 0.6156091370558375 0.00675571933056963 0.015482233502538072
1 0.6952249347458929 0.6531725888324873 0.00675571933056963 0.01598984771573604
1 0.6920773836941502 0.6168781725888325 0.006602180254874866 0.015482233502538072
1 0.6998311070167358 0.617258883248731 0.007369875633348687 0.016243654822335026
1 0.6961461692000614 0.6083756345177666 0.00675571933056963 0.015228426395939087
1 0.6880853677260863 0.6081218274111675 0.006909258406264394 0.015736040609137057
1 0.6293566712728389 0.6144670050761422 0.006448641179180101 0.015228426395939087
1 0.6371103945954245 0.6151015228426396 0.006909258406264394 0.01598984771573604
1 0.6448641179180101 0.6153553299492386 0.00675571933056963 0.015482233502538072
1 0.8404729003531399 0.524492385786802 0.025180408413941348 0.031725888324873094
1 0.7885766927683096 0.5208121827411167 0.025180408413941348 0.03147208121827411
1 0.6282051282051282 0.6597715736040609 0.006602180254874866 0.014974619289340102
1 0.8956701980654076 0.21967005076142132 0.024412713035467527 0.02969543147208122
1 0.7904191616766467 0.31586294416243654 0.02487333026255182 0.031218274111675128
1 0.7640104406571473 0.31459390862944164 0.025487486565330876 0.031218274111675128
1 0.7518808536772609 0.23553299492385787 0.025487486565330876 0.03248730964467005
1 0.7782128051589129 0.23604060913705585 0.025026869338246584 0.03248730964467005
1 0.8040073698756334 0.23781725888324873 0.02564102564102564 0.0350253807106599
1 0.8301090127437433 0.2397208121827411 0.02564102564102564 0.033248730964467
1 0.855980346998311 0.24225888324873096 0.026101642868109932 0.03426395939086294
1 0.8819284507907262 0.24390862944162436 0.025794564716720404 0.03248730964467005
1 0.8692614770459082 0.21814720812182742 0.025026869338246584 0.032741116751269034
1 0.8426992169507139 0.31751269035533 0.024719791186857056 0.03299492385786802
1 0.8431598341777983 0.2168781725888325 0.02564102564102564 0.03071065989847716
1 0.8172117303853831 0.21446700507614214 0.025333947489636112 0.03197969543147208
1 0.7919545524335944 0.2130710659898477 0.025180408413941348 0.032233502538071064
1 0.7653922923384001 0.21192893401015228 0.025487486565330876 0.030964467005076143
1 0.7532627053585137 0.10862944162436548 0.025487486565330876 0.03147208121827411
1 0.7801320436050975 0.11078680203045685 0.025487486565330876 0.032741116751269034
1 0.8054659910947336 0.1116751269035533 0.025180408413941348 0.03401015228426396
1 0.8313373253493014 0.11421319796954314 0.026869338246583756 0.03147208121827411
1 0.8168278826961461 0.31573604060913707 0.025794564716720404 0.03350253807106599
1 0.8686473207431291 0.3180203045685279 0.02564102564102564 0.03299492385786802
1 0.7620912022109627 0.5194162436548223 0.026869338246583756 0.03426395939086294
1 0.8413941348073085 0.4191624365482233 0.02456625211116229 0.031725888324873094
1 0.7498848456932289 0.44073604060913707 0.025180408413941348 0.032233502538071064
1 0.7757561799477967 0.4413705583756345 0.025333947489636112 0.03197969543147208
1 0.8020113618916014 0.44238578680203045 0.024719791186857056 0.03197969543147208
1 0.8278826961461692 0.44352791878172587 0.025180408413941348 0.03375634517766497
1 0.8536772608628896 0.4437817258883249 0.02487333026255182 0.032233502538071064
1 0.8799324428066942 0.4447969543147208 0.02456625211116229 0.032233502538071064
1 0.8930600337785967 0.42119289340101523 0.024412713035467527 0.031218274111675128
1 0.8671886995240289 0.41967005076142133 0.02487333026255182 0.031218274111675128
1 0.8152924919391985 0.4184010152284264 0.025180408413941348 0.031725888324873094
1 0.894748963611239 0.3186548223350254 0.025026869338246584 0.031218274111675128
1 0.7891908490710886 0.41751269035532995 0.02456625211116229 0.03197969543147208
1 0.7633195148165208 0.416497461928934 0.025333947489636112 0.03248730964467005
1 0.7509596192230923 0.33921319796954313 0.025794564716720404 0.032741116751269034
1 0.7774451097804391 0.3395939086294416 0.025333947489636112 0.03248730964467005
1 0.8031629049593122 0.3401015228426396 0.025180408413941348 0.03147208121827411
1 0.8289574696760326 0.3411167512690355 0.02456625211116229 0.03197969543147208
1 0.8550591125441425 0.34213197969543147 0.025180408413941348 0.03248730964467005
1 0.8813910640257946 0.34302030456852795 0.02594810379241517 0.033248730964467
1 0.6204514048825426 0.6593908629441624 0.006448641179180101 0.014720812182741117
1 0.6359588515277138 0.6597715736040609 0.006448641179180101 0.015482233502538072
1 0.5039920159680639 0.062055837563451774 0.00813757101182251 0.020050761421319795
1 0.621142330723169 0.06395939086294417 0.006909258406264394 0.01116751269035533
1 0.5141255949639183 0.06294416243654823 0.00783049286043298 0.02030456852791878
1 0.49547059726700443 0.059263959390862944 0.007676953784738216 0.01751269035532995
1 0.4855673268846922 0.061040609137055835 0.0075234147090434515 0.01903553299492386
1 0.47320743129126364 0.0616751269035533 0.007984031936127744 0.016751269035532996
1 0.4633041609089513 0.05685279187817259 0.009672961768770152 0.017258883248730966
1 0.45278673422385995 0.06319796954314721 0.007676953784738216 0.018781725888324875
1 0.444956241363427 0.05913705583756345 0.006141563027790573 0.014720812182741117
1 0.4328266543835406 0.0616751269035533 0.011976047904191617 0.01979695431472081
1 0.4170888991248273 0.056979695431472084 0.010594196222938737 0.020050761421319795
1 0.4039613081529249 0.05685279187817259 0.011054813450023031 0.019289340101522844
1 0.3845386150775372 0.05685279187817259 0.009058805465991094 0.017258883248730966
1 0.39413480730846 0.05507614213197969 0.006141563027790573 0.013705583756345178
1 0.3730999539382773 0.05710659898477157 0.009826500844464917 0.016751269035532996
1 0.644019653001689 0.6600253807106599 0.006909258406264394 0.014974619289340102
1 0.6788730231844005 0.6973350253807107 0.006602180254874866 0.015482233502538072
1 0.6160755412252418 0.6950507614213198 0.007216336557653923 0.01598984771573604
1 0.6239828036235222 0.6958121827411168 0.00675571933056963 0.015482233502538072
1 0.6314294487947183 0.6955583756345177 0.006909258406264394 0.014974619289340102
1 0.6394902502686933 0.6959390862944163 0.007062797481959158 0.016243654822335026
1 0.6475510517426685 0.6964467005076143 0.006602180254874866 0.015736040609137057
1 0.6553047750652541 0.6965736040609137 0.006141563027790573 0.015482233502538072
1 0.6630584983878397 0.6967005076142132 0.007216336557653923 0.015228426395939087
1 0.6708889912482727 0.6968274111675127 0.006602180254874866 0.015482233502538072
1 0.6866267465069861 0.6977157360406091 0.007062797481959158 0.015736040609137057
1 0.6275909719023491 0.7045685279187818 0.006295102103485337 0.014720812182741117
1 0.6943804698295716 0.6977157360406091 0.006909258406264394 0.015228426395939087
1 0.6988331030247198 0.6620558375634518 0.006602180254874866 0.014974619289340102
1 0.6911561492399816 0.6619289340101523 0.006295102103485337 0.014720812182741117
1 0.6836327345309381 0.6619289340101523 0.006909258406264394 0.016243654822335026
1 0.6754183939812682 0.6616751269035533 0.00675571933056963 0.015736040609137057
1 0.6675111315829879 0.6611675126903553 0.006602180254874866 0.015736040609137057
1 0.6596806387225549 0.6609137055837564 0.006295102103485337 0.015736040609137057
1 0.6519269153999693 0.6602791878172589 0.00675571933056963 0.015482233502538072
1 0.6198372485797635 0.7041878172588832 0.006448641179180101 0.015482233502538072
1 0.6353446952249348 0.7048223350253807 0.006448641179180101 0.015228426395939087
1 0.3588208198986642 0.054949238578680205 0.013204360509749732 0.023604060913705583
1 0.1612927990173499 0.0432741116751269 0.00568094580070628 0.009390862944162437
1 0.3404729003531399 0.05114213197969543 0.007216336557653923 0.01598984771573604
1 0.3314140948871488 0.053426395939086296 0.00783049286043298 0.014974619289340102
1 0.25963457699984643 0.05152284263959391 0.007369875633348687 0.02131979695431472
1 0.2444342085060648 0.05685279187817259 0.01811761093198219 0.03197969543147208
1 0.2245508982035928 0.05520304568527919 0.020113618916014125 0.031725888324873094
1 0.20459081836327345 0.05101522842639594 0.019806540764624597 0.024873096446700507
1 0.18578228159066482 0.05063451776649746 0.012897282358360202 0.024111675126903553
1 0.17273146015660987 0.044416243654822336 0.012590204206970674 0.012690355329949238
1 0.15399969292184862 0.044923857868020306 0.003992015968063872 0.012690355329949238
1 0.6434054966989099 0.7048223350253807 0.006602180254874866 0.015228426395939087
1 0.146245969599263 0.04467005076142132 0.006602180254874866 0.009137055837563452
1 0.13357899585444497 0.046700507614213196 0.007062797481959158 0.011675126903553299
1 0.6982957162597881 0.7069796954314721 0.007062797481959158 0.01598984771573604
1 0.6903884538615077 0.7063451776649746 0.006602180254874866 0.015736040609137057
1 0.6825579610010748 0.7060913705583757 0.006602180254874866 0.015228426395939087
1 0.6668969752802089 0.7057106598984771 0.006909258406264394 0.014974619289340102
1 0.6588361738062337 0.7053299492385787 0.006448641179180101 0.014720812182741117
1 0.6513127590971902 0.7050761421319797 0.00675571933056963 0.015736040609137057
1 0.8578995854444956 0.11535532994923858 0.024719791186857056 0.032233502538071064
1 0.8842315369261478 0.11738578680203046 0.026715799170888992 0.03426395939086294
1 0.8970520497466605 0.09378172588832487 0.02564102564102564 0.03477157360406091
1 0.8707968678028558 0.09111675126903554 0.024105634884078 0.03147208121827411
1 0.15338553661906956 0.258756345177665 0.02487333026255182 0.0434010152284264
1 0.10310148932903423 0.49428934010152287 0.024719791186857056 0.04238578680203046
1 0.08889912482726854 0.2838832487309645 0.02456625211116229 0.04086294416243655
1 0.1148472286196837 0.28527918781725886 0.023952095808383235 0.0416243654822335
1 0.14002763703362506 0.2864213197969543 0.02456625211116229 0.04187817258883249
1 0.16612927990173498 0.2878172588832487 0.025794564716720404 0.04213197969543147
1 0.23061569169353602 0.2611675126903553 0.02487333026255182 0.04111675126903553
1 0.20451404882542606 0.26104060913705585 0.02487333026255182 0.0434010152284264
1 0.17964071856287425 0.2596446700507614 0.025794564716720404 0.04314720812182741
1 0.1282051282051282 0.25748730964467004 0.025794564716720404 0.04238578680203046
1 0.15423000153539076 0.4975888324873096 0.024105634884078 0.0434010152284264
1 0.10287118071549209 0.2567258883248731 0.025180408413941348 0.04390862944162437
1 0.07684630738522955 0.25532994923857866 0.025333947489636112 0.04416243654822335
1 0.23890680178105328 0.16916243654822335 0.024259173959772763 0.04137055837563452
1 0.21318900660218026 0.16802030456852793 0.024412713035467527 0.0416243654822335
1 0.18762475049900199 0.16700507614213198 0.025180408413941348 0.04111675126903553
1 0.16144633809304468 0.16560913705583757 0.02349147858129894 0.04137055837563452
1 0.1360356210655612 0.16535532994923857 0.023952095808383235 0.04137055837563452
1 0.11039459542453554 0.16370558375634517 0.02487333026255182 0.04263959390862944
1 0.12866574543221249 0.4951776649746193 0.02456625211116229 0.04263959390862944
1 0.17994779671426378 0.49860406091370557 0.02487333026255182 0.04289340101522843
1 0.2056655918931368 0.4998730964467005 0.024105634884078 0.0434010152284264
1 0.23130661753416246 0.7656091370558376 0.02594810379241517 0.0434010152284264
1 0.08037770612620912 0.6119289340101522 0.02564102564102564 0.04416243654822335
1 0.18278826961461692 0.616243654822335 0.025026869338246584 0.04213197969543147
1 0.4190849071088592 0.3461928934010152 0.01857822815906648 0.03705583756345178
1 0.4028097650852142 0.4197969543147208 0.018885306310456013 0.03604060913705584
1 0.383079993858437 0.4195431472081218 0.019345923537540305 0.03604060913705584
1 0.36342699216950713 0.41903553299492385 0.020574236143098418 0.03756345177664975
1 0.34331337325349304 0.4182741116751269 0.019038845386150777 0.0350253807106599
1 0.33840012283126053 0.3432741116751269 0.019038845386150777 0.03629441624365482
1 0.35820666359588516 0.3449238578680203 0.019038845386150777 0.0350253807106599
1 0.378473821587594 0.3453045685279188 0.019345923537540305 0.03629441624365482
1 0.4604636880085982 0.3468274111675127 0.019038845386150777 0.03680203045685279
1 0.44257638569015817 0.4204314720812183 0.01857822815906648 0.03730964467005076
1 0.48088438507600184 0.3480964467005076 0.019345923537540305 0.03680203045685279
1 0.5018424689083372 0.3487309644670051 0.01949946261323507 0.03756345177664975
1 0.49193919852602486 0.31751269035533 0.019038845386150777 0.03705583756345178
1 0.47105788423153694 0.3168781725888325 0.018731767234761245 0.03680203045685279
1 0.4504836480884385 0.3190355329949239 0.019345923537540305 0.03147208121827411
1 0.4299094119453401 0.31586294416243654 0.018424689083371717 0.03578680203045685
1 0.410409949332105 0.31573604060913707 0.02026715799170889 0.03756345177664975
1 0.3894518654997697 0.31459390862944164 0.01919238446184554 0.03781725888324873
1 0.42276984492553354 0.4200507614213198 0.018271150007676953 0.03654822335025381
1 0.46245969599263015 0.42106598984771576 0.018731767234761245 0.03756345177664975
1 0.845309381237525 0.0901015228426396 0.026562260095194228 0.03401015228426396
1 0.8195148165208045 0.08895939086294416 0.026562260095194228 0.03375634517766497
1 0.7935667127283894 0.0868020304568528 0.026869338246583756 0.03553299492385787
1 0.7673115307845847 0.0850253807106599 0.024719791186857056 0.03197969543147208
1 0.8172117303853831 0.9756345177664975 0.010594196222938737 0.017766497461928935
1 0.8068478427759865 0.9744923857868021 0.015046829418086903 0.023096446700507613
1 0.4824197758329495 0.42296954314720814 0.018731767234761245 0.03375634517766497
1 0.45685551972977123 0.241497461928934 0.018885306310456013 0.03680203045685279
1 0.476892369107938 0.24225888324873096 0.019345923537540305 0.03629441624365482
1 0.4723629663749424 0.4469543147208122 0.01919238446184554 0.03756345177664975
1 0.49201596806387227 0.4473350253807107 0.01857822815906648 0.03680203045685279
1 0.5026869338246583 0.4219543147208122 0.01996007984031936 0.03730964467005076
1 0.36857055120528176 0.31408629441624364 0.018271150007676953 0.03629441624365482
1 0.3480730846000307 0.31395939086294417 0.018731767234761245 0.03705583756345178
1 0.5179640718562875 0.5450507614213198 0.01857822815906648 0.02918781725888325
1 0.4778903730999539 0.12779187817258883 0.017656993704897896 0.03730964467005076
1 0.4581606018731767 0.1267766497461929 0.017196376477813604 0.03730964467005076
1 0.4392752955627207 0.12626903553299493 0.01781053278059266 0.03680203045685279
1 0.41969906341163826 0.12563451776649745 0.017656993704897896 0.03604060913705584
1 0.40042990941194534 0.12538071065989848 0.017503454629203132 0.03654822335025381
1 0.3809304467987103 0.12487309644670051 0.01811761093198219 0.03604060913705584
1 0.4968524489482573 0.1282994923857868 0.017503454629203132 0.03730964467005076
1 0.5069092584062644 0.20964467005076143 0.020727775218793182 0.03857868020304569
1 0.486335022263166 0.20862944162436547 0.018885306310456013 0.03705583756345178
1 0.46622140334715184 0.20761421319796955 0.018271150007676953 0.03756345177664975
1 0.4230769230769231 0.591751269035533 0.015507446645171195 0.020558375634517765
1 0.4053431598341778 0.5946700507614213 0.017503454629203132 0.030456852791878174
1 0.36327345309381237 0.5708121827411168 0.01566098572086596 0.027918781725888325
1 0.37164133271917704 0.5894670050761421 0.015507446645171195 0.020558375634517765
1 0.35429141716566864 0.5893401015228427 0.015200368493781667 0.01979695431472081
1 0.3372485797635498 0.5887055837563452 0.015507446645171195 0.01903553299492386
1 0.34692154153231997 0.2067258883248731 0.020727775218793182 0.03527918781725888
1 0.36588361738062336 0.20558375634517767 0.019653001688929833 0.03553299492385787
1 0.3859204667587901 0.20647208121827412 0.01949946261323507 0.03578680203045685
1 0.40641793336404114 0.2065989847715736 0.018424689083371717 0.0350253807106599
1 0.4265315522800553 0.2068527918781726 0.018424689083371717 0.03705583756345178
1 0.4467219407339168 0.20774111675126902 0.020113618916014125 0.03883248730964467
1 0.08483033932135728 0.16319796954314722 0.024719791186857056 0.04263959390862944