1 0.5657451112609575 0.5109034267912772 0.045853000674308836 0.06627017841971113
1 0.5894583052371319 0.6440101954120646 0.014610024724657226 0.02152364769187199
1 0.7302764666217127 0.5648541489662985 0.05394470667565745 0.06655338431039366
1 0.7109462800629355 0.5848201642594166 0.02067880422566869 0.024355706598697253
1 0.7000449539222298 0.5978476352308127 0.011912789390874354 0.013027470971396206
1 0.6846482355585525 0.6020957235910507 0.033715441672285906 0.04021523647691872
1 0.6580130366374466 0.6025205324270745 0.037986064284108785 0.042197677711696406
1 0.6017082490447292 0.6311243273860097 0.031018206338503034 0.04276408949306146
1 0.5955270847381434 0.6537807986406117 0.01640818161384581 0.020674030019824412
1 0.5872106091256463 0.6251770036816766 0.020454034614520118 0.024072500708014727
1 0.7916385704652731 0.5213820447465307 0.026073274893234435 0.03794958935145851
1 0.6240728253540121 0.6059190031152648 0.043380534951674536 0.055791560464457664
1 0.5850752978197348 0.5962900028320589 0.04135760845133738 0.04672897196261682
1 0.5398966059788717 0.6812517700368168 0.03416498089458305 0.041064854148966295
1 0.51258709822432 0.6338147833474936 0.018655877725331536 0.02888700084961767
1 0.4808945830523713 0.6322571509487397 0.035288828950325916 0.03993203058623619
1 0.4958417621937514 0.6071934296233361 0.04225668689593167 0.05664117813650524
1 0.6202517419644864 0.5654205607476636 0.03843560350640594 0.04729538374398187
1 0.7690492245448416 0.5396488246955536 0.025398966059788718 0.03653355989804588
1 0.8096201393571589 0.5019824412347776 0.025174196448640145 0.03709997167941093
1 0.40256237356709373 0.4347210421976777 0.022027421892560125 0.024355706598697253
1 0.856372218476062 0.23661852166525063 0.013036637446617217 0.013310676862078732
1 0.6421667790514722 0.5062305295950156 0.05529332434254889 0.07391673746813934
1 0.3721060912564621 0.52690455961484 0.036187907394920206 0.04276408949306146
1 0.6824005394470668 0.41971112999150384 0.013486176668914362 0.018125177003681676
1 0.5536075522589345 0.178136505239309 0.012137559002022926 0.015293118096856415
1 0.5654079568442346 0.1622769753610875 0.011013710946280062 0.01642594165958652
1 0.5669813441222746 0.1772868875672614 0.012362328613171499 0.01642594165958652
1 0.575747358957069 0.17572925516850751 0.00831647561249719 0.016142735768903994
1 0.5776579006518319 0.159303313508921 0.012137559002022926 0.014443500424808835
1 0.5839514497639919 0.1772868875672614 0.011688019779725781 0.01416029453412631
1 0.5930546190155092 0.1622769753610875 0.011912789390874354 0.01642594165958652
1 0.612272420768712 0.15972812234494477 0.019330186558777253 0.0237892948173322
1 0.5938413126545291 0.17672047578589634 0.011688019779725781 0.013593882752761258
1 0.6054169476286806 0.17558765222316625 0.011013710946280062 0.0118946474086661
1 0.6176668914362778 0.17176437269895214 0.011688019779725781 0.013877088643443784
1 0.6296920656327265 0.17473803455111867 0.011463250168577209 0.013027470971396206
1 0.6416048550236008 0.17261399037099973 0.011013710946280062 0.01784197111299915
1 0.638120926050798 0.15746247521948456 0.013486176668914362 0.020390824129141887
1 0.6486850977747809 0.15760407816482583 0.013036637446617217 0.018974794675729253
1 0.6530681051921781 0.17275559331634097 0.012362328613171499 0.016992353440951572
1 0.6638570465273095 0.17544604927782498 0.011912789390874354 0.01557632398753894
1 0.5545066307035289 0.16142735768903993 0.007642166779051472 0.012461059190031152
1 0.5406832996178916 0.17926932880203908 0.012362328613171499 0.016992353440951572
1 0.5472016183412003 0.16510903426791276 0.011912789390874354 0.02095723591050694
1 0.6599235783322095 0.23307844803171907 0.015284333558102945 0.019258000566411783
1 0.3880647336480108 0.33205890682526196 0.04383007417397168 0.056357972245822716
1 0.3733423241177793 0.3188898329085245 0.017082490447291526 0.02095723591050694
1 0.3491795909193077 0.3092608326253186 0.06360979995504608 0.07759841404701218
1 0.34142503933468193 0.2737184933446616 0.03416498089458305 0.041631265930331354
1 0.32085861991458753 0.24582271311243273 0.05686671162058889 0.0725007080147267
1 0.6302539896605979 0.25729255168507503 0.012137559002022926 0.01047861795525347
1 0.6322769161609351 0.24242424242424243 0.018880647336480108 0.022656471254602097
1 0.6519442571364351 0.2255734919286321 0.017756799280737243 0.022373265363919568
1 0.5370869858395145 0.16100254885301615 0.010114632501685773 0.013310676862078732
1 0.6417172398291751 0.21367884451996602 0.013036637446617217 0.01784197111299915
1 0.6300292200494493 0.21155480033984708 0.01078894133513149 0.019258000566411783
1 0.6176668914362778 0.210988388558482 0.01663295122499438 0.02605494194279241
1 0.5985614744886492 0.21311243273860098 0.01798156889188582 0.025771736052109882
1 0.5811418296246348 0.21438685924667233 0.019554956169925825 0.027187765505522515
1 0.5684423465947404 0.21212121212121213 0.017082490447291526 0.022090059473237042
1 0.5547314003146775 0.21367884451996602 0.014385255113508653 0.02010761823845936
1 0.6781299168352439 0.178136505239309 0.01078894133513149 0.01642594165958652
1 0.6875702405034839 0.1806853582554517 0.011688019779725781 0.018691588785046728
1 0.6594740391099123 0.1564712546020957 0.012137559002022926 0.01557632398753894
1 0.4541469993256912 0.10124610591900311 0.07574735895706901 0.08297932596998017
1 0.6729602157788267 0.10691022373265364 0.025174196448640145 0.03143585386576041
1 0.6526185659698809 0.108184650240725 0.028545740615868734 0.03511753044463325
1 0.6350865363002922 0.1093174738034551 0.02899527983816588 0.038516001132823566
1 0.6184535850752978 0.11668082696120079 0.02405034839289728 0.02832058906825262
1 0.5848505282085862 0.10945907674879637 0.06922904023376039 0.08071367884451996
1 0.5274218925601258 0.10775984140470121 0.06810519217801753 0.08184650240725007
1 0.40222521915037085 0.0940243557065987 0.044279613396268826 0.05437553101104503
1 0.3606428410878849 0.09331634097989239 0.05371993706450888 0.0659869725290286
1 0.3199595414699933 0.19073916737468138 0.033041132838840186 0.05012744265080714
1 0.31917284783097327 0.14330218068535824 0.033715441672285906 0.04984423676012461
1 0.32423016408181615 0.08935145851033702 0.04742638795234884 0.06088926649674313
1 0.6685772083614295 0.15448881336731804 0.012811867835468645 0.01784197111299915
1 0.677006068779501 0.1526479750778816 0.010339402112834345 0.019824412347776835
1 0.6880197797257811 0.15094873973378647 0.01573387278040009 0.024355706598697253
1 0.7968082715216903 0.09742282639478901 0.013036637446617217 0.0118946474086661
1 0.8142279163857047 0.10138770886434438 0.021353113059114408 0.02605494194279241
1 0.7808496291301416 0.09997167941093174 0.02247696111485727 0.026621353724157464
1 0.41582378062485953 0.3500424808836024 0.04405484378512025 0.05437553101104503
1 0.41155315801303666 0.1534975927499292 0.035513598561474485 0.03625035400736335
1 0.3861541919532479 0.14287737184933447 0.015284333558102945 0.018974794675729253
1 0.692290402337604 0.33913905409232514 0.016183412002697236 0.025771736052109882
1 0.6323893009665094 0.37694704049844235 0.019554956169925825 0.03058623619371283
1 0.6501461002472466 0.36519399603511754 0.01910541694762868 0.02747097139620504
1 0.7148797482580355 0.354148966298499 0.01640818161384581 0.02010761823845936
1 0.6910541694762868 0.36618521665250636 0.01640818161384581 0.020390824129141887
1 0.6572263429984266 0.38657604078164826 0.008091706001348618 0.011328235627301049
1 0.6774556080017982 0.37284055508354574 0.017082490447291526 0.021240441801189464
1 0.6786918408631153 0.3480600396488247 0.017756799280737243 0.024922118380062305
1 0.7042031917284783 0.33149249504389694 0.011238480557428635 0.022939677145284623
1 0.6081141829624634 0.3792126876239026 0.01910541694762868 0.024922118380062305
1 0.7155540570914812 0.3211554800339847 0.014610024724657226 0.02322288303596715
1 0.6913913238930096 0.29495893514585103 0.019779725781074398 0.01954120645709431
1 0.6897055518093954 0.2820730671197961 0.014160485502360081 0.018691588785046728
1 0.6827376938637896 0.3038799207023506 0.019554956169925825 0.019258000566411783
1 0.6794785345021354 0.2854715378079864 0.01663295122499438 0.02095723591050694
1 0.6704877500561924 0.30982724440668363 0.018880647336480108 0.0237892948173322
1 0.664418970555181 0.2945341263098272 0.019779725781074398 0.0237892948173322
1 0.6218251292425264 0.37892948173322005 0.016857720836142953 0.02322288303596715
1 0.5960890087660148 0.38770886434437835 0.01753202966958867 0.018691588785046728
1 0.6509327938862666 0.30218068535825543 0.02247696111485727 0.03115264797507788
1 0.6354236907170151 0.41574624752194844 0.01078894133513149 0.0118946474086661
1 0.6748707574735896 0.42778249787595585 0.012811867835468645 0.017275559331634098
1 0.667565745111261 0.43769470404984423 0.022926500337154418 0.028037383177570093
1 0.6505956394695437 0.4444916454262249 0.029894358282760172 0.040498442367601244
1 0.6325016857720837 0.45539507221750214 0.03326590244998876 0.03964882469555367
1 0.6054169476286806 0.46360804304729536 0.03349067206113734 0.04191447182101388
1 0.5738368172623062 0.4613423959218352 0.03910991233985165 0.05041064854148966
1 0.5527084738143403 0.45497026338147833 0.019330186558777253 0.02463891248937978
1 0.6247471341874579 0.4175870858113849 0.010564171723982918 0.01047861795525347
1 0.5846257585974376 0.378363069951855 0.01753202966958867 0.017558765222316624
1 0.6162058889638121 0.4199943358821864 0.010114632501685773 0.012461059190031152
1 0.6057541020454035 0.424100821297083 0.01573387278040009 0.0184083828943642
1 0.5942908518768263 0.4255168507504956 0.012137559002022926 0.013877088643443784
1 0.5840638345695662 0.42622486547720195 0.013710946280062936 0.01642594165958652
1 0.571027197122949 0.4205607476635514 0.029444819060463024 0.03228547153780799
1 0.5587772533153518 0.4129141886151232 0.012587098224320073 0.014726706315491363
1 0.5743987412901775 0.3925233644859813 0.030343897505057317 0.04304729538374398
1 0.6611598111935266 0.3160577740016992 0.015059563946954372 0.018125177003681676
1 0.6504832546639694 0.3220050977060323 0.016183412002697236 0.019824412347776835
1 0.37278040008990787 0.14953271028037382 0.020454034614520118 0.024355706598697253
1 0.3863789615643965 0.27074483149249506 0.034614520116880196 0.04078164825828377
1 0.4606653180489998 0.2816482582837723 0.044279613396268826 0.05352591333899745
1 0.4204315576534053 0.3062871707731521 0.01640818161384581 0.018974794675729253
1 0.4414475162957968 0.25559331634097987 0.04000899078444594 0.048994619088077035
1 0.4603281636322769 0.22769753610875107 0.033715441672285906 0.04927782497875956
1 0.4133513149022252 0.2495043896913056 0.054843785120251745 0.06513735485698102
1 0.4126770060687795 0.28221467006513734 0.03146774556080018 0.03653355989804588
1 0.36862216228365924 0.24511469838572641 0.033715441672285906 0.04559614839988672
1 0.4545965385479883 0.32639478901161145 0.024949426837491573 0.029170206740300197
1 0.43459204315576533 0.19286321155480035 0.01820633850303439 0.018691588785046728
1 0.41661047426387954 0.1864910790144435 0.026298044504383007 0.023506088926649675
1 0.3854798831198022 0.22132540356839422 0.02562373567093729 0.028037383177570093
1 0.3849179590919308 0.18677428490512601 0.05461901550910317 0.06655338431039366
1 0.36120476511575633 0.21325403568394222 0.024724657226342997 0.037383177570093455
1 0.3558102944481906 0.18790710846785613 0.011688019779725781 0.024072500708014727
1 0.3640143852551135 0.16638346077598415 0.02000449539222297 0.029736618521665252
1 0.43796358732299395 0.30487114131973947 0.026298044504383007 0.03200226564712546
1 0.4735895706900427 0.33758142169357125 0.024724657226342997 0.02832058906825262
1 0.6405933917734322 0.3280940243557066 0.01573387278040009 0.01954120645709431
1 0.5924926949876377 0.3354573775134523 0.013935715891211509 0.012177853299348626
1 0.6351989211058665 0.31265930331350894 0.015284333558102945 0.018125177003681676
1 0.622836592492695 0.338006230529595 0.014834794335805798 0.01954120645709431
1 0.6148572712969207 0.34282073067119795 0.01640818161384581 0.02010761823845936
1 0.6030568667116206 0.34480317190597565 0.019330186558777253 0.025771736052109882
1 0.6209260507979322 0.3225715094873973 0.014160485502360081 0.018125177003681676
1 0.6117104967408407 0.32752761257434154 0.010114632501685773 0.01784197111299915
1 0.6033940211283434 0.32851883319173036 0.012362328613171499 0.019258000566411783
1 0.5641717239829175 0.3072783913905409 0.04045853000674309 0.05041064854148966
1 0.4878624409979771 0.3480600396488247 0.018655877725331536 0.022656471254602097
1 0.5520341649808946 0.254035683942226 0.07417397167902899 0.09119229679977343
1 0.49022252191503707 0.40455961483998865 0.060687795010114634 0.07221750212404418
1 0.46089008766014833 0.38006230529595014 0.042031917284783095 0.05041064854148966
1 0.4389750505731625 0.3684508637779666 0.03821083389525736 0.045879354290569246
1 0.5038210833895257 0.3500424808836024 0.022701730726005846 0.029453412630982726
1 0.5109013261407058 0.326677994902294 0.03596313778377164 0.04559614839988672
1 0.4842661272195999 0.3077032002265647 0.05641717239829175 0.06655338431039366
