1 0.7251112133762847 0.8766702780787288 0.030372756557754257 0.06608884073672806
1 0.8149256020862096 0.7464788732394366 0.046479521398987575 0.1054532322137956
1 0.7236539346525541 0.5967858432647165 0.02377665286086823 0.05597688696280245
1 0.7211995704862709 0.6581798483206934 0.025003834944009817 0.06103286384976526
1 0.0707163675410339 0.590465872156013 0.042644577389170116 0.10039725532683279
1 0.24804417855499308 0.6063560852293247 0.04233778186838472 0.08884073672806067
1 0.3810400368154625 0.477609245214879 0.03742905353581838 0.0841459010473095
1 0.3838011965025311 0.5975081256771397 0.04356496395152631 0.09209100758396534
1 0.5454824359564351 0.3315276273022752 0.017180549163982206 0.0390032502708559
1 0.5655008436876822 0.3398338750451427 0.017947537965945698 0.048392921632358255
1 0.5768522779567419 0.43643914770675335 0.026231017027151405 0.058866016612495485
1 0.0394999233011198 0.5864933188876851 0.025003834944009817 0.05994944023113037