1 0.6818998024780032 0.7792491643095911 0.048303106482312806 0.06556955515556698
1 0.8544622014724367 0.21020827976343534 0.05189441551445502 0.07842633067626639
1 0.8073262704255701 0.19645152995628695 0.0416591847728497 0.06685523270763692
1 0.7618064284431675 0.19298020056569812 0.04722571377267014 0.07431216250964258
1 0.7201472436703178 0.48598611468243763 0.026396121386245287 0.03599897145795834
1 0.6792961034297001 0.9084597582926202 0.02478003232178129 0.0370275134996143
1 0.7141318010414797 0.8494471586526099 0.025498294128209732 0.03111339676009257
1 0.6558628119949722 0.7450501414245307 0.04938049919195547 0.06454101311391103
1 0.5746094451427546 0.6248392903059913 0.05063745735320525 0.07096940087426074
1 0.6731010953492548 0.6456672666495243 0.04938049919195547 0.06942658781177681
1 0.6932124259292513 0.6118539470300849 0.04291614293409948 0.05528413473900746
1 0.6818998024780032 0.5712265363846747 0.031064823128030168 0.039341733093340193
1 0.6574789010594362 0.5411416816662381 0.035374393966600824 0.052712779634867576
1 0.6720237026396121 0.3934173309334019 0.05764050996588256 0.08125482129082026
1 0.6276710360926557 0.5577269220879404 0.04435266654695637 0.065312419645153
1 0.8563476387143114 0.2775777834919002 0.03986353025677859 0.05065569555155567
1 0.8523971987789549 0.326047827204937 0.04058179206320704 0.05039856004114168
1 0.8494343688274376 0.3734893288763178 0.0382474411923146 0.04705579840575984
1 0.8453043634404741 0.42195937258935456 0.03932483390195726 0.04988428902031371
1 0.602801221045071 0.5908974029313449 0.046327886514634584 0.07096940087426074
1 0.5342970012569581 0.33787606068398046 0.024600466870174177 0.037541784520442274
1 0.1902495959777339 0.33659038313191053 0.038965702998743044 0.05091283106196966
1 0.3408152271502963 0.26986371817948057 0.05530615909499012 0.0717408074055027
1 0.2807505835877177 0.2111082540498843 0.035015263063386606 0.05605554127024942
1 0.21036092655773028 0.4201594240164567 0.035374393966600824 0.04268449472872204
1 0.20587179026755253 0.3761892517356647 0.03573352486981505 0.05039856004114168
1 0.19599569042916143 0.20172280791977373 0.03286047764410128 0.05065569555155567
1 0.5578200754174897 0.3520185137567498 0.03214221583767283 0.04371303677037799
1 0.15945412102711437 0.2534070455129853 0.03555395941820794 0.04139881717665209
1 0.17121565810738015 0.29506299820005144 0.03752917938588615 0.04705579840575984
1 0.08466511043275274 0.38608896888660327 0.026036990483031066 0.03882746207251221
1 0.07622553420721853 0.3432759064026742 0.02280481235410307 0.033941887374646436
1 0.3085832285868199 0.34507585497557214 0.06374573532052433 0.08639753149910002
1 0.32420542287663856 0.413216765235279 0.06410486622373855 0.08536898945744407
1 0.34422697073083136 0.46451529956286963 0.04776441012749147 0.059398302905631264
1 0.4011492188902855 0.4935716122396503 0.05602442090141857 0.08202622782206223
1 0.5042197881127671 0.33119053741321675 0.03519482851499371 0.055541270249421446
1 0.4939845573711618 0.5335561841090255 0.04381397019213503 0.06222679352018514
1 0.47288561680732627 0.5637696065826691 0.038965702998743044 0.05785548984314734
1 0.45115819716286587 0.5975829262021085 0.04255701203088526 0.05965543841604526
1 0.49946130364517866 0.6707379789148882 0.025677859579816845 0.03779892003085626
1 0.48222302029089603 0.7861918230907688 0.03214221583767283 0.05476986371817948
1 0.5279224277249057 0.8957315505271278 0.04776441012749147 0.06762663923887889
1 0.5433650565631173 0.6700951401388532 0.05530615909499012 0.08794034456158395
1 0.5690429161429341 0.3968886603239907 0.03339917399892261 0.042941630239136025
