2 0.844853683148335 0.04233009708737864 0.04187689202825429 0.06524271844660194
2 0.28367810292633705 0.8384466019417476 0.0582744702320888 0.06446601941747573
2 0.0963673057517659 0.41689320388349516 0.04389505549949546 0.04543689320388349
2 0.10204339051463168 0.40427184466019417 0.036074672048435924 0.040388349514563104
2 0.5160191725529768 0.8248543689320388 0.04717457114026236 0.06368932038834951
2 0.6275227043390514 0.8401941747572815 0.051715438950555 0.06097087378640777
2 0.972502522704339 0.35825242718446604 0.05196770938446014 0.10912621359223301
2 0.8633955600403632 0.15922330097087378 0.06180625630676085 0.08699029126213592
0 0.8805499495459133 0.08135922330097087 0.06079717457114026 0.11689320388349514
2 0.8230322906155398 0.9066019417475728 0.07391523713420788 0.07650485436893203
2 0.8604944500504541 0.5906796116504854 0.09485368314833502 0.10951456310679612
2 0.6741927346115035 0.6213592233009708 0.09611503531786075 0.1087378640776699
2 0.6190716448032291 0.858252427184466 0.08123107971745712 0.0916504854368932
2 0.29704843592330976 0.7970873786407767 0.05474268415741675 0.0749514563106796
2 0.8535570131180625 0.05398058252427185 0.0375882946518668 0.0629126213592233
2 0.08930373360242179 0.4475728155339806 0.06104944500504541 0.05941747572815534
2 0.29868819374369326 0.42718446601941745 0.06458123107971746 0.08155339805825243
2 0.4009838546922301 0.06 0.05575176589303733 0.05786407766990291
2 0.40161453077699294 0.09300970873786407 0.08274470232088799 0.09048543689320389
2 0.38471241170534815 0.1258252427184466 0.08577194752774975 0.0970873786407767
2 0.37008072653884966 0.16135922330097088 0.07013118062563067 0.07805825242718446
2 0.3579717457114026 0.1945631067961165 0.07214934409687185 0.07689320388349515
2 0.34712411705348134 0.23145631067961164 0.08072653884964683 0.08077669902912621
2 0.3562058526740666 0.2689320388349515 0.05196770938446014 0.04932038834951456
2 0.3331231079717457 0.28368932038834954 0.07441977800201817 0.08737864077669903
2 0.3227800201816347 0.31029126213592234 0.06584258324924319 0.06757281553398058
2 0.09283551967709384 0.43145631067961165 0.045408678102926335 0.04737864077669903
2 0.07921291624621594 0.45805825242718445 0.039354187689202826 0.03922330097087379
2 0.07832996972754794 0.4745631067961165 0.04162462159434914 0.04194174757281553
2 0.07151866801210897 0.4846601941747573 0.032542885973763876 0.037281553398058255
2 0.48473763874873865 0.7205825242718447 0.05575176589303733 0.06174757281553398
2 0.49230575176589303 0.7093203883495146 0.040110998990918266 0.04388349514563107
2 0.34712411705348134 0.7833009708737864 0.033299697275479316 0.055145631067961165
2 0.33905146316851664 0.7912621359223301 0.03582240161453078 0.06097087378640777
2 0.33148335015136227 0.8 0.033299697275479316 0.05359223300970874
2 0.3256811301715439 0.8116504854368932 0.042885973763874874 0.06368932038834951
2 0.3044904137235116 0.8976699029126214 0.039354187689202826 0.05320388349514563
2 0.3080221997981836 0.8821359223300971 0.034308779011099896 0.04388349514563107
2 0.14013622603430878 0.7236893203883495 0.04162462159434914 0.05320388349514563
2 0.268037336024218 0.8433009708737864 0.042129162462159433 0.051650485436893205
2 0.2807769929364278 0.8172815533980583 0.045408678102926335 0.05320388349514563
2 0.28557013118062563 0.8034951456310679 0.03884964682139253 0.04970873786407767
2 0.12663975782038345 0.7417475728155339 0.03884964682139253 0.0458252427184466
2 0.08110494450050454 0.6996116504854369 0.03960645812310797 0.0749514563106796
2 0.09308779011099899 0.6704854368932038 0.027245206861755803 0.051650485436893205
2 0.08980827447023208 0.6887378640776699 0.04339051463168517 0.08194174757281554
2 0.09851160443995964 0.6568932038834951 0.0375882946518668 0.0633009708737864
2 0.10469223007063572 0.6454368932038835 0.03380423814328961 0.05669902912621359
2 0.11175580221997981 0.6374757281553398 0.03279515640766902 0.05320388349514563
2 0.12487386478304743 0.636504854368932 0.04036326942482341 0.06135922330097087
2 0.28695761856710394 0.4563106796116505 0.051715438950555 0.05669902912621359
2 0.28342583249243186 0.4330097087378641 0.03809283551967709 0.04660194174757282
2 0.025605449041372352 0.4563106796116505 0.03203834510595358 0.044271844660194175
2 0.09851160443995964 0.18524271844660195 0.09712411705348133 0.10252427184466019