1 0.3485781561311357 0.6059880239520958 0.00923745698243072 0.017964071856287425
1 0.49112479623256655 0.5609281437125748 0.010686469842419851 0.01586826347305389
1 0.459065386705307 0.5449101796407185 0.009961963412425286 0.016766467065868262
1 0.43606230755297953 0.5645209580838323 0.009961963412425286 0.016467065868263474
1 0.41351204491939864 0.5766467065868264 0.009056330374932078 0.016766467065868262
1 0.28663285636660024 0.6043413173652694 0.00815069733743887 0.014670658682634731
1 0.37547545734468396 0.5949101796407186 0.01050534323492121 0.017964071856287425
1 0.3996558594457526 0.5627245508982036 0.00815069733743887 0.014670658682634731
1 0.37674334359717443 0.5673652694610778 0.010143090019923928 0.01437125748502994
1 0.3627060315160297 0.6019461077844311 0.008875203767433436 0.016467065868263474
1 0.2641731570367687 0.6508982035928144 0.010324216627422568 0.01976047904191617
1 0.5239992754935701 0.5119760479041916 0.01050534323492121 0.019161676646706587
1 0.2890780655678319 0.6384730538922155 0.010867596449918493 0.02065868263473054
1 0.31534142365513496 0.686377245508982 0.007969570729940229 0.014670658682634731
1 0.3172432530338707 0.7931137724550898 0.009961963412425286 0.016766467065868262
1 0.3053794602427097 0.7922155688622754 0.00941858358992936 0.017365269461077845
1 0.28962144539032786 0.7922155688622754 0.010143090019923928 0.016766467065868262
1 0.2649882267705126 0.745059880239521 0.006520557869951096 0.01407185628742515
1 0.16618366238000362 0.6482035928143712 0.00923745698243072 0.014970059880239521
1 0.15096902735011775 0.6565868263473054 0.009961963412425286 0.013772455089820359
1 0.7783010324216627 0.22724550898203594 0.010867596449918493 0.020958083832335328
1 0.4937511320412969 0.5781437125748503 0.010867596449918493 0.015568862275449102
1 0.5329650425647527 0.5073353293413174 0.009599710197428002 0.017664670658682633
1 0.6497011410976272 0.4094311377245509 0.007607317514942945 0.014670658682634731
1 0.5901104872305741 0.48218562874251497 0.00941858358992936 0.016467065868263474
1 0.9093461329469299 0.2874251497005988 0.007426190907444304 0.01437125748502994
1 0.5441948922296685 0.5046407185628743 0.011773229487411701 0.020059880239520957
1 0.9461148342691541 0.317814371257485 0.009961963412425286 0.017664670658682633
1 0.9327114653142546 0.31706586826347305 0.005977178047455171 0.010778443113772455
1 0.790798768339069 0.3146706586826347 0.009780836804926644 0.01437125748502994
1 0.9235645716355733 0.3285928143712575 0.009056330374932078 0.014670658682634731
1 0.9115196522369136 0.332934131736527 0.010324216627422568 0.017365269461077845
1 0.8879731932620902 0.34595808383233534 0.00923745698243072 0.019461077844311378
1 0.8118094548089114 0.37170658682634733 0.0057960514399565295 0.01347305389221557
1 0.5826842963231299 0.4868263473053892 0.009056330374932078 0.016766467065868262
1 0.5573265712733201 0.49880239520958086 0.00941858358992936 0.017365269461077845
