1 0.3053007135575943 0.9168585905112852 0.053007135575942915 0.05941962229387379
1 0.372579001019368 0.9147858129894058 0.053007135575942915 0.0589590050667895
1 0.5020387359836901 0.9138645785352372 0.05198776758409786 0.059880239520958084
1 0.2996941896024465 0.724781206817135 0.059123343527013254 0.06955320128972824
1 0.3662079510703364 0.7224781206817135 0.0545361875637105 0.0649470290188853
1 0.4278797145769623 0.7181022570244127 0.052497451580020386 0.06356517733763242
1 0.4923547400611621 0.7164900967296177 0.05402650356778797 0.062183325656379546
1 0.5575942915392457 0.7144173192077383 0.053007135575942915 0.06172270842929525
1 0.5400101936799184 0.09765085214187011 0.05045871559633028 0.0589590050667895
1 0.6720183486238532 0.09373560571165361 0.045361875637105 0.05849838783970521
1 0.6077981651376146 0.31229847996315063 0.0382262996941896 0.04329801934592354
1 0.41462793068297654 0.3210502072777522 0.0545361875637105 0.06632888070013819
1 0.7392966360856269 0.5043758636573008 0.05963302752293578 0.0654076462459696
1 0.6131498470948012 0.5096729617687702 0.05198776758409786 0.06310456011054813
1 0.549184505606524 0.509442653155228 0.052497451580020386 0.06817134960847536
1 0.35448521916411824 0.5149700598802395 0.053516819571865444 0.06448641179180101
1 0.5430682976554536 0.3152924919391985 0.06269113149847094 0.0713956701980654