1 0.7162496138399753 0.698576512455516 0.0688909484090207 0.050533807829181494
1 0.15909793018226753 0.13131672597864769 0.059932035835650294 0.0472123368920522
1 0.2289156626506024 0.10344009489916964 0.05869632375656472 0.045077105575326216
1 0.3486252703120173 0.04578884934756821 0.057769539697250544 0.04412811387900356
1 0.3756564720420142 0.19596678529062872 0.05684275563793636 0.045077105575326216
1 0.3342601173926475 0.32372479240806645 0.1007105344454742 0.07900355871886121
1 0.3744207599629286 0.3790035587188612 0.10936051899907322 0.08137603795966786
1 0.41056533827618164 0.4302491103202847 0.10936051899907322 0.08279952550415184
1 0.5293481618782824 0.5845788849347568 0.10040160642570281 0.07402135231316725
1 0.5688909484090207 0.6404507710557532 0.09545875810936053 0.07900355871886121
1 0.6399443929564411 0.7122182680901542 0.0781587890021625 0.06026097271648873
1 0.7967253629904232 0.6553973902728352 0.06734630831016374 0.05148279952550415
1 0.8815261044176707 0.7747330960854093 0.0781587890021625 0.06714116251482799
1 0.8293172690763052 0.804982206405694 0.057769539697250544 0.050771055753262156
1 0.7775718257645968 0.8266903914590747 0.06054989187519308 0.051008303677342826
1 0.7483781278962002 0.8941874258600238 0.06703738029039234 0.04602609727164887
1 0.6385542168674698 0.8864768683274021 0.05622489959839357 0.044839857651245554
1 0.6523015137472968 0.47259786476868326 0.06518381217176399 0.04792408066429419
1 0.5007723200494285 0.099644128113879 0.0821748532591906 0.06832740213523132
1 0.09314179796107507 0.15136417556346382 0.056533827618164965 0.0465005931198102