1 0.48625970211873293 0.822334200260078 0.00671281728550451 0.033485045513654096
1 0.8442416614222782 0.8317620286085826 0.05181455842248794 0.0900520156046814
1 0.89385357667296 0.6792912873862159 0.07593874554226977 0.11801040312093627
1 0.8257814138871408 0.5759102730819246 0.06104468219005664 0.09200260078023408
1 0.7559261590098595 0.5822496749024707 0.0644010908328089 0.10728218465539661
1 0.6807216278581917 0.5749349804941483 0.05538074260541221 0.09200260078023408
1 0.5347178518984687 0.5685955786736021 0.06461086637298091 0.09557867360208062
1 0.4593035452066289 0.5590052015604682 0.06649884623452905 0.09265279583875162
1 0.31267044262638977 0.5477893368010404 0.0618837843507447 0.0929778933680104
1 0.24491294315082862 0.5451885565669701 0.05307321166352003 0.0858257477243173
1 0.16907908537864486 0.6896944083224967 0.054961191525068176 0.08550065019505852
1 0.14946507237256135 0.40035760728218467 0.059786028949024544 0.08550065019505852
1 0.4396895322005454 0.14938231469440832 0.049926578560939794 0.08615084525357607
1 0.5783511642542479 0.15604681404421328 0.056639395846444306 0.09557867360208062
1 0.3630165722676736 0.7999024707412223 0.053912313824208094 0.08485045513654096
1 0.3003985735263268 0.13914174252275682 0.054961191525068176 0.0858257477243173