1 0.231875 0.99175 0.01525 0.012
1 0.04075 0.420375 0.03 0.03075
1 0.023 0.431625 0.011 0.01475
1 0.093 0.38275 0.0145 0.0145
1 0.10275 0.429 0.021 0.0205
1 0.119 0.475375 0.019 0.01775
1 0.138625 0.373625 0.01675 0.01525
1 0.14125 0.38825 0.0155 0.0135
1 0.23125 0.504125 0.0175 0.01575
1 0.26025 0.499875 0.02 0.01575
1 0.2415 0.985375 0.0115 0.01025
1 0.24575 0.992 0.0105 0.009
1 0.394875 0.361625 0.01725 0.01725
1 0.42125 0.35425 0.017 0.0175
1 0.00825 0.425875 0.0165 0.01875
1 0.007 0.392375 0.0135 0.01625
1 0.23825 0.9965 0.0095 0.0065
1 0.037125 0.948125 0.01875 0.02175