2 0.962 0.075375 0.011 0.01125
2 0.86475 0.177375 0.0115 0.01575
2 0.87275 0.14275 0.0185 0.021
2 0.850875 0.148875 0.02125 0.02825
2 0.9365 0.234625 0.009 0.01775
2 0.950625 0.22425 0.01225 0.0235
2 0.938875 0.25975 0.02025 0.0425
2 0.928 0.2675 0.012 0.0245
1 0.480125 0.952875 0.01725 0.01775
1 0.44125 0.95575 0.0085 0.008
1 0.445 0.9315 0.0115 0.0115
1 0.4285 0.94975 0.01 0.01
1 0.40175 0.929 0.0115 0.0105
1 0.393 0.921875 0.0105 0.00975
2 0.866 0.163125 0.0135 0.02575
2 0.87175 0.15875 0.0115 0.0245
2 0.97 0.103125 0.0055 0.01625
2 0.91575 0.017875 0.01 0.01275
2 0.93825 0.045375 0.0105 0.00925
2 0.966625 0.06925 0.01075 0.0105
2 0.969875 0.065125 0.00975 0.00925
2 0.9415 0.106875 0.009 0.00375
2 0.94425 0.10425 0.0135 0.006
2 0.942125 0.111 0.00975 0.005
2 0.87925 0.1 0.017 0.014
2 0.932 0.2495 0.0085 0.0145
2 0.973875 0.105125 0.00475 0.01175
2 0.97425 0.0865 0.0045 0.009
2 0.930125 0.098 0.01325 0.0115
2 0.91625 0.09325 0.0155 0.0085
2 0.916125 0.09675 0.01275 0.0085
2 0.888875 0.12 0.01025 0.0125
2 0.878 0.125875 0.0145 0.01425
2 0.87575 0.121625 0.016 0.01625
2 0.87225 0.117875 0.0095 0.01175
2 0.94175 0.15025 0.0145 0.0105
2 0.956375 0.111125 0.01325 0.00675
