2 0.3369438621010948 0.990125 0.013743303051479153 0.01575
2 0.35092010249242955 0.70525 0.011413929652923364 0.0105
2 0.41020265548567436 0.825375 0.009783368273934312 0.00725
2 0.4062427207081295 0.849 0.008851618914511996 0.007
2 0.09864896342883764 0.760125 0.011879804332634521 0.01475
2 0.40030281854181227 0.549625 0.015606801770323782 0.01625
2 0.40146750524109015 0.5265 0.02166317260656883 0.02
2 0.37829023992546007 0.384625 0.008851618914511996 0.00975
2 0.4550430934078733 0.196875 0.015140927090612625 0.01475
2 0.13964593524341953 0.83025 0.008618681574656418 0.0085
2 0.09631959003028186 0.806625 0.010482180293501049 0.01225
2 0.16014442115071045 0.702875 0.010482180293501049 0.01275
2 0.043209876543209874 0.347 0.007221057535522944 0.01
2 0.08572094106685302 0.7615 0.027020731423247145 0.0515
0 0.4550430934078733 0.440875 0.04449103191241556 0.04675
2 0.34742604239459585 0.697625 0.011879804332634521 0.01025
0 0.38283251805264384 0.344625 0.030980666200791988 0.02825
2 0.34928954111344046 0.7015 0.011413929652923364 0.0095
2 0.34102026554856746 0.69 0.014907989750757047 0.012
2 0.09736780805963195 0.90275 0.01816911250873515 0.019
0 0.39238294898672255 0.798625 0.02212904728627999 0.01925
2 0.23293733985557885 0.882625 0.05823433496389471 0.07625
2 0.28872583275099 0.92975 0.027719543442813882 0.0365
2 0.23072443512695084 0.84225 0.024924295364546937 0.032
2 0.24260423945958537 0.833 0.02212904728627999 0.0265
2 0.22245515956207781 0.74225 0.012578616352201259 0.0135
0 0.42627533193570927 0.62075 0.03214535290006988 0.037
0 0.43897041695783834 0.63275 0.024924295364546937 0.0325
0 0.449685534591195 0.643625 0.024924295364546937 0.03075
0 0.46226415094339623 0.650625 0.018867924528301886 0.02475
0 0.3469601677148847 0.726125 0.04216165851385977 0.03725
0 0.3588399720475192 0.74825 0.03657116235732588 0.032
0 0.36978802702073144 0.762125 0.030980666200791988 0.02825
0 0.37759142790589334 0.7765 0.028884230142091776 0.026
0 0.3842301420917773 0.788375 0.02632191940368041 0.02275
0 0.39739110179361753 0.807 0.019100861868157466 0.016
2 0.33904029815979503 0.685125 0.015140927090612625 0.01175
0 0.4028651292802236 0.818 0.019799673887724203 0.018
2 0.10866526904262754 0.6715 0.0058234334963894714 0.023
2 0.4088050314465409 0.83825 0.00791986955508968 0.0045
2 0.40670859538784065 0.840875 0.008851618914511996 0.00475
2 0.4063591893780573 0.85575 0.007686932215234102 0.004
2 0.4075238760773352 0.834625 0.009550430934078733 0.00525
2 0.3271604938271605 0.907875 0.013743303051479153 0.02475
2 0.11716748194735616 0.89325 0.029350104821802937 0.0285
2 0.15187514558583742 0.8605 0.04379221989284882 0.0435
2 0.286512928022362 0.65075 0.01630561378989052 0.027
2 0.30666200791986953 0.65825 0.012811553692056837 0.018
2 0.31644537619380386 0.662625 0.011413929652923364 0.01725
2 0.3342650826927556 0.675875 0.01583973911017936 0.01175
2 0.3361285814116003 0.681 0.015373864430468204 0.012
