1 0.09975 0.024889602569249297 0.0155 0.014050582095543959
1 0.108875 0.043356081894821354 0.01625 0.014853472501003613
1 0.11675 0.05780810919309514 0.0165 0.014452027298273785
1 0.174375 0.07818145323163388 0.01625 0.014251304696908872
1 0.18025 0.09122842232035328 0.017 0.014251304696908872
1 0.155375 0.043356081894821354 0.01575 0.01364913689281413
1 0.14875 0.030610196708149337 0.0155 0.014251304696908872
1 0.142 0.01756322761942995 0.0155 0.013849859494179044
1 0.13475 0.005921316740264954 0.015 0.010638297872340425
1 0.244125 0.2397631473303894 0.00675 0.006222400642312324
