1 0.290625 0.37761044176706826 0.00525 0.004618473895582329
1 0.124 0.519277108433735 0.002 0.0024096385542168677
1 0.0925 0.5176706827309236 0.0025 0.002008032128514056
1 0.114875 0.5213855421686747 0.00275 0.0022088353413654616
1 0.116625 0.5248995983935743 0.00225 0.001606425702811245
1 0.11775 0.5279116465863454 0.0025 0.002008032128514056
1 0.12175 0.5135542168674698 0.0025 0.0022088353413654616
1 0.12575 0.5228915662650603 0.0025 0.0024096385542168677
1 0.126875 0.5259036144578313 0.00225 0.002008032128514056
1 0.132625 0.5172690763052209 0.00275 0.002008032128514056
1 0.130625 0.5110441767068273 0.00275 0.002811244979919679
1 0.207 0.4678714859437751 0.006 0.004819277108433735
