1 0.606625 0.2 0.01275 0.0115
1 0.59675 0.194875 0.0155 0.01625
1 0.54575 0.19775 0.0115 0.011
1 0.538 0.2085 0.012 0.0115
1 0.530375 0.21775 0.01425 0.013
1 0.39 0.471625 0.014 0.01325
1 0.372875 0.43625 0.00825 0.0095
1 0.38625 0.418625 0.0075 0.00825
1 0.392625 0.409 0.00875 0.009
1 0.39875 0.400625 0.0085 0.00825
1 0.4055 0.39125 0.0095 0.01
1 0.550125 0.288125 0.02275 0.02425
1 0.523375 0.321625 0.02275 0.02425
1 0.52275 0.2305 0.013 0.0135
1 0.471 0.31325 0.014 0.0125
1 0.56325 0.220125 0.0155 0.01875
1 0.581875 0.18725 0.01525 0.016
1 0.56975 0.243625 0.0165 0.01825