1 0.450125 0.3235294117647059 0.01075 0.006223649869504116
1 0.43425 0.3331660309174864 0.016 0.011845011041959445
1 0.45125 0.4188917887974302 0.017 0.015458743224252159
1 0.4195 0.3905842200361373 0.012 0.010238907849829351
1 0.414625 0.4008231278859667 0.01125 0.010238907849829351
1 0.389625 0.6238707086930335 0.01375 0.01345111423408954
1 0.008375 0.43555510941577996 0.00725 0.006223649869504116
1 0.033875 0.4336478618751255 0.00725 0.006022886970487854
1 0.032875 0.42049789198956034 0.00725 0.005822124071471592
1 0.00775 0.42280666532824734 0.007 0.007227464364585425
1 0.01325 0.48283477213410964 0.0125 0.012447299739008232
