1 0.744983667755483 0.18450221684804513 0.013999066728884742 0.012293430068520758
1 0.8428604759682687 0.31952841596130593 0.012365842277181521 0.009875050382910117
1 0.9086560895940271 0.49536477226924625 0.011432571161922539 0.010882708585247884
1 0.9412039197386841 0.5063482466747279 0.011199253383107793 0.009875050382910117
1 0.9507699486700887 0.5123941958887546 0.014465702286514233 0.013099556630390972
1 0.9706019598693421 0.5547158403869408 0.018198786747550162 0.017533252720677146
1 0.8768082127858143 0.7625957275292221 0.013999066728884742 0.012898024989923419
1 0.7466168922071862 0.0899838774687626 0.010732617825478302 0.007456670697299476
1 0.8107792813812412 0.28627569528415964 0.013065795613625758 0.012696493349455865
1 0.8304946336910872 0.2967553405884724 0.01189920671955203 0.011084240225715438
1 0.8422771815212319 0.5255945183393793 0.013532431171255249 0.012898024989923419
1 0.6900373308446104 0.2379081015719468 0.009566028931404572 0.011487303506650543
1 0.7417172188520765 0.15769850866586055 0.02053196453569762 0.01713018943974204
1 0.7917638824078395 0.3156993147924224 0.013299113392440503 0.011084240225715438
1 0.5242650489967335 0.22642079806529625 0.010732617825478302 0.00947198710197501
1 0.517848810079328 0.23952035469568722 0.006299580027998133 0.005038291011688835
1 0.8287447503499766 0.33313180169286577 0.00979934671021932 0.009270455461507456
1 0.8518432104526364 0.52347843611447 0.009332711152589827 0.008665860540104797
1 0.8483434437704153 0.7615880693268843 0.01026598226784881 0.01128577186618299
1 0.8603593093793747 0.5182386134623136 0.011432571161922539 0.011084240225715438
1 0.8751749883341111 0.47652156388553 0.009332711152589827 0.009875050382910117
1 0.8859076061595894 0.4840790004030633 0.00979934671021932 0.01007658202337767
1 0.8887074195053664 0.5056428859330915 0.013065795613625758 0.012494961708988311
1 0.860475968268782 0.5756751309955663 0.024731684554363042 0.01995163240628779
1 0.8663089127391507 0.5888754534461911 0.022865142323845077 0.02257154373236598
1 0.9025898273448437 0.5751713018943975 0.021231917872141858 0.02176541717049577
1 0.8451936537564162 0.31066102378073357 0.012832477834811012 0.010278113663845224
1 0.8367942137190854 0.3287988714228134 0.012365842277181521 0.011084240225715438
1 0.6548063462435838 0.6081217251108424 0.011432571161922539 0.009875050382910117
1 0.8657256182921138 0.3485489721886336 0.014232384507699487 0.013099556630390972
1 0.8601259916005599 0.49858927851672713 0.010499300046663556 0.00886739218057235
1 0.8524265048996733 0.4775292220878678 0.00863275781614559 0.007053607416364369
1 0.8490433971068595 0.5401047964530431 0.022865142323845077 0.01894397420395002
1 0.8569762015865608 0.5614671503426037 0.021931871208586095 0.018540910923014912
1 0.8708586094260382 0.5527005239822652 0.02589827344843677 0.022370012091898428
1 0.8846243583761083 0.5434300685207578 0.021231917872141858 0.01833937928254736
1 0.9058562762482502 0.5308343409915357 0.02263182454503033 0.01894397420395002
1 0.8266448903406439 0.5941152760983475 0.01026598226784881 0.01007658202337767
1 0.8479934671021931 0.6461104393389763 0.024031731217918805 0.020959290608625555
1 0.8645590293980401 0.6681781539701733 0.010499300046663556 0.009875050382910117
1 0.8930237984134392 0.6626360338573156 0.01563229118058796 0.012898024989923419
1 0.8847410172655157 0.7388149939540508 0.007466168922071862 0.009673518742442563
1 0.8800746616892208 0.7184602982668279 0.011665888940737284 0.01007658202337767
1 0.8727251516565562 0.6942765014107215 0.009566028931404572 0.01007658202337767
1 0.9556696220251983 0.5229746070133011 0.011665888940737284 0.01128577186618299
1 0.95870275314979 0.5348649738008867 0.013065795613625758 0.01128577186618299
1 0.9284881007932805 0.5238814993954051 0.016565562295846943 0.014308746473196292
1 0.8622258516098926 0.5088673921805723 0.013299113392440503 0.011688835147118097
1 0.8343443770415305 0.5042321644498187 0.014465702286514233 0.011688835147118097
1 0.8314279048063462 0.49103184199919386 0.010032664489034065 0.00826279725916969
1 0.7943303779748017 0.3921805723498589 0.009099393373775081 0.008464328899637243
1 0.8358609426038264 0.3578194276501411 0.012365842277181521 0.011084240225715438
1 0.7746150256649557 0.36769447803305116 0.009332711152589827 0.00947198710197501
1 0.7926971535230984 0.3554010479645304 0.011432571161922539 0.011487303506650543
1 0.801329911339244 0.35882708585247886 0.01189920671955203 0.01189036678758565
1 0.8107792813812412 0.36185006045949214 0.012599160055996267 0.011487303506650543
1 0.8190620625291647 0.3664852881902459 0.013299113392440503 0.012696493349455865
1 0.7897806812879141 0.3759572752922209 0.009332711152589827 0.009068923821039904
1 0.7968968735417639 0.40064490124949614 0.009099393373775081 0.00886739218057235
1 0.8259449370041997 0.4791414752116082 0.014932337844143724 0.01189036678758565
1 0.8230284647690154 0.38492543329302703 0.012365842277181521 0.010479645304312777
1 0.8569762015865608 0.37222893994357115 0.013999066728884742 0.012494961708988311
1 0.8516098926738217 0.38069326884320837 0.013065795613625758 0.012494961708988311
1 0.8427438170788614 0.39893188230552196 0.014932337844143724 0.013905683192261185
1 0.8125291647223518 0.41717049576783555 0.009566028931404572 0.00886739218057235
1 0.835744283714419 0.45828295042321643 0.01026598226784881 0.009270455461507456
1 0.8302613159122725 0.46795646916565903 0.017498833411105925 0.014913341394598953
