1 0.61225 0.807375 0.013 0.01375
1 0.667375 0.7565 0.00625 0.0075
1 0.68525 0.760375 0.0065 0.00575
1 0.67725 0.77925 0.005 0.005
1 0.692375 0.77275 0.00525 0.0065
1 0.65325 0.819125 0.0065 0.00825
1 0.242 0.695875 0.0065 0.00825
1 0.636125 0.771 0.00675 0.006
1 0.64925 0.771375 0.0045 0.00425
1 0.645625 0.77075 0.00325 0.0035
1 0.677875 0.756625 0.00575 0.00625
1 0.680875 0.75825 0.00375 0.0035
1 0.68325 0.784125 0.0035 0.00425
1 0.68625 0.784375 0.0035 0.00425
1 0.689125 0.784875 0.00325 0.00425
1 0.692875 0.781375 0.00325 0.00425
1 0.69275 0.777375 0.0035 0.00375
1 0.65 0.75375 0.004 0.0045
1 0.673375 0.7745 0.00375 0.005
1 0.684 0.77625 0.003 0.0045
1 0.69225 0.78525 0.005 0.0045
1 0.67325 0.77875 0.0035 0.0045
1 0.641625 0.769875 0.00375 0.00325
1 0.552625 0.729625 0.00775 0.00725
1 0.68125 0.775125 0.003 0.00375
1 0.681125 0.780625 0.00325 0.00375
1 0.6805 0.78375 0.0025 0.0035
1 0.627625 0.842375 0.01325 0.01425