2 0.5562706877528503 0.6681818181818182 0.012872379551305628 0.023295454545454546
2 0.7458624494299375 0.6140625 0.02206693637366679 0.008806818181818181
2 0.6923501287237955 0.37329545454545454 0.010665685913938948 0.01818181818181818
2 0.6381022434718646 0.37514204545454544 0.008826774549466716 0.017897727272727273
2 0.6230231702831923 0.3771306818181818 0.008826774549466716 0.01960227272727273
2 0.6092313350496507 0.3765625 0.012872379551305628 0.020170454545454547
2 0.5958072820890034 0.3784090909090909 0.010297903641044501 0.021022727272727273
2 0.5665685913938948 0.3782670454545455 0.010665685913938948 0.023579545454545454
2 0.5522250827510115 0.38139204545454547 0.010665685913938948 0.023579545454545454
2 0.7443913203383596 0.40866477272727275 0.017653549098933432 0.007102272727272727
2 0.7443913203383596 0.4174715909090909 0.01986024273630011 0.006534090909090909
2 0.7416329532916514 0.43380681818181815 0.01875689591761677 0.005681818181818182
2 0.7226921662375874 0.4511363636363636 0.015446855461566752 0.006818181818181818
2 0.7204854726002207 0.4636363636363636 0.0051489518205222505 0.005113636363636364
2 0.7252666421478485 0.4636363636363636 0.0051489518205222505 0.005681818181818182
2 0.7294961382861346 0.4636363636363636 0.004045605001838912 0.005681818181818182
2 0.7085325487311511 0.4721590909090909 0.01140125045972784 0.014772727272727272
2 0.6826038984920927 0.47286931818181815 0.013240161824200073 0.01619318181818182
2 0.6515262964325119 0.44630681818181817 0.007723427730783376 0.017045454545454544
2 0.6381022434718646 0.44673295454545453 0.009562339095255609 0.01960227272727273
2 0.6261493196027952 0.44644886363636366 0.009194556822361161 0.018465909090909092
2 0.7066936373666789 0.37357954545454547 0.010665685913938948 0.02159090909090909
2 0.7197499080544317 0.3723011363636364 0.010297903641044501 0.020170454545454547
2 0.6769032732622288 0.34403409090909093 0.012872379551305628 0.023863636363636365
2 0.4358219933799191 0.38423295454545453 0.013975726369988967 0.026988636363636364
2 0.4657962486208165 0.38295454545454544 0.012872379551305628 0.024431818181818183
2 0.4507171754321442 0.3833806818181818 0.014343508642883413 0.02471590909090909
2 0.3933431408606105 0.38508522727272726 0.010665685913938948 0.023579545454545454
2 0.36502390584773814 0.38650568181818185 0.012872379551305628 0.026988636363636364
2 0.3330268481059213 0.3860795454545455 0.009930121368150056 0.023295454545454546
2 0.3795513056270688 0.3867897727272727 0.011033468186833395 0.023579545454545454
2 0.40695108495770504 0.38394886363636366 0.009930121368150056 0.021875
2 0.4205590290547996 0.3828125 0.009194556822361161 0.021875
2 0.4420742920191247 0.40142045454545455 0.005884516366311144 0.006818181818181818
2 0.6610886355277675 0.3443181818181818 0.012872379551305628 0.02215909090909091
2 0.48050753953659436 0.38238636363636364 0.010665685913938948 0.02215909090909091
2 0.4948510481794777 0.3822443181818182 0.010665685913938948 0.023579545454545454
2 0.5237219566016919 0.3808238636363636 0.010297903641044501 0.022443181818181817
2 0.46267009930121367 0.3495738636363636 0.013240161824200073 0.026420454545454546
2 0.5075395365943361 0.35 0.010297903641044501 0.019318181818181818
2 0.4352703199705774 0.35142045454545456 0.01140125045972784 0.02215909090909091
2 0.579073188672306 0.3470170454545455 0.010665685913938948 0.020738636363636365
2 0.6204486943729313 0.34616477272727275 0.010297903641044501 0.016761363636363637
2 0.640860610518573 0.47230113636363635 0.009194556822361161 0.015625
2 0.6279882309672674 0.47428977272727274 0.01140125045972784 0.01960227272727273
2 0.5316292754689224 0.4803977272727273 0.012872379551305628 0.026136363636363635
2 0.3734828981243104 0.48579545454545453 0.009930121368150056 0.023295454545454546
2 0.571717543214417 0.4426136363636364 0.006987863184994484 0.01534090909090909
2 0.47168076498712763 0.4504261363636364 0.012136815005516733 0.023011363636363635
2 0.4271791099668996 0.45071022727272725 0.012872379551305628 0.025852272727272727
2 0.41173225450533285 0.4505681818181818 0.015079073188672305 0.023863636363636365
2 0.35693269584406034 0.45142045454545454 0.012136815005516733 0.026704545454545453
2 0.3427730783376241 0.4525568181818182 0.011033468186833395 0.02727272727272727
2 0.3718278778962854 0.4509943181818182 0.016182420007355647 0.027556818181818182
2 0.2909157778595072 0.4536931818181818 0.01471129091577786 0.033522727272727273
2 0.3878264067671938 0.4856534090909091 0.010665685913938948 0.02130681818181818
2 0.5443177638837808 0.4473011363636364 0.010297903641044501 0.021875
2 0.4295696947407135 0.48338068181818183 0.011769032732622288 0.02471590909090909
2 0.5023905847738139 0.4811079545454545 0.010297903641044501 0.023579545454545454
2 0.5891872011769033 0.4772727272727273 0.009562339095255609 0.01875
2 0.6020595807282089 0.4765625 0.011769032732622288 0.023011363636363635
2 0.6147480691430673 0.47627840909090907 0.009194556822361161 0.020738636363636365
2 0.6669731518940787 0.4745738636363636 0.009930121368150056 0.020738636363636365
2 0.6971312982714233 0.4705965909090909 0.007723427730783376 0.015625
2 0.7420007355645458 0.48664772727272726 0.019492460463405664 0.00625
2 0.5290547995586613 0.4473011363636364 0.012872379551305628 0.02471590909090909
2 0.5586612725266642 0.4440340909090909 0.011033468186833395 0.025
2 0.5167340934166973 0.48139204545454545 0.01250459727841118 0.025852272727272727
2 0.31371827877896286 0.4893465909090909 0.011769032732622288 0.027556818181818182
2 0.4873115115851416 0.4823863636363636 0.009562339095255609 0.023295454545454546
2 0.46708348657594706 0.48423295454545456 0.02206693637366679 0.026420454545454546
2 0.4470393527031997 0.48394886363636364 0.01140125045972784 0.023579545454545454
2 0.4152261860978301 0.4875 0.013240161824200073 0.02556818181818182
2 0.400331004045605 0.48579545454545453 0.009194556822361161 0.023295454545454546
2 0.3587716072085326 0.4876420454545455 0.012872379551305628 0.026988636363636364
2 0.34461198970209633 0.48792613636363635 0.013975726369988967 0.026988636363636364
2 0.3280617874218463 0.4883522727272727 0.010297903641044501 0.02556818181818182
2 0.3113276940051489 0.45539772727272726 0.010665685913938948 0.021022727272727273
2 0.6132769400514895 0.44360795454545454 0.012136815005516733 0.022443181818181817
2 0.3260389849209268 0.4525568181818182 0.014343508642883413 0.026136363636363635
2 0.4858403824935638 0.4498579545454545 0.01250459727841118 0.021875
2 0.49944832659065835 0.44957386363636365 0.011033468186833395 0.020170454545454547
2 0.5152629643251195 0.4485795454545455 0.011033468186833395 0.020454545454545454
2 0.5851415961750643 0.44758522727272726 0.011769032732622288 0.020170454545454547
2 0.5994851048179478 0.446875 0.010297903641044501 0.017045454545454544
2 0.6800294225818315 0.4421875 0.011769032732622288 0.02130681818181818
2 0.6655020228025009 0.44488636363636364 0.01140125045972784 0.02159090909090909
2 0.5812798823096726 0.3809659090909091 0.012872379551305628 0.025
2 0.6517101875689592 0.37599431818181817 0.011033468186833395 0.022443181818181817
2 0.6763515998528871 0.3724431818181818 0.008091210003677823 0.019318181818181818
2 0.7804339830820154 0.28352272727272726 0.011033468186833395 0.00625
2 0.79735196763516 0.2262784090909091 0.011033468186833395 0.006534090909090909
2 0.7960647296800294 0.22201704545454545 0.010665685913938948 0.005965909090909091
2 0.7993747701360795 0.23508522727272727 0.009930121368150056 0.007670454545454545
2 0.8037881574108128 0.23295454545454544 0.008458992276572269 0.006818181818181818
2 0.7625965428466348 0.2705965909090909 0.012136815005516733 0.007102272727272727
2 0.7752850312614932 0.26534090909090907 0.011769032732622288 0.007386363636363636
2 0.7828245678558293 0.27457386363636366 0.010665685913938948 0.005965909090909091
2 0.781721221037146 0.2791193181818182 0.01140125045972784 0.005965909090909091
2 0.778411180581096 0.28735795454545454 0.01140125045972784 0.006534090909090909
2 0.7909157778595072 0.21505681818181818 0.010665685913938948 0.006818181818181818
2 0.7769400514895182 0.2916193181818182 0.012872379551305628 0.006534090909090909
2 0.7752850312614932 0.29588068181818183 0.011769032732622288 0.005965909090909091
2 0.7730783376241265 0.29985795454545455 0.01250459727841118 0.006534090909090909
2 0.7712394262596542 0.3041193181818182 0.011769032732622288 0.006534090909090909
2 0.7697682971680765 0.3080965909090909 0.011769032732622288 0.005965909090909091
2 0.7675616035307098 0.31235795454545456 0.01250459727841118 0.006534090909090909
2 0.7662743655755793 0.3163352272727273 0.012136815005516733 0.007102272727272727
2 0.7642515630746598 0.32059659090909093 0.011769032732622288 0.007102272727272727
2 0.7942258183155572 0.2184659090909091 0.009930121368150056 0.005681818181818182
2 0.7798823096726738 0.2177556818181818 0.007723427730783376 0.007102272727272727
2 0.7607576314821626 0.3286931818181818 0.012136815005516733 0.007386363636363636
2 0.7285766826038985 0.23792613636363635 0.0066200809121000365 0.007102272727272727
2 0.4928282456785583 0.1731534090909091 0.02500919455682236 0.022443181818181817
2 0.481059212945936 0.14119318181818183 0.018389113644722323 0.026704545454545453
2 0.5101140125045973 0.11221590909090909 0.019124678190511217 0.025
2 0.4685546156675248 0.17897727272727273 0.016182420007355647 0.01818181818181818
2 0.4755424788525193 0.20071022727272728 0.015446855461566752 0.017897727272727273
2 0.711658698050754 0.2450284090909091 0.011033468186833395 0.010511363636363636
2 0.7186465612357484 0.2411931818181818 0.00735564545788893 0.007386363636363636
2 0.7236116219198234 0.23991477272727274 0.007723427730783376 0.008238636363636363
2 0.7324383964692902 0.2359375 0.006987863184994484 0.007102272727272727
2 0.7747333578521515 0.21960227272727273 0.006987863184994484 0.00625
2 0.737219566016918 0.234375 0.007723427730783376 0.007386363636363636
2 0.742184626700993 0.23224431818181818 0.00735564545788893 0.007102272727272727
2 0.7465980139757263 0.23053977272727272 0.0066200809121000365 0.006534090909090909
2 0.751195292386907 0.22897727272727272 0.007723427730783376 0.007386363636363636
2 0.7556086796616404 0.22727272727272727 0.006987863184994484 0.006818181818181818
2 0.7607576314821626 0.22542613636363637 0.006987863184994484 0.006534090909090909
2 0.7653549098933431 0.22329545454545455 0.0066200809121000365 0.006818181818181818
2 0.7697682971680765 0.2215909090909091 0.0066200809121000365 0.00625
2 0.7629643251195293 0.3247159090909091 0.012872379551305628 0.007386363636363636
2 0.7598381757999264 0.3333806818181818 0.013240161824200073 0.007102272727272727
2 0.7155204119161457 0.3431818181818182 0.01140125045972784 0.019886363636363636
2 0.4792203015814638 0.35042613636363634 0.013240161824200073 0.02471590909090909
2 0.6105185730047812 0.30838068181818185 0.01986024273630011 0.010511363636363636
2 0.6279882309672674 0.30056818181818185 0.01875689591761677 0.011363636363636364
2 0.625229863920559 0.2948863636363636 0.019124678190511217 0.011363636363636364
2 0.31279882309672674 0.35951704545454544 0.012136815005516733 0.02471590909090909
2 0.33192350128723797 0.35454545454545455 0.01360794409709452 0.025
2 0.3471864656123575 0.3541193181818182 0.011769032732622288 0.024147727272727272
2 0.37532180948878263 0.35170454545454544 0.014343508642883413 0.026704545454545453
2 0.39132033835969104 0.35298295454545453 0.01250459727841118 0.023011363636363635
2 0.49319602795145273 0.3495738636363636 0.011769032732622288 0.021875
2 0.6127252666421479 0.29517045454545454 0.011033468186833395 0.00625
2 0.522250827510114 0.35127840909090907 0.010297903641044501 0.01903409090909091
2 0.5356748804707613 0.3484375 0.01140125045972784 0.021875
2 0.5638102243471864 0.34914772727272725 0.011769032732622288 0.02215909090909091
2 0.6083118793674145 0.34801136363636365 0.011033468186833395 0.01875
2 0.6342405296064729 0.3465909090909091 0.012872379551305628 0.021022727272727273
2 0.6485840382493564 0.34673295454545455 0.009930121368150056 0.01960227272727273
2 0.6906951084957705 0.34488636363636366 0.011769032732622288 0.01875
2 0.7041191614564178 0.3450284090909091 0.009194556822361161 0.017897727272727273
2 0.607024641412284 0.3025568181818182 0.019492460463405664 0.010227272727272727
2 0.6007723427730783 0.2988636363636364 0.012136815005516733 0.006818181818181818
2 0.7576314821625597 0.33707386363636366 0.013240161824200073 0.006534090909090909
2 0.654836336888562 0.27258522727272727 0.01655020228025009 0.009375
2 0.7559764619345347 0.34147727272727274 0.012872379551305628 0.00625
2 0.7535858771607209 0.3455965909090909 0.013240161824200073 0.005965909090909091
2 0.7473335785215153 0.26321022727272725 0.015446855461566752 0.017329545454545455
2 0.726553880102979 0.2571022727272727 0.006987863184994484 0.007386363636363636
2 0.7221404928282457 0.26008522727272726 0.01140125045972784 0.011079545454545455
2 0.7008091210003677 0.26661931818181817 0.012136815005516733 0.007102272727272727
2 0.7020963589554984 0.2544034090909091 0.018389113644722323 0.009943181818181818
2 0.6800294225818315 0.2625 0.016917984553144538 0.009659090909090909
2 0.7019124678190511 0.27428977272727273 0.019492460463405664 0.011079545454545455
2 0.6027951452739978 0.2916193181818182 0.028687017285766826 0.014488636363636363
2 0.6769032732622288 0.2754261363636364 0.01875689591761677 0.011079545454545455
2 0.6805810959911732 0.2794034090909091 0.02022802500919456 0.011647727272727273
2 0.6846267009930121 0.284375 0.02022802500919456 0.011931818181818182
2 0.6596175064361898 0.28210227272727273 0.02022802500919456 0.011363636363636364
2 0.663111438028687 0.28678977272727274 0.019124678190511217 0.011079545454545455
2 0.6283560132401618 0.2818181818181818 0.029054799558661273 0.01534090909090909
2 0.6423317396101508 0.2890625 0.01802133137182788 0.009375
2 0.6456417800662008 0.29446022727272725 0.019492460463405664 0.010511363636363636
2 0.7379551305627069 0.5901988636363636 0.014343508642883413 0.007102272727272727
2 0.7480691430673042 0.6230113636363637 0.02206693637366679 0.008522727272727272
2 0.5871643986759838 0.6642045454545454 0.014343508642883413 0.029545454545454545
2 0.6868333946303788 0.5728693181818182 0.010665685913938948 0.02130681818181818
2 0.6175064361897756 0.8453125 0.008826774549466716 0.015056818181818182
2 0.6485840382493564 0.828125 0.01360794409709452 0.033522727272727273
2 0.6662375873482899 0.8261363636363637 0.012136815005516733 0.031818181818181815
2 0.6851783744023539 0.828125 0.016182420007355647 0.038636363636363635
2 0.7024641412283928 0.8264204545454545 0.01471129091577786 0.03295454545454545
2 0.7186465612357484 0.8272727272727273 0.013975726369988967 0.03579545454545455
2 0.7543214417065097 0.8208806818181819 0.01471129091577786 0.029261363636363637
2 0.8104082383229129 0.8842329545454546 0.02022802500919456 0.009375
2 0.7328061787421847 0.7813920454545454 0.015079073188672305 0.030965909090909093
2 0.6995218830452372 0.7838068181818182 0.013975726369988967 0.02727272727272727
2 0.6789260757631482 0.7840909090909091 0.018389113644722323 0.03068181818181818
2 0.6278043398308202 0.7856534090909091 0.01471129091577786 0.02528409090909091
2 0.6118058109599117 0.7859375 0.015079073188672305 0.028125
2 0.5573740345715337 0.7865056818181818 0.014343508642883413 0.032670454545454544
2 0.4520044133872747 0.790625 0.013975726369988967 0.03125
2 0.4178006620080912 0.7892045454545454 0.013975726369988967 0.033522727272727273
2 0.40198602427363 0.7920454545454545 0.01471129091577786 0.029545454545454545
2 0.3644722324383965 0.7947443181818182 0.013240161824200073 0.030965909090909093
2 0.34994483265906584 0.7938920454545455 0.012136815005516733 0.030397727272727274
2 0.5937844795880839 0.8305397727272728 0.014343508642883413 0.03892045454545454
2 0.5755792570798087 0.8308238636363636 0.011769032732622288 0.03380681818181818
2 0.5253769768297168 0.8313920454545455 0.01360794409709452 0.03835227272727273
2 0.5397204854726002 0.7887784090909091 0.0158146377344612 0.028125
2 0.3177638837808018 0.6782670454545454 0.021331371827877896 0.028125
2 0.32401618242000735 0.7146306818181818 0.013975726369988967 0.030397727272727274
2 0.3458992276572269 0.7161931818181818 0.014343508642883413 0.03068181818181818
2 0.4023538065465245 0.7102272727272727 0.01250459727841118 0.026704545454545453
2 0.7543214417065097 0.7798295454545454 0.008091210003677823 0.015909090909090907
2 0.7168076498712762 0.7870738636363637 0.010297903641044501 0.02130681818181818
2 0.6603530709819787 0.7883522727272727 0.009194556822361161 0.01818181818181818
2 0.5739242368517837 0.7880681818181818 0.01140125045972784 0.02556818181818182
2 0.5216991541007724 0.7890625 0.012136815005516733 0.030965909090909093
2 0.5073556454578889 0.8360795454545454 0.01802133137182788 0.04261363636363636
2 0.5053328429569695 0.7909090909090909 0.01250459727841118 0.028409090909090908
2 0.48639205590290546 0.7899147727272727 0.010665685913938948 0.02471590909090909
2 0.4352703199705774 0.7916193181818182 0.012872379551305628 0.030397727272727274
2 0.38230967267377713 0.7930397727272728 0.015079073188672305 0.030965909090909093
2 0.3273262228760574 0.8178977272727272 0.01471129091577786 0.045454545454545456
2 0.3519676351599853 0.8369318181818182 0.013240161824200073 0.03295454545454545
2 0.43674144906215523 0.8376420454545455 0.014343508642883413 0.03892045454545454
2 0.44336152997425526 0.852840909090909 0.00625229863920559 0.008522727272727272
2 0.3856197131298271 0.8373579545454546 0.0158146377344612 0.041193181818181816
2 0.4201912467819051 0.8356534090909091 0.0158146377344612 0.03892045454545454
2 0.4737035674880471 0.8319602272727272 0.01471129091577786 0.036079545454545454
0 0.5187568959176168 0.3659090909090909 0.42552408973887457 0.06420454545454546
0 0.20650974623023172 0.28735795454545454 0.09084222140492829 0.23835227272727272
0 0.3962853990437661 0.12556818181818183 0.2953291651342405 0.09204545454545454
0 0.6263332107392424 0.08494318181818182 0.14564178006620082 0.010795454545454546
0 0.7534019860242737 0.115625 0.10261125413755057 0.061931818181818185
0 0.3157410812798823 0.20724431818181818 0.04891504229496138 0.11619318181818182
0 0.4010665685913939 0.18267045454545455 0.04817947774917249 0.11477272727272728
0 0.4836336888561971 0.1588068181818182 0.05369621184258919 0.11534090909090909
0 0.6774549466715705 0.2096590909090909 0.26921662375873484 0.125
0 0.50331004045605 0.46519886363636365 0.4115483633688856 0.06448863636363636
2 0.21184258918720117 0.7724431818181818 0.020595807282089002 0.03409090909090909
0 0.5115851415961751 0.5667613636363636 0.40529606472968005 0.06931818181818182
0 0.06712026480323649 0.4950284090909091 0.01802133137182788 0.20539772727272726
0 0.20062522986392056 0.7610795454545455 0.09672673777123943 0.4017045454545455
0 0.5273997793306363 0.9457386363636363 0.5818315557190143 0.06136363636363636
0 0.5500183891136448 0.8103693181818182 0.4314086061051857 0.08210227272727273
0 0.8188672305994851 0.2487215909090909 0.10114012504597278 0.215625
0 0.761125413755057 0.4825284090909091 0.019492460463405664 0.1963068181818182
2 0.6035307098197867 0.665625 0.01250459727841118 0.026136363636363635
2 0.22269216623758734 0.8285511363636363 0.019492460463405664 0.030397727272727274
2 0.6769032732622288 0.09744318181818182 0.04155939683707245 0.01818181818181818
2 0.5417432879735197 0.8291193181818182 0.017653549098933432 0.039488636363636365
2 0.3622655388010298 0.9443181818181818 0.013975726369988967 0.031818181818181815
2 0.6325855093784479 0.8284090909090909 0.016917984553144538 0.04147727272727273
2 0.5419271791099669 0.9367897727272727 0.012872379551305628 0.03721590909090909
2 0.5632585509378448 0.9420454545454545 0.017285766826038985 0.02556818181818182
2 0.5114012504597278 0.9404829545454545 0.01360794409709452 0.030965909090909093
2 0.4178006620080912 0.946590909090909 0.010297903641044501 0.025
2 0.48050753953659436 0.9446022727272727 0.012872379551305628 0.026136363636363635
2 0.3821257815373299 0.9454545454545454 0.013975726369988967 0.026704545454545453
2 0.26848105921294596 0.9413352272727272 0.016917984553144538 0.03664772727272727
2 0.3979404192717911 0.9457386363636363 0.01250459727841118 0.026136363636363635
2 0.6875689591761677 0.9342329545454545 0.0158146377344612 0.029261363636363637
2 0.4509010665685914 0.9446022727272727 0.01471129091577786 0.028977272727272727
2 0.7342773078337624 0.938778409090909 0.012136815005516733 0.023011363636363635
2 0.7469657962486208 0.9366477272727273 0.009562339095255609 0.017613636363636363
2 0.7940419271791099 0.9365056818181818 0.008826774549466716 0.017897727272727273
2 0.6121735932328062 0.9292613636363637 0.009194556822361161 0.013636363636363636
2 0.624310408238323 0.9295454545454546 0.009194556822361161 0.015909090909090907
2 0.6531813166605369 0.9269886363636364 0.008091210003677823 0.014204545454545454
2 0.2515630746598014 0.6336647727272727 0.013240161824200073 0.03153409090909091
2 0.41430673041559396 0.6732954545454546 0.01140125045972784 0.02556818181818182
2 0.42846634792203014 0.6713068181818181 0.01250459727841118 0.030113636363636363
2 0.5240897388745862 0.6693181818181818 0.010297903641044501 0.02784090909090909
2 0.32401618242000735 0.5869318181818182 0.00735564545788893 0.014204545454545454
2 0.6298271423317396 0.5443181818181818 0.012136815005516733 0.02159090909090909
2 0.5735564545788893 0.5464488636363637 0.012136815005516733 0.022443181818181817
2 0.5430305259286502 0.5453125 0.012872379551305628 0.02528409090909091
2 0.5106656859139389 0.5461647727272727 0.01140125045972784 0.027556818181818182
2 0.5272158881941891 0.5461647727272727 0.010665685913938948 0.025852272727272727
2 0.3843324751746966 0.5512784090909091 0.013240161824200073 0.026988636363636364
2 0.39922765722692166 0.5511363636363636 0.01360794409709452 0.026136363636363635
2 0.3510481794777492 0.5933238636363637 0.010665685913938948 0.02528409090909091
2 0.38543582199337995 0.5876420454545455 0.011769032732622288 0.022443181818181817
2 0.6566752482530342 0.5433238636363636 0.01140125045972784 0.018465909090909092
2 0.40198602427363 0.5877840909090909 0.01250459727841118 0.026704545454545453
2 0.4185362265538801 0.5896306818181818 0.01471129091577786 0.034375
2 0.46653181316660536 0.5852272727272727 0.01140125045972784 0.025
2 0.481059212945936 0.5835227272727272 0.011769032732622288 0.026704545454545453
2 0.4974255240897389 0.5859375 0.015079073188672305 0.025852272727272727
2 0.5132401618242001 0.5850852272727273 0.012136815005516733 0.025852272727272727
2 0.5292386906951085 0.5842329545454545 0.013240161824200073 0.03153409090909091
2 0.5610518573004781 0.58125 0.012872379551305628 0.02727272727272727
2 0.6436189775652813 0.5426136363636364 0.010297903641044501 0.019886363636363636
2 0.6842589187201177 0.5419034090909091 0.01360794409709452 0.022443181818181817
2 0.6044501655020228 0.5792613636363636 0.01140125045972784 0.023863636363636365
2 0.36888561971312983 0.5492897727272728 0.011769032732622288 0.015056818181818182
2 0.6723059948510481 0.575 0.01250459727841118 0.026136363636363635
2 0.575763148216256 0.5795454545454546 0.010665685913938948 0.023863636363636365
2 0.5450533284295697 0.5796875 0.010297903641044501 0.024147727272727272
2 0.4501655020228025 0.5866477272727273 0.013240161824200073 0.029545454545454545
2 0.4334314086061052 0.5883522727272728 0.01360794409709452 0.02784090909090909
2 0.33909525560867965 0.6021306818181819 0.009562339095255609 0.014488636363636363
2 0.33817579992644353 0.584659090909091 0.009930121368150056 0.014204545454545454
2 0.3359691062890769 0.5549715909090909 0.017285766826038985 0.005965909090909091
2 0.35399043766090477 0.5650568181818182 0.008458992276572269 0.004545454545454545
2 0.5891872011769033 0.5477272727272727 0.010297903641044501 0.017613636363636363
2 0.44575211474806914 0.5517045454545455 0.011769032732622288 0.02215909090909091
2 0.4144906215520412 0.5519886363636364 0.01250459727841118 0.025
2 0.49558661272526666 0.5480113636363636 0.012136815005516733 0.025
2 0.4770136079440971 0.5498579545454545 0.008826774549466716 0.017329545454545455
2 0.463773446119897 0.5504261363636364 0.01250459727841118 0.02130681818181818
2 0.6706509746230231 0.5424715909090909 0.012872379551305628 0.022443181818181817
2 0.6176903273262229 0.5450284090909091 0.009930121368150056 0.018465909090909092
2 0.6015079073188673 0.5460227272727273 0.01140125045972784 0.019886363636363636
2 0.5893710923133505 0.5786931818181819 0.01140125045972784 0.026136363636363635
2 0.6175064361897756 0.5745738636363636 0.01250459727841118 0.022443181818181817
2 0.5099301213681501 0.6684659090909091 0.012136815005516733 0.028977272727272727
2 0.6281721221037146 0.6690340909090909 0.010297903641044501 0.020454545454545454
2 0.7708716439867599 0.7272727272727273 0.016917984553144538 0.007954545454545454
2 0.7515630746598014 0.6919034090909091 0.007723427730783376 0.011647727272727273
2 0.7401618242000736 0.6931818181818182 0.009930121368150056 0.022727272727272728
2 0.7239794041927179 0.69375 0.009930121368150056 0.01818181818181818
2 0.6980507539536595 0.6964488636363636 0.011033468186833395 0.02130681818181818
2 0.6848105921294594 0.6964488636363636 0.009562339095255609 0.01960227272727273
2 0.6700993012136816 0.696875 0.009562339095255609 0.02159090909090909
2 0.641596175064362 0.6661931818181818 0.01140125045972784 0.023295454545454546
2 0.6073924236851784 0.7036931818181819 0.012872379551305628 0.029545454545454545
2 0.7107392423685178 0.6967329545454546 0.009194556822361161 0.020170454545454547
2 0.5912100036778227 0.7045454545454546 0.009930121368150056 0.02727272727272727
2 0.5752114748069143 0.7048295454545455 0.013975726369988967 0.029545454545454545
2 0.5435821993379919 0.7083806818181818 0.01250459727841118 0.03210227272727273
2 0.49577050386171384 0.7082386363636364 0.013975726369988967 0.030113636363636363
2 0.4470393527031997 0.7105113636363637 0.014343508642883413 0.029545454545454545
2 0.4641412283927915 0.7112215909090909 0.01471129091577786 0.030965909090909093
2 0.43159249724163296 0.7120738636363636 0.01360794409709452 0.032670454545454544
2 0.47664582567120267 0.6728693181818182 0.01250459727841118 0.023011363636363635
2 0.7682971680764987 0.7183238636363637 0.01471129091577786 0.007102272727272727
2 0.6430673041559397 0.6984375 0.012136815005516733 0.024147727272727272
2 0.7013607944097094 0.5710227272727273 0.008826774549466716 0.01818181818181818
2 0.4930121368150055 0.6715909090909091 0.012136815005516733 0.02556818181818182
2 0.713313718278779 0.5704545454545454 0.01140125045972784 0.019886363636363636
2 0.7225082751011401 0.6622159090909091 0.009930121368150056 0.023295454545454546
2 0.654836336888562 0.6661931818181818 0.008458992276572269 0.019886363636363636
2 0.7089003310040456 0.665625 0.010665685913938948 0.01818181818181818
2 0.6949246046340566 0.6678977272727272 0.009930121368150056 0.015909090909090907
2 0.6813166605369622 0.6674715909090909 0.009194556822361161 0.01960227272727273
2 0.6678926075763149 0.6667613636363636 0.009562339095255609 0.019318181818181818
2 0.5709819786686282 0.6683238636363636 0.009194556822361161 0.02130681818181818
2 0.4455682236116219 0.6708806818181818 0.014343508642883413 0.028125
2 0.5590290547995587 0.7092329545454545 0.01250459727841118 0.03210227272727273
2 0.39830820154468555 0.6734375 0.013975726369988967 0.029829545454545456
2 0.36594336152997425 0.675 0.01471129091577786 0.028409090909090908
2 0.34295696947407134 0.675 0.015079073188672305 0.02727272727272727
2 0.38580360426627436 0.7132102272727273 0.015446855461566752 0.030397727272727274
2 0.4170650974623023 0.7106534090909091 0.011769032732622288 0.029829545454545456
2 0.4025376976829717 0.7262784090909091 0.010665685913938948 0.005397727272727273
2 0.4797719749908054 0.7076704545454545 0.012872379551305628 0.029545454545454545
2 0.5261125413755057 0.7090909090909091 0.01360794409709452 0.03295454545454545
2 0.6165869805075396 0.21335227272727272 0.237219566016918 0.10681818181818181