1 0.9452988610857095 0.22656561627443159 0.010807215894920608 0.025528520143597924
1 0.9303350236927426 0.9475468687674511 0.01779034001163854 0.03948942959712804
1 0.92293623742622 0.9790586358197049 0.014963837392966996 0.03390506581571599
1 0.894172416659739 0.9501396090945353 0.01828913459140411 0.03909054646988432
1 0.8865242331033336 0.9846429996011169 0.02028431291046637 0.027522935779816515
1 0.9578518580098097 0.9914240127642601 0.0076481835564053535 0.014758675708017551
1 0.9393133261285227 0.1882728360590347 0.011139745614764319 0.027124052652572797
1 0.5943553080056531 0.42191862784204226 0.009393964585584837 0.022138013562026326
1 0.6052456563305345 0.3680694056641404 0.016875883282068335 0.03928998803350618
1 0.38660736553329456 0.4088552054248105 0.007731315986366281 0.01994415636218588
1 0.856180896167595 0.1696250498603909 0.022445756089450496 0.046469884323893096
1 0.8763820766481004 0.14838452333466295 0.014132513093357718 0.035899481451934584
1 0.55287222545515 0.5760869565217391 0.017208413001912046 0.040486637415237337
1 0.6113558899326628 0.3364579178300758 0.016792750852107408 0.040686078978859196
1 0.631640202843129 0.35809732748304746 0.018787929171169674 0.04327881930594336
1 0.8359797156870895 0.2371360191463901 0.022279491229528638 0.05305145592341444
1 0.8288303267104498 0.29078579976067015 0.017624075151716684 0.03988831272437176
1 0.8441266938232604 0.27423214998005585 0.016959015712029263 0.04188272836059035
1 0.8640784770138831 0.2562824092540886 0.01862166431124782 0.04427602712405265
1 0.8851109817939978 0.23454327881930595 0.015130102252888852 0.038292780215396886
1 0.9502868068833652 0.17730355005983248 0.011472275334608031 0.029118468288791385
1 0.966663895585668 0.21080973274830475 0.00997589159531133 0.022736338252891904
1 0.9714855765234017 0.062026326286398085 0.015961426552498128 0.04268049461507778
1 0.9388976639787181 0.09413641802951735 0.01928672375093524 0.04706820901475867
1 0.9223543104164935 0.10331072995612285 0.009809626735389475 0.022337455125648185
1 0.8919278410507939 0.1346230554447547 0.016127691412419987 0.03948942959712804
1 0.8077146895003741 0.20642201834862386 0.01895419403109153 0.05145592341443957
1 0.7925014548175243 0.18727562824092542 0.011472275334608031 0.030714000797766254
1 0.7683930501288553 0.24411647387315516 0.024773464128356473 0.05105704028719585
1 0.7768725579848699 0.27124052652572794 0.01779034001163854 0.0430793777423215
1 0.7552581261950286 0.2995612285600319 0.012469864494139164 0.02792181890706023
1 0.703050960179566 0.33805345033905065 0.022445756089450496 0.0498603909054647
1 0.62544683681104 0.39260071798962903 0.020533710200349158 0.046868767451136814
1 0.7302352647767895 0.27861986437973674 0.01828913459140411 0.04427602712405265
1 0.7073738465375343 0.30035899481451933 0.019120458891013385 0.04148384523334663
1 0.7415412752514756 0.2167929796569605 0.015628896832654417 0.038691663342640605
1 0.43195610607698065 0.290985241324292 0.01862166431124782 0.03948942959712804
1 0.3315321306841799 0.6541683286796969 0.015296367112810707 0.033506182688472275
1 0.36636461883780863 0.6240526525727962 0.019452988610857095 0.043478260869565216
1 0.3623742621996841 0.5927403270841644 0.016792750852107408 0.03669724770642202
1 0.36353811621913706 0.433585959313921 0.019785518330700805 0.046270442760271244
1 0.34632970321722506 0.44854407658556045 0.02028431291046637 0.04746709214200239
1 0.44043561393299524 0.27802153968887117 0.008978302435780197 0.020741922616673316
1 0.41217058774627985 0.3067411248504188 0.01895419403109153 0.040686078978859196
1 0.3859838723085876 0.6621459912245712 0.02045057777038823 0.046270442760271244
1 0.3951284396042896 0.5029916234543279 0.019452988610857095 0.048663741523733546
1 0.4345332114057694 0.5251296370163542 0.012802394213982875 0.027522935779816515
1 0.4815861667636545 0.5171519744714799 0.019785518330700805 0.04028719585161548
1 0.447668135339596 0.5478659752692461 0.02078310749023194 0.045871559633027525
1 0.38207664810042397 0.7112086158755485 0.017624075151716684 0.0430793777423215
1 0.39038989109651673 0.7628639808536098 0.01330118879374844 0.02672516952532908
1 0.34691163022695154 0.7405265257279617 0.01745781029179483 0.04188272836059035
1 0.3207249147892593 0.7187873952931791 0.011306010474686176 0.02473075388911049
1 0.3191453986200017 0.7660550458715596 0.01745781029179483 0.04188272836059035
1 0.3028514423476598 0.7798165137614679 0.016460221132263697 0.040686078978859196
1 0.28946712112395045 0.9571200638213003 0.01263612935406102 0.028320702034303948
1 0.26444425970571117 0.9112485041882729 0.010807215894920608 0.02672516952532908
1 0.2759165350403192 0.8476266453928999 0.02045057777038823 0.046270442760271244
1 0.22321057444509104 0.858795372955724 0.009144567295702054 0.023932987634623055
1 0.2986948208496134 0.6834862385321101 0.01745781029179483 0.04028719585161548
1 0.26776955690414833 0.670921420023933 0.02111563721007565 0.04706820901475867
1 0.23376839305012886 0.7153968887116074 0.01263612935406102 0.02672516952532908
1 0.17582508936736221 0.9018747506980455 0.010807215894920608 0.025528520143597924
1 0.14298777953279573 0.9345831671320303 0.020949372350153796 0.05105704028719585
1 0.12345165849197771 0.8093338651775029 0.02377587496882534 0.05265257279617072
1 0.06500956022944551 0.8583964898284803 0.01995178319062266 0.046270442760271244
1 0.035663812453238006 0.8310729956122856 0.01779034001163854 0.043478260869565216
1 0.017291545431872973 0.8486238532110092 0.01828913459140411 0.04427602712405265
1 0.43303682766647267 0.7269644994016753 0.02078310749023194 0.04746709214200239
1 0.4066838473688586 0.644196250498604 0.01263612935406102 0.02792181890706023
1 0.758334026103583 0.19385719984044675 0.01828913459140411 0.04148384523334663
1 0.6698811206251559 0.36437973673713603 0.01961925347077895 0.04427602712405265
1 0.6177570870396542 0.30813721579577186 0.011139745614764319 0.02672516952532908
1 0.6281486407847702 0.25428799361786997 0.010973480754842464 0.025927403270841642
1 0.6753678610025771 0.18408456322297567 0.00964336187546762 0.01954527323494216
1 0.6463546429462134 0.27562824092540883 0.012469864494139164 0.02792181890706023
1 0.6408679025687921 0.30414838452333465 0.022113226369606782 0.04746709214200239
1 0.650261867154377 0.5368966892700439 0.022279491229528638 0.046270442760271244
1 0.6702967827749605 0.3300757877941763 0.014797572533045141 0.03390506581571599
1 0.42696816027932494 0.625648185081771 0.012303599634217309 0.02672516952532908
1 0.6757003907224208 0.30374950139609097 0.011306010474686176 0.02512963701635421
1 0.6818521905395295 0.2738332668528121 0.017956604871560394 0.04268049461507778
1 0.6890847119461302 0.23972875947347427 0.01745781029179483 0.04148384523334663
1 0.7266605702884695 0.13881132828081372 0.011804805054451742 0.027124052652572797
1 0.7522653587164353 0.14459513362584764 0.010474686175076898 0.023534104507379337
1 0.7634882367611605 0.15855604307937773 0.015628896832654417 0.0362983645791783
1 0.6003824091778203 0.39369764658954925 0.010308421315155043 0.023932987634623055
1 0.5861667636545016 0.42820103709613083 0.010474686175076898 0.028320702034303948
1 0.577687255798487 0.43577981651376146 0.011472275334608031 0.03151176705225369
1 0.5667137750436445 0.5025927403270841 0.019452988610857095 0.04148384523334663
1 0.6096101089034832 0.5725967291583566 0.01812286973148225 0.04028719585161548
1 0.5393632055864993 0.4708815317112086 0.00964336187546762 0.023534104507379337
1 0.5543270429794663 0.3450339050658157 0.02261202094937235 0.048663741523733546
1 0.5564053537284895 0.2917830075787794 0.019120458891013385 0.04507379337854009
1 0.5397788677363039 0.30694056641404066 0.02078310749023194 0.0498603909054647
1 0.5228198520242747 0.32169924212205825 0.022445756089450496 0.052253689668927
1 0.50627649846205 0.3340646190666135 0.021614431789841217 0.05065815715995214
1 0.5206584088452906 0.5530514559234144 0.010474686175076898 0.025927403270841642
1 0.48466206667220885 0.5741922616673315 0.022279491229528638 0.04746709214200239
1 0.5002909635048632 0.6679297965696052 0.011306010474686176 0.02512963701635421
1 0.4668717266605703 0.6431990426804947 0.011306010474686176 0.029118468288791385
1 0.4573114972150636 0.6495811727163942 0.010142156455233186 0.02512963701635421
1 0.4480006650594397 0.6071001196649382 0.011472275334608031 0.02632628639808536
1 0.02111563721007565 0.5702034303948943 0.01263612935406102 0.028320702034303948