1 0.1755516984874783 0.488791032826261 0.02578725514505331 0.017614091273018415
1 0.07475824448301513 0.43614891913530823 0.031986114554921896 0.02522017614091273
1 0.07091495164889661 0.3794035228182546 0.023307711381105878 0.015412329863891112
1 0.07736176543515993 0.3631905524419536 0.022315893875526904 0.014611689351481185
1 0.07686585668237045 0.341373098478783 0.02429952888668485 0.01621297037630104
1 0.10612447309695017 0.3300640512409928 0.029754525167369206 0.022818254603682947
1 0.14926853458963552 0.3735988791032826 0.028266798909000745 0.0222177742193755
1 0.24423506074882223 0.3758006405124099 0.024795437639474338 0.019415532425940754
1 0.21051326555913713 0.35658526821457165 0.023803620133895365 0.019415532425940754
1 0.23357302256384826 0.29523618895116094 0.024795437639474338 0.020816653322658127
1 0.21051326555913713 0.29573658927141716 0.025291346392263825 0.019415532425940754
1 0.15273989585916192 0.3088470776621297 0.039176791470369454 0.03042433947157726
1 0.028886684849987604 0.39561649319455566 0.018100669476816267 0.017013610888710968
1 0.07711381105876519 0.31084867894315454 0.023307711381105878 0.015612489991993595
1 0.1554673939995041 0.22968374699759808 0.0337217951896851 0.027822257806244997
1 0.07203074634267295 0.23809047237790232 0.03248202330771138 0.023819055244195357
1 0.07327051822464667 0.21257005604483586 0.03297793206050087 0.025620496397117692
1 0.07066699727250186 0.18574859887910328 0.03173816017852715 0.023618895116092876
1 0.07252665509546244 0.15972778222578063 0.035457475824448303 0.02401921537229784
1 0.07066699727250186 0.13440752602081665 0.03421770394247459 0.024619695756605286
1 0.17108851971237293 0.16753402722177743 0.02132407636994793 0.015612489991993595
1 0.16749318125464915 0.12880304243394716 0.038432928341185224 0.03102481985588471
1 0.17852715100421523 0.10738590872698159 0.042152243987106375 0.030624499599679743
1 0.09025539300768659 0.09517614091273019 0.023803620133895365 0.018614891913530825
1 0.16823704438383338 0.06405124099279423 0.04537565088023804 0.03482786228983187
1 0.16712124969005704 0.017514011208967173 0.026779072650632285 0.02141713370696557
1 0.13860649640466155 0.008807045636509208 0.027274981403421772 0.014811849479583666
1 0.06893131663773866 0.41443154523618897 0.019340441358789984 0.014611689351481185
1 0.07500619885940987 0.4621697357886309 0.03297793206050087 0.02401921537229784
1 0.17530374411108357 0.45256204963971175 0.025291346392263825 0.017614091273018415
1 0.1795189685097942 0.5060048038430744 0.0262831638978428 0.01721377101681345
1 0.38817257624597074 0.631204963971177 0.020084304487974214 0.017413931144915934
1 0.1839821472848996 0.5233186549239391 0.026779072650632285 0.019015212169735788
1 0.5406645177287379 0.6076861489191353 0.024051574510290108 0.018815052041633307
1 0.4011901810066948 0.5730584467574059 0.04165633523431689 0.03362690152121697
1 0.49342920902553933 0.6157926341072858 0.02281180262831639 0.01821457165732586
1 0.4685097941978676 0.6190952762209768 0.023059757004711134 0.019615692554043235
1 0.44433424249938014 0.6234987990392313 0.023307711381105878 0.01721377101681345
1 0.3286635259112323 0.6444155324259407 0.03744111083560625 0.03262610088070456
1 0.2938259360277709 0.6500200160128102 0.0411604264815274 0.03382706164931946
1 0.34825192164641705 0.5807646116893515 0.03744111083560625 0.03022417934347478
1 0.32333250681874537 0.5843674939951962 0.022315893875526904 0.016613290632506005
1 0.29791718323828414 0.5876701361088871 0.038432928341185224 0.03122497998398719
1 0.2185717827919663 0.8134507606084868 0.04636746838581701 0.03362690152121697
1 0.0722787007190677 0.5990792634107286 0.022563848251921648 0.014811849479583666
1 0.06955120257872552 0.5835668534827863 0.018596578229605754 0.014611689351481185
1 0.07091495164889661 0.5682546036829463 0.022315893875526904 0.014411529223378704
1 0.0691792710141334 0.5525420336269016 0.020332258864368957 0.014611689351481185
1 0.11505083064716093 0.7817253803042434 0.019340441358789984 0.017814251401120897
1 0.07860153731713365 0.7509007205764612 0.021819985122737418 0.015412329863891112
1 0.07810562856434417 0.7331865492393915 0.01983635011157947 0.013610888710968775
1 0.08132903545747583 0.7147718174539631 0.02925861641457972 0.018815052041633307
1 0.0805851723282916 0.6950560448358687 0.024795437639474338 0.015812650120096076
1 0.03421770394247459 0.7314851881505204 0.019340441358789984 0.017013610888710968
1 0.22526655095462436 0.6043835068054444 0.0205802132407637 0.01501200960768615
1 0.11542276221175304 0.6217974379503602 0.02851475328539549 0.021016813450760608
1 0.13191172824200348 0.5846677341873499 0.020828167617158444 0.014411529223378704
1 0.1589387552690305 0.5474379503602882 0.0262831638978428 0.018414731785428344
1 0.18670964542524177 0.5432345876701361 0.02777089015621126 0.019615692554043235
1 0.4409868584180511 0.5669535628502802 0.04041656335234317 0.03422738190552442
1 0.5628564344160675 0.6042834267413931 0.023307711381105878 0.019615692554043235
1 0.4691296801388545 0.5641513210568455 0.02281180262831639 0.020616493194555646
1 0.823208529630548 0.7324859887910328 0.02578725514505331 0.019815852682145717
1 0.8750309942970493 0.7707165732586069 0.032729977684106126 0.02622097678142514
1 0.8524671460451277 0.7814251401120896 0.03322588643689561 0.025620496397117692
1 0.8296553434168114 0.7922337870296237 0.03471361269526407 0.026821457165732587
1 0.7059261095958344 0.6551240992794235 0.028762707661790232 0.02321857485988791
1 0.6693528390776097 0.8066453162530024 0.026531118274237542 0.020016012810248198
1 0.713488718075874 0.8537830264211369 0.044383833374659065 0.0322257806244996
1 0.6762955616166625 0.8716973578863091 0.04339201586908009 0.034027221777421936
1 0.6465410364492933 0.8847077662129704 0.04190428961071163 0.03282626100880705
1 0.6589387552690305 0.9703763010408326 0.029506570790974462 0.018414731785428344
1 0.6591867096454253 0.9612690152121698 0.027522935779816515 0.017013610888710968
1 0.6595586412100174 0.9525620496397118 0.02777089015621126 0.016813450760608487
1 0.6576989833870568 0.9392514011208967 0.030498388296553436 0.01821457165732586
1 0.6756756756756757 0.9381505204163331 0.03471361269526407 0.02802241793434748
1 0.6196379866104637 0.9013210568454764 0.042152243987106375 0.03242594075260208
1 0.5890156211257128 0.9138310648518815 0.041408380857922145 0.03382706164931946
1 0.5581453012645673 0.9278422738190553 0.04413587899826432 0.03342674139311449
1 0.47979171832382844 0.9145316253002402 0.027274981403421772 0.020416333066453164
1 0.49008182494421026 0.9173338670936749 0.030498388296553436 0.02642113690952762
1 0.4668980907513018 0.9092273819055244 0.03421770394247459 0.02502001601281025
1 0.6098437887428713 0.5308246597277823 0.0468633771386065 0.03642914331465172
1 0.5578973468881726 0.546937550040032 0.02132407636994793 0.01821457165732586
1 0.5383089511529878 0.552341873498799 0.02281180262831639 0.02141713370696557
1 0.5142573766426978 0.5555444355484388 0.023307711381105878 0.019815852682145717
1 0.49107364244978924 0.5595476381104884 0.023059757004711134 0.019415532425940754
1 0.06136870815769899 0.007906325060048038 0.0205802132407637 0.013811048839071256