2 0.508252063015754 0.8509485094850948 0.011252813203300824 0.013550135501355014
2 0.4118529632408102 0.8351400180668473 0.012003000750187547 0.013550135501355014
2 0.423105776444111 0.8362691960252936 0.016504126031507877 0.017615176151761516
2 0.43285821455363843 0.8394308943089431 0.010502625656414103 0.014001806684733513
2 0.4426106526631658 0.8405600722673894 0.010502625656414103 0.013550135501355014
2 0.45423855963991 0.842140921409214 0.011252813203300824 0.016711833785004515
2 0.4647411852963241 0.8450767841011744 0.014253563390847712 0.014453477868112014
2 0.47561890472618157 0.8453026196928636 0.010502625656414103 0.014905149051490514
2 0.48799699924981244 0.8480126467931346 0.012753188297074268 0.015808491418247517
2 0.4981245311327832 0.8498193315266486 0.01350337584396099 0.015808491418247517
2 0.518754688672168 0.8543360433604336 0.009752438109527382 0.014905149051490514
2 0.38897224306076517 0.8317524841915086 0.014253563390847712 0.015808491418247517
2 0.5303825956489122 0.8552393857271906 0.015003750937734433 0.014001806684733513
2 0.5420105026256564 0.8568202348690154 0.011252813203300824 0.017163504968383016
2 0.5517629407351838 0.8588527551942186 0.014253563390847712 0.014001806684733513
2 0.5637659414853713 0.8608852755194218 0.012753188297074268 0.016260162601626018
2 0.5738934733683421 0.8622402890695574 0.016504126031507877 0.016260162601626018
2 0.5843960990247562 0.8638211382113821 0.01350337584396099 0.015808491418247517
2 0.32970742685671417 0.842140921409214 0.011252813203300824 0.014001806684733513
2 0.3390847711927982 0.8412375790424571 0.010502625656414103 0.012195121951219513
2 0.3589647411852963 0.8462059620596206 0.015753938484621154 0.015808491418247517
2 0.400225056264066 0.8337850045167118 0.0172543135783946 0.014453477868112014
2 0.3777194298574644 0.8306233062330624 0.014253563390847712 0.014453477868112014
2 0.37959489872468116 0.7818428184281843 0.01350337584396099 0.015356820234869015
2 0.5183795948987246 0.8032971996386631 0.015003750937734433 0.014905149051490514
2 0.4028507126781695 0.7850045167118338 0.01350337584396099 0.016260162601626018
2 0.41410352588147037 0.7870370370370371 0.016504126031507877 0.017615176151761516
2 0.4264816204051013 0.7890695573622403 0.014253563390847712 0.018970189701897018
2 0.4377344336084021 0.7899728997289973 0.0172543135783946 0.016260162601626018
2 0.4493623405851463 0.7920054200542005 0.016504126031507877 0.016711833785004515
2 0.47336834208552137 0.796973803071364 0.01350337584396099 0.017615176151761516
2 0.48499624906226557 0.7965221318879856 0.015753938484621154 0.015808491418247517
2 0.495873968492123 0.799683830171635 0.016504126031507877 0.018518518518518517
2 0.5075018754688673 0.8028455284552846 0.014253563390847712 0.014905149051490514
2 0.5311327831957989 0.8064588979223125 0.01800450112528132 0.016711833785004515
2 0.3668417104276069 0.8288166214995484 0.015003750937734433 0.015356820234869015
2 0.5427606901725431 0.8082655826558266 0.0172543135783946 0.016711833785004515
2 0.5543885971492873 0.8112014453477868 0.01800450112528132 0.017163504968383016
2 0.5663915978994749 0.8118789521228545 0.01350337584396099 0.016711833785004515
2 0.5776444111027756 0.814137308039747 0.01800450112528132 0.016711833785004515
2 0.5900225056264066 0.8157181571815718 0.012753188297074268 0.016260162601626018
2 0.6005251312828207 0.8179765130984643 0.014253563390847712 0.018066847335140017
2 0.3379594898724681 0.8222673893405601 0.011252813203300824 0.014905149051490514
2 0.3454613653413353 0.8252032520325203 0.011252813203300824 0.013550135501355014
2 0.35596399099774945 0.8272357723577236 0.012753188297074268 0.014905149051490514
2 0.3709677419354839 0.8475609756097561 0.012753188297074268 0.014001806684733513
2 0.38072018004501124 0.8498193315266486 0.011252813203300824 0.014905149051490514
2 0.3919729932483121 0.8520776874435411 0.015753938484621154 0.016711833785004515
2 0.12115528882220555 0.994579945799458 0.02175543885971493 0.01084010840108401
2 0.4752438109527382 0.9216350496838301 0.012753188297074268 0.02122854561878952
2 0.4924981245311328 0.9243450767841012 0.012753188297074268 0.02032520325203252
2 0.5067516879219804 0.9250225835591689 0.015753938484621154 0.02077687443541102
2 0.5225056264066017 0.9247967479674797 0.011252813203300824 0.023035230352303523
2 0.5375093773443361 0.926829268292683 0.018754688672168042 0.02077687443541102
2 0.5566391597899475 0.9297651309846432 0.016504126031507877 0.018518518518518517
2 0.17366841710427608 0.9690605239385727 0.011252813203300824 0.004968383017163505
2 0.14628657164291073 0.969286359530262 0.012003000750187547 0.01084010840108401
2 0.15828957239309827 0.9708672086720868 0.016504126031507877 0.0076784101174345075
2 0.14328582145536384 0.9934507678410117 0.01800450112528132 0.013098464317976514
2 0.4028507126781695 0.8543360433604336 0.016504126031507877 0.014905149051490514
2 0.1522880720180045 0.993676603432701 0.010502625656414103 0.00993676603432701
2 0.16166541635408851 0.9925474254742548 0.011252813203300824 0.011291779584462511
2 0.18267066766691673 0.9902890695573623 0.015753938484621154 0.014001806684733513
2 0.19092273068267065 0.9889340560072267 0.012753188297074268 0.014001806684733513
2 0.20630157539384847 0.9884823848238482 0.01350337584396099 0.014905149051490514
2 0.1991747936984246 0.986449864498645 0.012753188297074268 0.016260162601626018
2 0.02250562640660165 0.8920505871725384 0.0345086271567892 0.008130081300813009
2 0.012003000750187547 0.8803071364046974 0.019504876219054765 0.009033423667570008
2 0.2996999249812453 0.9015356820234869 0.015753938484621154 0.02168021680216802
2 0.46211552888222057 0.9202800361336947 0.01800450112528132 0.023938572719060525
2 0.44486121530382594 0.9198283649503162 0.01800450112528132 0.023035230352303523
2 0.4309827456864216 0.919602529358627 0.014253563390847712 0.02077687443541102
2 0.41410352588147037 0.9182475158084914 0.01800450112528132 0.022583559168925023
2 0.4242310577644411 0.8572719060523939 0.014253563390847712 0.016260162601626018
2 0.4351087771942986 0.8588527551942186 0.015003750937734433 0.015808491418247517
2 0.445986496624156 0.8608852755194218 0.014253563390847712 0.014453477868112014
2 0.4579894973743436 0.8615627822944896 0.011252813203300824 0.014001806684733513
2 0.46774193548387094 0.8642728093947606 0.014253563390847712 0.014905149051490514
2 0.4797449362340585 0.8665311653116531 0.014253563390847712 0.015808491418247517
2 0.49024756189047264 0.8683378500451672 0.015753938484621154 0.015808491418247517
2 0.5011252813203301 0.8690153568202349 0.015003750937734433 0.014453477868112014
2 0.5116279069767442 0.8712737127371274 0.015003750937734433 0.013550135501355014
2 0.5225056264066017 0.8728545618789522 0.014253563390847712 0.014905149051490514
2 0.5341335333833458 0.8751129177958447 0.015003750937734433 0.015808491418247517
2 0.5438859714928732 0.8769196025293586 0.015003750937734433 0.015808491418247517
2 0.5547636909227307 0.8787262872628726 0.015753938484621154 0.015808491418247517
2 0.5652663165791448 0.8798554652213189 0.014253563390847712 0.015356820234869015
2 0.5776444111027756 0.8814363143631436 0.01350337584396099 0.014001806684733513
2 0.33383345836459116 0.9080849141824752 0.021005251312828207 0.024841915085817526
2 0.34996249062265566 0.9141824751580849 0.012753188297074268 0.02168021680216802
2 0.3657164291072768 0.9141824751580849 0.011252813203300824 0.02077687443541102
2 0.38147036759189795 0.9153116531165312 0.020255063765941484 0.02122854561878952
2 0.390847711927982 0.7827461607949413 0.016504126031507877 0.017163504968383016
2 0.35521380345086273 0.7768744354110207 0.0172543135783946 0.016260162601626018
2 0.2213053263315829 0.9184733514001807 0.01800450112528132 0.0076784101174345075
2 0.42948237059264815 0.6944444444444444 0.020255063765941484 0.02032520325203252
2 0.5348837209302325 0.6531165311653117 0.02250562640660165 0.022583559168925023
2 0.3293323330832708 0.6779584462511292 0.01800450112528132 0.018970189701897018
2 0.3420855213803451 0.6788617886178862 0.015003750937734433 0.02077687443541102
2 0.35521380345086273 0.6804426377597109 0.02175543885971493 0.01942186088527552
2 0.3668417104276069 0.684056007226739 0.01350337584396099 0.016711833785004515
2 0.3799699924981245 0.6849593495934959 0.018754688672168042 0.018518518518518517
2 0.3919729932483121 0.6876693766937669 0.0172543135783946 0.018518518518518517
2 0.40397599399849965 0.6897018970189702 0.020255063765941484 0.018970189701897018
2 0.4167291822955739 0.6921860885275519 0.015753938484621154 0.018518518518518517
2 0.45423855963991 0.6980578139114725 0.018754688672168042 0.018518518518518517
2 0.5075018754688673 0.6481481481481481 0.0172543135783946 0.02077687443541102
2 0.46661665416354087 0.6989611562782294 0.016504126031507877 0.01942186088527552
2 0.4913728432108027 0.7032520325203252 0.01800450112528132 0.01987353206865402
2 0.5056264066016504 0.7059620596205962 0.01800450112528132 0.018970189701897018
2 0.5157539384846211 0.7079945799457995 0.018754688672168042 0.02032520325203252
2 0.5281320330082521 0.7100271002710027 0.015003750937734433 0.01987353206865402
2 0.5408852213053263 0.712059620596206 0.016504126031507877 0.01942186088527552
2 0.5663915978994749 0.714769647696477 0.01800450112528132 0.02122854561878952
2 0.5903975993998499 0.7195121951219512 0.015003750937734433 0.018970189701897018
2 0.6042760690172543 0.7217705510388437 0.020255063765941484 0.01987353206865402
2 0.5202550637659414 0.6504065040650406 0.020255063765941484 0.02168021680216802
2 0.5468867216804201 0.6269196025293586 0.024006001500375095 0.024390243902439025
2 0.3428357089272318 0.7750677506775068 0.016504126031507877 0.016260162601626018
2 0.35933983495873967 0.6233062330623306 0.02250562640660165 0.022583559168925023
2 0.5663915978994749 0.4878048780487805 0.02250562640660165 0.014453477868112014
2 0.5585146286571643 0.491869918699187 0.03075768942235559 0.018970189701897018
2 0.5112528132033008 0.5304878048780488 0.03825956489122281 0.016711833785004515
2 0.5480120030007501 0.5530713640469738 0.03225806451612903 0.014905149051490514
2 0.3570892723180795 0.5966576332429991 0.021005251312828207 0.02077687443541102
2 0.3717179294823706 0.5966576332429991 0.018754688672168042 0.024390243902439025
2 0.38559639909977494 0.6007226738934056 0.02700675168792198 0.024390243902439025
2 0.33083270817704424 0.6187895212285456 0.019504876219054765 0.02077687443541102
2 0.34433608402100524 0.6208220415537489 0.021005251312828207 0.02032520325203252
2 0.37509377344336087 0.6246612466124661 0.016504126031507877 0.02077687443541102
2 0.5307576894223556 0.6262420957542909 0.015753938484621154 0.018518518518518517
2 0.38822205551387845 0.6287262872628726 0.020255063765941484 0.02168021680216802
2 0.4032258064516129 0.6303071364046974 0.02175543885971493 0.02032520325203252
2 0.4144786196549137 0.6059168925022583 0.020255063765941484 0.02122854561878952
2 0.43023255813953487 0.6072719060523939 0.0172543135783946 0.02122854561878952
2 0.4189797449362341 0.6332429990966576 0.020255063765941484 0.02168021680216802
2 0.4587396849212303 0.6131436314363143 0.018754688672168042 0.02122854561878952
2 0.4737434358589647 0.6154019873532068 0.024756189047261814 0.023035230352303523
2 0.5015003750937734 0.6203703703703703 0.024756189047261814 0.023938572719060525
2 0.5180045011252813 0.6235320686540199 0.02175543885971493 0.023938572719060525
2 0.6155288822205551 0.723803071364047 0.014253563390847712 0.02032520325203252
2 0.33158289572393096 0.703026196928636 0.015003750937734433 0.017615176151761516
2 0.3447111777944486 0.7043812104787714 0.0172543135783946 0.02032520325203252
2 0.48199549887471865 0.7759710930442638 0.0172543135783946 0.017163504968383016
2 0.37696924231057766 0.7583559168925023 0.0172543135783946 0.018066847335140017
2 0.3885971492873218 0.7603884372177055 0.015003750937734433 0.017615176151761516
2 0.3994748687171793 0.7619692863595302 0.014253563390847712 0.017163504968383016
2 0.4111027756939235 0.7646793134598012 0.01800450112528132 0.016260162601626018
2 0.4234808702175544 0.7660343270099368 0.014253563390847712 0.017163504968383016
2 0.436609152288072 0.7678410117434508 0.019504876219054765 0.018066847335140017
2 0.4474868717179295 0.769873532068654 0.015753938484621154 0.017615176151761516
2 0.4587396849212303 0.7728093947606143 0.0172543135783946 0.017163504968383016
2 0.47074268567141786 0.7741644083107497 0.015753938484621154 0.018066847335140017
2 0.4943735933983496 0.7786811201445348 0.01350337584396099 0.017163504968383016
2 0.35521380345086273 0.7068654019873533 0.0172543135783946 0.02077687443541102
2 0.5060015003750937 0.780713640469738 0.015753938484621154 0.017615176151761516
2 0.5277569392348087 0.7847786811201445 0.015753938484621154 0.015808491418247517
2 0.5401350337584396 0.7870370370370371 0.01350337584396099 0.016711833785004515
2 0.5517629407351838 0.7888437217705511 0.0172543135783946 0.016711833785004515
2 0.5637659414853713 0.7915537488708221 0.012753188297074268 0.016711833785004515
2 0.5761440360090022 0.7931345980126467 0.01800450112528132 0.01987353206865402
2 0.5873968492123031 0.7944896115627823 0.021005251312828207 0.018066847335140017
2 0.5982745686421606 0.7965221318879856 0.018754688672168042 0.017615176151761516
2 0.33158289572393096 0.7739385727190605 0.01350337584396099 0.014905149051490514
2 0.3533383345836459 0.7547425474254743 0.015003750937734433 0.017163504968383016
2 0.34171042760690173 0.7533875338753387 0.015753938484621154 0.017163504968383016
2 0.3300825206301575 0.750903342366757 0.015003750937734433 0.016711833785004515
2 0.6174043510877719 0.7479674796747967 0.015003750937734433 0.018970189701897018
2 0.3810952738184546 0.7107046070460704 0.019504876219054765 0.022131887985546522
2 0.3945986496624156 0.712059620596206 0.01800450112528132 0.02032520325203252
2 0.40660165041260315 0.7140921409214093 0.019504876219054765 0.01987353206865402
2 0.4186046511627907 0.7170280036133695 0.01800450112528132 0.02032520325203252
2 0.43023255813953487 0.7183830171635049 0.020255063765941484 0.02122854561878952
2 0.4452363090772693 0.7204155374887082 0.015753938484621154 0.018970189701897018
2 0.45648912228057015 0.7233514001806685 0.018754688672168042 0.01942186088527552
2 0.46886721680420107 0.7249322493224932 0.01800450112528132 0.018970189701897018
2 0.4816204051012753 0.7276422764227642 0.01800450112528132 0.018066847335140017
2 0.4951237809452363 0.7287714543812105 0.01800450112528132 0.018518518518518517
2 0.5063765941485371 0.7294489611562782 0.019504876219054765 0.018066847335140017
2 0.518754688672168 0.7323848238482384 0.0172543135783946 0.01942186088527552
2 0.5311327831957989 0.7348690153568203 0.019504876219054765 0.01987353206865402
2 0.5435108777194299 0.7357723577235772 0.018754688672168042 0.018970189701897018
2 0.5543885971492873 0.7398373983739838 0.021005251312828207 0.02077687443541102
2 0.5697674418604651 0.7407407407407407 0.0172543135783946 0.01987353206865402
2 0.582145536384096 0.742773261065944 0.01800450112528132 0.01942186088527552
2 0.594523630907727 0.743676603432701 0.014253563390847712 0.017615176151761516
2 0.6054013503375844 0.746386630532972 0.021005251312828207 0.02032520325203252
2 0.2479369842460615 0.9209575429087624 0.020255063765941484 0.004516711833785004
2 0.21042760690172543 0.9105691056910569 0.0172543135783946 0.017163504968383016
2 0.536384096024006 0.47764227642276424 0.028507126781695424 0.015808491418247517
2 0.2415603900975244 0.575880758807588 0.024006001500375095 0.024390243902439025
2 0.18567141785446362 0.5939476061427281 0.020255063765941484 0.02077687443541102
2 0.16991747936984247 0.5916892502258356 0.0172543135783946 0.02077687443541102
2 0.15678919729932483 0.5889792231255646 0.016504126031507877 0.022583559168925023
2 0.1406601650412603 0.5867208672086721 0.020255063765941484 0.02077687443541102
2 0.12678169542385595 0.5851400180668473 0.01800450112528132 0.02032520325203252
2 0.3150787696924231 0.5873983739837398 0.021005251312828207 0.023035230352303523
2 0.30007501875468867 0.5871725383920506 0.019504876219054765 0.023486901535682024
2 0.27156789197299325 0.5813008130081301 0.02250562640660165 0.02168021680216802
2 0.25618904726181546 0.5792682926829268 0.018754688672168042 0.022131887985546522
2 0.2115528882220555 0.5722673893405601 0.021005251312828207 0.02168021680216802
2 0.22993248312078018 0.6027551942186089 0.020255063765941484 0.02122854561878952
2 0.19617404351087772 0.5684281842818428 0.023255813953488372 0.023938572719060525
2 0.18192048012003 0.5677506775067751 0.020255063765941484 0.023486901535682024
2 0.16616654163540887 0.5639114724480578 0.018754688672168042 0.023035230352303523
2 0.15266316579144787 0.5602981029810298 0.024756189047261814 0.023035230352303523
2 0.1342835708927232 0.5593947606142728 0.021005251312828207 0.022131887985546522
2 0.24456114028507125 0.4356368563685637 0.033008252063015754 0.02032520325203252
2 0.25806451612903225 0.4311201445347787 0.02700675168792198 0.017615176151761516
2 0.2685671417854464 0.42592592592592593 0.028507126781695424 0.018970189701897018
2 0.2798199549887472 0.42005420054200543 0.03150787696924231 0.01987353206865402
2 0.19992498124531133 0.5957542908762421 0.0172543135783946 0.02168021680216802
2 0.24568642160540136 0.6034327009936766 0.02175543885971493 0.02168021680216802
2 0.3143285821455364 0.6757000903342367 0.015003750937734433 0.01987353206865402
2 0.16616654163540887 0.6524390243902439 0.014253563390847712 0.01942186088527552
2 0.29069767441860467 0.6729900632339657 0.011252813203300824 0.017163504968383016
2 0.2663165791447862 0.6675700090334237 0.015003750937734433 0.018970189701897018
2 0.25431357839459867 0.6650858175248419 0.01800450112528132 0.01942186088527552
2 0.24193548387096775 0.6641824751580849 0.015753938484621154 0.01942186088527552
2 0.22955738934733683 0.6616982836495031 0.019504876219054765 0.02077687443541102
2 0.21680420105026257 0.6614724480578139 0.016504126031507877 0.01942186088527552
2 0.20255063765941486 0.6583107497741644 0.015003750937734433 0.018518518518518517
2 0.19129782445611404 0.6569557362240289 0.015003750937734433 0.02032520325203252
2 0.17854463615903976 0.6535682023486902 0.01800450112528132 0.018970189701897018
2 0.15378844711177794 0.65063233965673 0.01800450112528132 0.01942186088527552
2 0.25993998499624904 0.6072719060523939 0.014253563390847712 0.02122854561878952
2 0.14141035258814705 0.6479223125564589 0.014253563390847712 0.018518518518518517
2 0.12940735183795948 0.6458897922312556 0.018754688672168042 0.018066847335140017
2 0.11627906976744186 0.6431797651309846 0.01800450112528132 0.02077687443541102
2 0.10315078769692423 0.6425022583559169 0.0172543135783946 0.018518518518518517
2 0.08664666166541636 0.6418247515808492 0.023255813953488372 0.022583559168925023
2 0.3169542385596399 0.6160794941282746 0.014253563390847712 0.01987353206865402
2 0.30307576894223553 0.6138211382113821 0.021005251312828207 0.02077687443541102
2 0.2880720180045011 0.6113369467028004 0.01800450112528132 0.02032520325203252
2 0.27344336084021004 0.6077235772357723 0.018754688672168042 0.022131887985546522
2 0.28994748687171795 0.4150858175248419 0.029257314328582147 0.01987353206865402
2 0.30007501875468867 0.4092140921409214 0.030007501875468866 0.018970189701897018
2 0.3117029257314329 0.4035682023486902 0.02625656414103526 0.01942186088527552
0 0.513503375843961 0.5365853658536586 0.15828957239309827 0.04968383017163505
2 0.32408102025506375 0.07204155374887082 0.01350337584396099 0.013098464317976514
2 0.2591897974493623 0.08355916892502259 0.02625656414103526 0.01084010840108401
2 0.21230307576894222 0.10885275519421861 0.01800450112528132 0.014453477868112014
0 0.02213053263315829 0.8466576332429991 0.03825956489122281 0.1034327009936766
0 0.4351087771942986 0.9107949412827462 0.26406601650412603 0.06187895212285456
0 0.39497374343585895 0.8412375790424571 0.3953488372093023 0.0971093044263776
0 0.32145536384096024 0.7597109304426377 0.5918979744936234 0.13640469738030714
0 0.3600900225056264 0.693089430894309 0.5761440360090022 0.12872628726287264
0 0.3372093023255814 0.6052393857271906 0.4433608402100525 0.11833785004516711
0 0.8173293323330832 0.44715447154471544 0.32033008252063017 0.18247515808491419
2 0.22168042010502625 0.41847335140018066 0.02625656414103526 0.017615176151761516
0 0.7074268567141786 0.40040650406504064 0.3735933983495874 0.2055103884372177
0 0.5618904726181545 0.3678861788617886 0.4951237809452363 0.26513098464317975
0 0.4576144036009002 0.31052393857271904 0.5191297824456114 0.27145438121047877
0 0.5446361590397599 0.1820234869015357 0.17254313578394598 0.08852755194218609
0 0.3038259564891223 0.25609756097560976 0.2700675168792198 0.13730803974706413
0 0.43698424606151537 0.10727190605239385 0.018754688672168042 0.011291779584462511
0 0.4129782445611403 0.11291779584462511 0.03825956489122281 0.02077687443541102
0 0.3885971492873218 0.12488708220415537 0.0450112528132033 0.03026196928635953
0 0.3563390847711928 0.1388888888888889 0.05401350337584396 0.02935862691960253
2 0.3008252063015754 0.23780487804878048 0.037509377344336084 0.027551942186088526
2 0.2895723930982746 0.24435411020776873 0.0345086271567892 0.024390243902439025
2 0.27719429857464367 0.2513550135501355 0.03075768942235559 0.02122854561878952
2 0.2659414853713428 0.25564588979223124 0.029257314328582147 0.02077687443541102
2 0.24306076519129782 0.4078590785907859 0.030007501875468866 0.018066847335140017
2 0.25318829707426854 0.4015356820234869 0.0277569392348087 0.02077687443541102
2 0.2625656414103526 0.39634146341463417 0.033008252063015754 0.018518518518518517
2 0.27344336084021004 0.39001806684733514 0.024756189047261814 0.017615176151761516
2 0.2854463615903976 0.38482384823848237 0.03075768942235559 0.018066847335140017
2 0.2955738934733683 0.37917795844625113 0.028507126781695424 0.01942186088527552
2 0.3090772693173293 0.3721770551038844 0.033008252063015754 0.02077687443541102
2 0.20892723180795197 0.31187895212285455 0.03075768942235559 0.022131887985546522
2 0.2250562640660165 0.30691056910569103 0.03150787696924231 0.023035230352303523
2 0.2385596399099775 0.30013550135501355 0.0345086271567892 0.023035230352303523
2 0.21192798199549887 0.2804878048780488 0.0277569392348087 0.02077687443541102
2 0.2231807951987997 0.27371273712737126 0.03225806451612903 0.022583559168925023
2 0.25056264066016504 0.2967479674796748 0.030007501875468866 0.02077687443541102
2 0.2636909227306827 0.28884372177055107 0.029257314328582147 0.022131887985546522
2 0.2768192048012003 0.28342366757000903 0.03150787696924231 0.022131887985546522
2 0.2895723930982746 0.27710027100271 0.030007501875468866 0.02122854561878952
2 0.3169542385596399 0.26558265582655827 0.029257314328582147 0.02077687443541102
2 0.3027006751687922 0.27100271002710025 0.03075768942235559 0.022583559168925023
2 0.23818454613653414 0.26784101174345076 0.03225806451612903 0.02168021680216802
2 0.30420105026256566 0.6745709123757905 0.0172543135783946 0.018518518518518517
2 0.0795198799699925 0.6628274616079494 0.015003750937734433 0.02122854561878952
2 0.3184546136534134 0.8398825654923215 0.014253563390847712 0.014001806684733513
2 0.2509377344336084 0.7585817524841915 0.0172543135783946 0.017615176151761516
2 0.019129782445611403 0.8299457994579946 0.03675918979744936 0.011291779584462511
2 0.019879969992498126 0.8197831978319783 0.03675918979744936 0.009033423667570008
2 0.01837959489872468 0.7994579945799458 0.035258814703675916 0.008130081300813009
2 0.32033008252063017 0.7710027100271003 0.016504126031507877 0.016260162601626018
2 0.30870217554388596 0.7691960252935862 0.015753938484621154 0.018066847335140017
2 0.2970742685671418 0.767163504968383 0.01800450112528132 0.017615176151761516
2 0.2854463615903976 0.7651309846431797 0.014253563390847712 0.017163504968383016
2 0.27419354838709675 0.7628726287262872 0.015753938484621154 0.017163504968383016
2 0.2614403600900225 0.7606142728093948 0.015753938484621154 0.016260162601626018
2 0.2385596399099775 0.7565492321589883 0.016504126031507877 0.017163504968383016
2 0.0172543135783946 0.84936766034327 0.03150787696924231 0.0076784101174345075
2 0.22580645161290322 0.7549683830171635 0.01800450112528132 0.017615176151761516
2 0.21605401350337583 0.7524841915085817 0.01350337584396099 0.014453477868112014
2 0.20367591897974494 0.7506775067750677 0.015753938484621154 0.016260162601626018
2 0.19242310577644411 0.7497741644083108 0.015753938484621154 0.016260162601626018
2 0.17966991747936983 0.7475158084914183 0.0172543135783946 0.016260162601626018
2 0.1676669167291823 0.7457091237579042 0.0172543135783946 0.017163504968383016
2 0.15678919729932483 0.7434507678410117 0.01800450112528132 0.017163504968383016
2 0.14591147786946737 0.7416440831074977 0.015753938484621154 0.018066847335140017
2 0.13353338334583645 0.739159891598916 0.016504126031507877 0.016711833785004515
2 0.017629407351837958 0.8396567299006323 0.03375843960990248 0.007226738934056007
2 0.017629407351837958 0.8595302619692864 0.03375843960990248 0.008130081300813009
2 0.09264816204051013 0.6662149954832882 0.018754688672168042 0.02077687443541102
2 0.21380345086271568 0.8245257452574526 0.012003000750187547 0.014905149051490514
2 0.30982745686421603 0.8387533875338753 0.012003000750187547 0.013550135501355014
2 0.29932483120780196 0.8362691960252936 0.016504126031507877 0.014905149051490514
2 0.2798199549887472 0.8333333333333334 0.016504126031507877 0.014453477868112014
2 0.27156789197299325 0.8319783197831978 0.012003000750187547 0.015356820234869015
2 0.2603150787696924 0.8310749774164409 0.01350337584396099 0.012646793134598013
2 0.2524381095273818 0.8288166214995484 0.011252813203300824 0.014453477868112014
2 0.2423105776444111 0.8270099367660343 0.015003750937734433 0.015356820234869015
2 0.23218304576144036 0.8256549232158988 0.014253563390847712 0.015356820234869015
2 0.22243060765191297 0.8247515808491418 0.015753938484621154 0.016260162601626018
2 0.20255063765941486 0.8215898825654924 0.015003750937734433 0.014453477868112014
2 0.01800450112528132 0.8694670280036134 0.033008252063015754 0.01084010840108401
2 0.3267066766691673 0.8211382113821138 0.009752438109527382 0.014453477868112014
2 0.31732933233308325 0.8209123757904245 0.01350337584396099 0.014001806684733513
2 0.29932483120780196 0.8168473351400181 0.015003750937734433 0.016711833785004515
2 0.28844711177794446 0.8161698283649503 0.011252813203300824 0.014453477868112014
2 0.26894223555888974 0.8118789521228545 0.012753188297074268 0.015808491418247517
2 0.2603150787696924 0.8105239385727191 0.015003750937734433 0.016711833785004515
2 0.2501875468867217 0.8098464317976513 0.012753188297074268 0.015356820234869015
2 0.23893473368342086 0.8098464317976513 0.011252813203300824 0.01084010840108401
2 0.22168042010502625 0.8046522131887985 0.0172543135783946 0.016711833785004515
2 0.12228057014253563 0.7380307136404698 0.015003750937734433 0.016260162601626018
2 0.11065266316579145 0.7350948509485095 0.015753938484621154 0.015808491418247517
2 0.0967741935483871 0.7346431797651309 0.015003750937734433 0.015808491418247517
2 0.26894223555888974 0.693089430894309 0.018754688672168042 0.02032520325203252
2 0.09489872468117029 0.7113821138211383 0.014253563390847712 0.018066847335140017
2 0.08327081770442611 0.7098012646793135 0.01800450112528132 0.015808491418247517
2 0.07164291072768192 0.7084462511291779 0.011252813203300824 0.015808491418247517
2 0.0603900975243811 0.7055103884372177 0.012753188297074268 0.016260162601626018
2 0.043135783945986494 0.7039295392953929 0.0277569392348087 0.01942186088527552
2 0.31957989497374345 0.7005420054200542 0.016504126031507877 0.018970189701897018
2 0.30682670667666917 0.6991869918699187 0.01800450112528132 0.018970189701897018
2 0.29444861215303825 0.6964769647696477 0.018754688672168042 0.018970189701897018
2 0.28319579894973745 0.6946702800361337 0.018754688672168042 0.02077687443541102
2 0.25731432858214554 0.6906052393857272 0.01800450112528132 0.018970189701897018
2 0.08589647411852963 0.7323848238482384 0.0172543135783946 0.016711833785004515
2 0.24456114028507125 0.6890243902439024 0.016504126031507877 0.02032520325203252
2 0.23068267066766693 0.6869918699186992 0.018754688672168042 0.01987353206865402
2 0.21980495123780946 0.6854110207768744 0.015003750937734433 0.02032520325203252
2 0.2059264816204051 0.6829268292682927 0.0172543135783946 0.018970189701897018
2 0.16916729182295573 0.6777326106594399 0.0172543135783946 0.018518518518518517
2 0.15641410352588148 0.6750225835591689 0.0172543135783946 0.01942186088527552
2 0.13240810202550637 0.6709575429087624 0.0172543135783946 0.02032520325203252
2 0.11927981995498875 0.6691508581752484 0.019504876219054765 0.02032520325203252
2 0.10615153788447111 0.6673441734417345 0.018754688672168042 0.02032520325203252
2 0.10652663165791448 0.7136404697380307 0.01350337584396099 0.017163504968383016
2 0.11852963240810202 0.7156729900632339 0.012003000750187547 0.014905149051490514
2 0.1301575393848462 0.7179313459801264 0.012753188297074268 0.015808491418247517
2 0.14216054013503376 0.7190605239385727 0.011252813203300824 0.017163504968383016
2 0.07464366091522881 0.7287714543812105 0.014253563390847712 0.017615176151761516
2 0.06301575393848462 0.7278681120144534 0.015003750937734433 0.016711833785004515
2 0.050637659414853715 0.7260614272809395 0.014253563390847712 0.015808491418247517
2 0.038634658664666165 0.7233514001806685 0.0172543135783946 0.016711833785004515
2 0.31807951987997 0.7486449864498645 0.016504126031507877 0.017615176151761516
2 0.3064516129032258 0.747289972899729 0.015753938484621154 0.016711833785004515
2 0.2959489872468117 0.7448057813911473 0.0172543135783946 0.017163504968383016
2 0.28244561140285074 0.7425474254742548 0.014253563390847712 0.017163504968383016
2 0.2719429857464366 0.7405149051490515 0.015753938484621154 0.016711833785004515
2 0.2595648912228057 0.7380307136404698 0.015003750937734433 0.017163504968383016
2 0.24756189047261815 0.7366757000903342 0.016504126031507877 0.017163504968383016
2 0.2348087021755439 0.7350948509485095 0.012003000750187547 0.016711833785004515
2 0.22543135783945986 0.732836495031617 0.014253563390847712 0.017615176151761516
2 0.2115528882220555 0.731029810298103 0.010502625656414103 0.016711833785004515
2 0.2010502625656414 0.7289972899728997 0.012003000750187547 0.015356820234869015
2 0.1879219804951238 0.7278681120144534 0.011252813203300824 0.016711833785004515
2 0.17666916729182294 0.7253839205058717 0.015753938484621154 0.017163504968383016
2 0.16579144786196548 0.723803071364047 0.012003000750187547 0.016711833785004515
2 0.15341335333833458 0.7213188798554652 0.0172543135783946 0.016260162601626018
2 0.5772693173293323 0.4830623306233062 0.023255813953488372 0.016711833785004515
2 0.5543885971492873 0.4672538392050587 0.028507126781695424 0.016711833785004515
2 0.9561140285071268 0.3712737127371274 0.03825956489122281 0.024390243902439025
2 0.9167291822955739 0.3897922312556459 0.03150787696924231 0.02168021680216802
2 0.904351087771943 0.39656729900632337 0.03675918979744936 0.024390243902439025
2 0.6312828207051763 0.07813911472448058 0.023255813953488372 0.014453477868112014
2 0.654913728432108 0.06887985546522132 0.016504126031507877 0.01038843721770551
2 0.6500375093773444 0.07181571815718157 0.011252813203300824 0.007226738934056007
2 0.6451612903225806 0.07339656729900633 0.010502625656414103 0.0076784101174345075
2 0.8945986496624156 0.4056007226738934 0.03825956489122281 0.025293586269196026
2 0.8822205551387847 0.4114724480578139 0.037509377344336084 0.022583559168925023
2 0.6301575393848462 0.7495483288166215 0.016504126031507877 0.016711833785004515
2 0.6924231057764441 0.39814814814814814 0.019504876219054765 0.014001806684733513
2 0.8285821455363841 0.43586269196025296 0.029257314328582147 0.01987353206865402
2 0.8420855213803451 0.4293134598012647 0.03975993998499625 0.023035230352303523
2 0.8552138034508627 0.42276422764227645 0.03600900225056264 0.022583559168925023
2 0.6864216054013503 0.4261517615176152 0.024006001500375095 0.016711833785004515
2 0.6646661665416355 0.4110207768744354 0.025506376594148537 0.017163504968383016
2 0.6729182295573893 0.40672990063233966 0.021005251312828207 0.013098464317976514
2 0.68192048012003 0.4015356820234869 0.025506376594148537 0.016260162601626018
2 0.704801200300075 0.41576332429990964 0.020255063765941484 0.014905149051490514
2 0.713053263315829 0.41124661246612465 0.023255813953488372 0.016711833785004515
2 0.7190547636909227 0.38188798554652215 0.024756189047261814 0.015808491418247517
2 0.6380345086271568 0.7285456187895212 0.018754688672168042 0.018970189701897018
2 0.7295573893473368 0.3787262872628726 0.023255813953488372 0.015808491418247517
2 0.7370592648162041 0.37330623306233063 0.024756189047261814 0.015808491418247517
2 0.7325581395348837 0.4024390243902439 0.023255813953488372 0.016260162601626018
2 0.7419354838709677 0.3976964769647697 0.025506376594148537 0.017615176151761516
2 0.7505626406601651 0.39272809394760616 0.023255813953488372 0.014905149051490514
2 0.7584396099024756 0.3875338753387534 0.021005251312828207 0.016260162601626018
2 0.7693173293323331 0.3830171635049684 0.02625656414103526 0.015356820234869015
2 0.7449362340585146 0.3678861788617886 0.02250562640660165 0.014905149051490514
2 0.753563390847712 0.3617886178861789 0.0277569392348087 0.015356820234869015
2 0.8192048012003 0.4442186088527552 0.037509377344336084 0.023035230352303523
2 0.6755438859714928 0.4304426377597109 0.018754688672168042 0.014453477868112014
2 0.6691672918229558 0.43541102077687444 0.02250562640660165 0.016260162601626018
2 0.6597899474868717 0.44037940379403795 0.024756189047261814 0.017163504968383016
2 0.8777194298574643 0.5966576332429991 0.010502625656414103 0.014453477868112014
2 0.7445611402850713 0.6074977416440831 0.014253563390847712 0.015356820234869015
2 0.6324081020255063 0.5368112014453478 0.025506376594148537 0.0076784101174345075
2 0.6755438859714928 0.5277777777777778 0.035258814703675916 0.02122854561878952
2 0.6867966991747937 0.5203252032520326 0.03675918979744936 0.025293586269196026
2 0.699549887471868 0.5121951219512195 0.03075768942235559 0.022583559168925023
2 0.7104276069017255 0.5065492321589883 0.037509377344336084 0.024841915085817526
2 0.7216804201050263 0.498193315266486 0.03600900225056264 0.023486901535682024
2 0.7340585146286571 0.491869918699187 0.035258814703675916 0.022583559168925023
2 0.7483120780195048 0.4859981933152665 0.03825956489122281 0.024390243902439025
2 0.7573143285821455 0.4778681120144535 0.03675918979744936 0.023486901535682024
2 0.7700675168792198 0.470189701897019 0.029257314328582147 0.01987353206865402
2 0.7955738934733684 0.45799457994579945 0.035258814703675916 0.02077687443541102
2 0.8072018004501126 0.4518970189701897 0.04051012753188297 0.025745257452574527
2 0.6230307576894224 0.4595754290876242 0.023255813953488372 0.015808491418247517
2 0.6410352588147037 0.4500903342366757 0.02625656414103526 0.016711833785004515
2 0.6294073518379595 0.4306684733514002 0.025506376594148537 0.015808491418247517
2 0.6376594148537135 0.42592592592592593 0.021005251312828207 0.016260162601626018
2 0.6485371342835708 0.42073170731707316 0.02625656414103526 0.016711833785004515
2 0.7730682670667667 0.35320686540198737 0.023255813953488372 0.014453477868112014
2 0.6785446361590397 0.8976964769647696 0.02625656414103526 0.008581752484191508
2 0.18079519879969994 0.9523486901535682 0.006001500375093774 0.0076784101174345075
2 0.08477119279819954 0.9487353206865402 0.00450112528132033 0.0076784101174345075
2 0.011252813203300824 0.9135049683830172 0.007501875468867217 0.006775067750677507
2 0.04013503375843961 0.9455736224028907 0.008252063015753939 0.0076784101174345075
2 0.04801200300075019 0.9498644986449865 0.006001500375093774 0.008130081300813009
2 0.06864216054013503 0.9471544715447154 0.006751687921980495 0.007226738934056007
2 0.07314328582145536 0.948509485094851 0.006751687921980495 0.009033423667570008
2 0.07914478619654913 0.9480578139114725 0.005251312828207052 0.006323396567299007
2 0.07351837959489872 0.9426377597109304 0.01350337584396099 0.004516711833785004
2 0.072768192048012 0.9397018970189702 0.015003750937734433 0.0040650406504065045
2 0.08514628657164292 0.9419602529358627 0.012753188297074268 0.004968383017163505
2 0.10090022505626407 0.9500903342366757 0.005251312828207052 0.0076784101174345075
2 0.17666916729182294 0.9523486901535682 0.005251312828207052 0.006775067750677507
2 0.10690172543135784 0.9500903342366757 0.005251312828207052 0.008581752484191508
2 0.11252813203300825 0.9500903342366757 0.00450112528132033 0.006775067750677507
2 0.11852963240810202 0.9507678410117435 0.00450112528132033 0.007226738934056007
2 0.14703675918979744 0.9509936766034327 0.00450112528132033 0.0076784101174345075
2 0.15266316579144787 0.9507678410117435 0.005251312828207052 0.008130081300813009
2 0.1571642910727682 0.9509936766034327 0.005251312828207052 0.0076784101174345075
2 0.16204051012753187 0.9514453477868112 0.00450112528132033 0.006775067750677507
2 0.16654163540885222 0.9518970189701897 0.00450112528132033 0.006775067750677507
2 0.1714178544636159 0.9518970189701897 0.005251312828207052 0.006775067750677507
2 0.764066016504126 0.3579494128274616 0.023255813953488372 0.015808491418247517
2 0.7820705176294074 0.3493676603432701 0.0172543135783946 0.011291779584462511
2 0.5851462865716429 0.47831978319783197 0.02250562640660165 0.015356820234869015
2 0.35858964741185295 0.3462059620596206 0.033008252063015754 0.02032520325203252
2 0.4831207801950488 0.3148148148148148 0.025506376594148537 0.018970189701897018
2 0.4696174043510878 0.3209123757904246 0.030007501875468866 0.02032520325203252
2 0.459489872468117 0.32859078590785906 0.029257314328582147 0.01942186088527552
2 0.4186046511627907 0.31616982836495033 0.033008252063015754 0.02168021680216802
2 0.40772693173293323 0.3222673893405601 0.03225806451612903 0.02122854561878952
2 0.44486121530382594 0.33423667570009036 0.02700675168792198 0.017163504968383016
2 0.4339834958739685 0.3394308943089431 0.029257314328582147 0.01942186088527552
2 0.3945986496624156 0.3297199638663053 0.033008252063015754 0.02168021680216802
2 0.3705926481620405 0.34236675700090335 0.033008252063015754 0.023486901535682024
2 0.4204801200300075 0.3475609756097561 0.029257314328582147 0.02032520325203252
2 0.5783945986496624 0.34462511291779585 0.02700675168792198 0.018970189701897018
2 0.5577644411102776 0.3543360433604336 0.02625656414103526 0.018518518518518517
2 0.5483870967741935 0.3597560975609756 0.02700675168792198 0.017615176151761516
2 0.536384096024006 0.3642728093947606 0.02700675168792198 0.017615176151761516
2 0.59152288072018 0.36585365853658536 0.029257314328582147 0.018970189701897018
2 0.5832708177044261 0.3719512195121951 0.02625656414103526 0.018518518518518517
2 0.5738934733683421 0.37759710930442636 0.025506376594148537 0.018066847335140017
2 0.554013503375844 0.39001806684733514 0.0277569392348087 0.02032520325203252
2 0.513503375843961 0.37895212285456187 0.03075768942235559 0.018970189701897018
2 0.4099774943735934 0.3529810298102981 0.03375843960990248 0.02032520325203252
2 0.5690172543135784 0.35004516711833783 0.0277569392348087 0.018066847335140017
2 0.6117779444861215 0.35636856368563685 0.02175543885971493 0.016260162601626018
2 0.3435858964741185 0.2551942186088528 0.028507126781695424 0.02168021680216802
2 0.5615153788447111 0.27529358626919603 0.0277569392348087 0.017615176151761516
2 0.5566391597899475 0.24661246612466126 0.02700675168792198 0.018066847335140017
2 0.5468867216804201 0.25112917795844625 0.028507126781695424 0.018066847335140017
2 0.5356339084771192 0.257226738934056 0.025506376594148537 0.017615176151761516
2 0.5258814703675919 0.26196928635953026 0.025506376594148537 0.017163504968383016
2 0.5142535633908477 0.2669376693766938 0.02625656414103526 0.02077687443541102
2 0.5033758439609902 0.27303523035230354 0.030007501875468866 0.018518518518518517
2 0.4913728432108027 0.27732610659439927 0.02700675168792198 0.018970189701897018
2 0.5828957239309828 0.264453477868112 0.02700675168792198 0.016711833785004515
2 0.5708927231807952 0.2676151761517615 0.028507126781695424 0.017615176151761516
2 0.5506376594148538 0.27958446251129176 0.028507126781695424 0.01987353206865402
2 0.5986496624156039 0.3346883468834688 0.024006001500375095 0.017163504968383016
2 0.540510127531883 0.2856820234869015 0.0277569392348087 0.02032520325203252
2 0.5285071267816954 0.29065040650406504 0.029257314328582147 0.01942186088527552
2 0.518754688672168 0.2971996386630533 0.029257314328582147 0.02077687443541102
2 0.5090022505626407 0.3021680216802168 0.029257314328582147 0.02077687443541102
2 0.4662415603900975 0.2901987353206865 0.0277569392348087 0.01942186088527552
2 0.4579894973743436 0.2962962962962963 0.03075768942235559 0.01987353206865402
2 0.44373593398349587 0.3030713640469738 0.02625656414103526 0.02168021680216802
2 0.6177794448612153 0.32429990966576333 0.029257314328582147 0.01987353206865402
2 0.6095273818454614 0.3297199638663053 0.024756189047261814 0.016260162601626018
2 0.3968492123030758 0.3617886178861789 0.028507126781695424 0.02077687443541102
2 0.38634658664666166 0.3669828364950316 0.02700675168792198 0.01942186088527552
2 0.3428357089272318 0.3520776874435411 0.030007501875468866 0.02032520325203252
2 0.4111027756939235 0.4634146341463415 0.030007501875468866 0.018970189701897018
2 0.40772693173293323 0.4347335140018067 0.0277569392348087 0.016711833785004515
2 0.3953488372093023 0.43947606142728096 0.030007501875468866 0.018066847335140017
2 0.38484621155288823 0.44489611562782294 0.024006001500375095 0.016260162601626018
2 0.3754688672168042 0.4505420054200542 0.0277569392348087 0.018518518518518517
2 0.3649662415603901 0.4568654019873532 0.024756189047261814 0.015808491418247517
2 0.3548387096774194 0.46228545618789524 0.02700675168792198 0.016711833785004515
2 0.3435858964741185 0.46747967479674796 0.025506376594148537 0.018066847335140017
2 0.3319579894973743 0.4722222222222222 0.03075768942235559 0.02122854561878952
2 0.4223555888972243 0.4573170731707317 0.025506376594148537 0.015808491418247517
2 0.40172543135783945 0.4690605239385727 0.02625656414103526 0.018518518518518517
2 0.3345836459114779 0.3597560975609756 0.030007501875468866 0.02032520325203252
2 0.3893473368342086 0.4749322493224932 0.02700675168792198 0.017615176151761516
2 0.3799699924981245 0.47922312556458896 0.024756189047261814 0.017163504968383016
2 0.36721680420105024 0.4853206865401987 0.02625656414103526 0.016711833785004515
2 0.35521380345086273 0.4889340560072267 0.03375843960990248 0.02122854561878952
2 0.5828957239309828 0.4532520325203252 0.021005251312828207 0.016711833785004515
2 0.5742685671417854 0.45889792231255644 0.024756189047261814 0.015356820234869015
2 0.6039009752438109 0.469286359530262 0.02250562640660165 0.016260162601626018
2 0.595648912228057 0.4731255645889792 0.02250562640660165 0.015808491418247517
2 0.5637659414853713 0.4640921409214092 0.02175543885971493 0.014905149051490514
2 0.4452363090772693 0.4473803071364047 0.03225806451612903 0.02032520325203252
2 0.45461365341335336 0.44128274616079494 0.030007501875468866 0.01987353206865402
2 0.46511627906976744 0.4351851851851852 0.02700675168792198 0.018518518518518517
2 0.41785446361590395 0.4277326106594399 0.030007501875468866 0.018066847335140017
2 0.3207051762940735 0.36720867208672087 0.03225806451612903 0.022583559168925023
2 0.3709677419354839 0.37330623306233063 0.02625656414103526 0.016711833785004515
2 0.36159039759939987 0.3794037940379404 0.02250562640660165 0.01987353206865402
2 0.34733683420855216 0.38550135501355015 0.03150787696924231 0.018518518518518517
2 0.3379594898724681 0.3918247515808491 0.0277569392348087 0.01942186088527552
2 0.3237059264816204 0.3992773261065944 0.029257314328582147 0.01987353206865402
2 0.49099774943735935 0.3902439024390244 0.024756189047261814 0.017163504968383016
2 0.4827456864216054 0.39588979223125564 0.03225806451612903 0.018518518518518517
2 0.5292573143285821 0.4028906955736224 0.03225806451612903 0.02077687443541102
2 0.5180045011252813 0.4078590785907859 0.029257314328582147 0.017163504968383016
2 0.4703675918979745 0.4015356820234869 0.02700675168792198 0.018066847335140017
2 0.4602400600150037 0.40627822944896114 0.03225806451612903 0.018518518518518517
2 0.6099024756189048 0.4399277326106594 0.024006001500375095 0.014453477868112014
2 0.6016504126031508 0.4455736224028907 0.01800450112528132 0.013098464317976514
2 0.5930232558139535 0.4496386630532972 0.020255063765941484 0.014001806684733513
2 0.4988747186796699 0.41915085817524844 0.028507126781695424 0.01987353206865402
2 0.486496624156039 0.4245709123757904 0.03075768942235559 0.018970189701897018
2 0.4763690922730683 0.43021680216802166 0.02700675168792198 0.015808491418247517
2 0.4384846211552888 0.41847335140018066 0.03225806451612903 0.02032520325203252
2 0.3300825206301575 0.26151761517615174 0.030007501875468866 0.02168021680216802
2 0.37021755438859716 0.24435411020776873 0.03225806451612903 0.024390243902439025
2 0.7963240810202551 0.3685636856368564 0.02175543885971493 0.017163504968383016
2 0.7096774193548387 0.27710027100271 0.025506376594148537 0.018518518518518517
2 0.6571642910727682 0.3048780487804878 0.02250562640660165 0.017163504968383016
2 0.6676669167291823 0.29878048780487804 0.02700675168792198 0.018518518518518517
2 0.677794448612153 0.2940379403794038 0.023255813953488372 0.016260162601626018
2 0.6894223555888972 0.2881662149954833 0.025506376594148537 0.017163504968383016
2 0.6901725431357839 0.3150406504065041 0.025506376594148537 0.016711833785004515
2 0.7010502625656414 0.3112014453477868 0.0277569392348087 0.018066847335140017
2 0.7119279819954989 0.30420054200542007 0.02700675168792198 0.017615176151761516
2 0.7209302325581395 0.2990063233965673 0.02250562640660165 0.014453477868112014
2 0.6972993248312078 0.2836495031616983 0.0277569392348087 0.018066847335140017
2 0.7186796699174793 0.2721318879855465 0.025506376594148537 0.017615176151761516
2 0.6804201050262566 0.3209123757904246 0.02700675168792198 0.016711833785004515
2 0.7333083270817704 0.2938121047877145 0.024756189047261814 0.015808491418247517
2 0.7430607651912978 0.28884372177055107 0.0277569392348087 0.017615176151761516
2 0.753563390847712 0.2822944896115628 0.023255813953488372 0.016260162601626018
2 0.7310577644411103 0.26648599819331525 0.023255813953488372 0.018066847335140017
2 0.7629407351837959 0.27732610659439927 0.028507126781695424 0.018970189701897018
2 0.7378094523630908 0.259936766034327 0.02625656414103526 0.016711833785004515
2 0.7741935483870968 0.2705510388437218 0.028507126781695424 0.018066847335140017
2 0.7828207051762941 0.26558265582655827 0.02625656414103526 0.017163504968383016
2 0.7603150787696924 0.2506775067750677 0.02625656414103526 0.018066847335140017
2 0.6477869467366841 0.3091689250225836 0.024756189047261814 0.018518518518518517
2 0.6706676669167292 0.32565492321589884 0.02250562640660165 0.017163504968383016
2 0.3803450862715679 0.2369015356820235 0.030007501875468866 0.022131887985546522
2 0.8495873968492123 0.33875338753387535 0.023255813953488372 0.014453477868112014
2 0.8132033008252063 0.3579494128274616 0.02250562640660165 0.015808491418247517
2 0.8244561140285072 0.35411020776874436 0.024006001500375095 0.015356820234869015
2 0.791072768192048 0.34394760614272807 0.0277569392348087 0.016711833785004515
2 0.800450112528132 0.33785004516711836 0.021005251312828207 0.016260162601626018
2 0.8094523630907727 0.33378500451671184 0.021005251312828207 0.015356820234869015
2 0.8177044261065266 0.32791327913279134 0.024006001500375095 0.017163504968383016
2 0.8267066766691673 0.32429990966576333 0.02250562640660165 0.014453477868112014
2 0.8360840210052514 0.31978319783197834 0.02175543885971493 0.015356820234869015
2 0.845086271567892 0.3148148148148148 0.023255813953488372 0.016260162601626018
2 0.8578394598649662 0.3340108401084011 0.02175543885971493 0.014905149051490514
2 0.6612903225806451 0.33084914182475156 0.0277569392348087 0.01942186088527552
2 0.8657164291072769 0.3283649503161698 0.019504876219054765 0.011743450767841012
2 0.8747186796699175 0.32429990966576333 0.02250562640660165 0.015356820234869015
2 0.8540885221305327 0.31052393857271904 0.023255813953488372 0.014905149051490514
2 0.63615903975994 0.3143631436314363 0.024006001500375095 0.016260162601626018
2 0.6275318829707427 0.3188798554652213 0.02625656414103526 0.017163504968383016
2 0.6207801950487621 0.3507226738934056 0.024756189047261814 0.015808491418247517
2 0.6324081020255063 0.34688346883468835 0.024006001500375095 0.016260162601626018
2 0.6417854463615904 0.3412375790424571 0.02625656414103526 0.016711833785004515
2 0.6515378844711178 0.33604336043360433 0.02625656414103526 0.018970189701897018
2 0.6249062265566392 0.24141824751580848 0.030007501875468866 0.018518518518518517
2 0.6357839459864967 0.2350948509485095 0.0277569392348087 0.017615176151761516
2 0.6466616654163541 0.23012646793134597 0.0345086271567892 0.022131887985546522
2 0.5896474118529632 0.22944896115627822 0.02700675168792198 0.02077687443541102
2 0.5397599399849963 0.18473351400180668 0.03225806451612903 0.022583559168925023
2 0.5281320330082521 0.18992773261065943 0.030007501875468866 0.023035230352303523
2 0.5161290322580645 0.1960252935862692 0.03150787696924231 0.02168021680216802
2 0.5033758439609902 0.2018970189701897 0.030007501875468866 0.023486901535682024
2 0.490622655663916 0.2082204155374887 0.030007501875468866 0.022583559168925023
2 0.4752438109527382 0.2127371273712737 0.03375843960990248 0.025293586269196026
2 0.6204051012753188 0.2127371273712737 0.025506376594148537 0.018970189701897018
2 0.6121530382595649 0.2186088527551942 0.025506376594148537 0.018066847335140017
2 0.6005251312828207 0.22493224932249323 0.024756189047261814 0.017163504968383016
2 0.6151537884471118 0.247289972899729 0.028507126781695424 0.01942186088527552
2 0.6575393848462115 0.22493224932249323 0.02625656414103526 0.018970189701897018
2 0.5791447861965492 0.23554652213188798 0.025506376594148537 0.018518518518518517
2 0.5678919729932483 0.23938572719060525 0.02700675168792198 0.018066847335140017
2 0.6039009752438109 0.2529358626919603 0.02700675168792198 0.018066847335140017
2 0.5933983495873969 0.25700090334236675 0.030007501875468866 0.018970189701897018
2 0.3825956489122281 0.20347786811201446 0.033008252063015754 0.023035230352303523
2 0.3698424606151538 0.20980126467931345 0.03150787696924231 0.022131887985546522
2 0.32820705176294074 0.22606142728093948 0.029257314328582147 0.022131887985546522
2 0.40847711927981994 0.22606142728093948 0.029257314328582147 0.022131887985546522
2 0.3968492123030758 0.231029810298103 0.030007501875468866 0.022131887985546522
2 0.554013503375844 0.17886178861788618 0.0277569392348087 0.02077687443541102
2 0.5660165041260315 0.17366757000903343 0.03075768942235559 0.022131887985546522
2 0.5795198799699925 0.16689250225835592 0.03075768942235559 0.02122854561878952
2 0.5926481620405101 0.1614724480578139 0.03150787696924231 0.023035230352303523
2 0.668417104276069 0.2204155374887082 0.028507126781695424 0.018970189701897018
2 0.6830457614403601 0.21160794941282746 0.029257314328582147 0.01942186088527552
2 0.667291822955739 0.18879855465221318 0.023255813953488372 0.018066847335140017
2 0.6564141035258815 0.19399277326106595 0.02700675168792198 0.016711833785004515
2 0.6421605401350338 0.20167118337850046 0.02700675168792198 0.017615176151761516
2 0.6324081020255063 0.2073170731707317 0.028507126781695424 0.018066847335140017
2 0.33758439609902474 0.15582655826558264 0.030007501875468866 0.014453477868112014
2 0.3537134283570893 0.13143631436314362 0.02625656414103526 0.016260162601626018
2 0.3840960240060015 0.11517615176151762 0.019504876219054765 0.013550135501355014
2 0.43135783945986494 0.1102077687443541 0.019504876219054765 0.01084010840108401
2 0.559264816204051 0.12217705510388437 0.018754688672168042 0.014001806684733513
2 0.5671417854463616 0.11720867208672087 0.01800450112528132 0.014001806684733513
2 0.5315078769692423 0.1052393857271906 0.024756189047261814 0.013550135501355014
2 0.49962490622655664 0.12149954832881663 0.02700675168792198 0.011743450767841012
2 0.5045011252813203 0.12646793134598014 0.02625656414103526 0.011743450767841012
2 0.48349587396849214 0.13233965672990064 0.024756189047261814 0.014453477868112014
2 0.4493623405851463 0.1497289972899729 0.0345086271567892 0.01942186088527552
2 0.4568642160540135 0.1546973803071364 0.033008252063015754 0.02032520325203252
2 0.605026256564141 0.15447154471544716 0.024756189047261814 0.018970189701897018
0 0.32483120780195046 0.15763324299909665 0.06451612903225806 0.024390243902439025