2 0.15475704369130258 0.6552333804809052 0.00449162923642303 0.003536067892503536
2 0.20814618211514904 0.4853842527109854 0.005104124132298897 0.008958038661008957
2 0.20130665577786852 0.49163130598774163 0.008166598611678236 0.010136727958510137
2 0.14107799101674154 0.48550212164073553 0.00449162923642303 0.006836397925506836
2 0.2235606369946917 0.9256247053276756 0.00449162923642303 0.008722300801508723
2 0.21906900775826868 0.013319189061763319 0.007758268681094325 0.003536067892503536
2 0.2060024499795835 0.05822725129655823 0.005308289097590854 0.004243281471004243
2 0.33625969783585136 0.10737859500235739 0.00449162923642303 0.006364922206506365
2 0.3722948142098816 0.10572842998585573 0.005920783993466721 0.007779349363507779
2 0.3695385871784402 0.10372465818010372 0.006124948958758677 0.008486562942008486
2 0.3639240506329114 0.09264497878359264 0.005104124132298897 0.006600660066006601
2 0.374846876276031 0.046793965110796795 0.004083299305839118 0.006364922206506365
2 0.3533074724377297 0.048797736916548796 0.004287464271131074 0.008486562942008486
2 0.259289505920784 0.04915134370579915 0.008166598611678236 0.004479019330504479
2 0.13821968150265415 0.46298915605846297 0.0036749693752552064 0.006129184347006129
2 0.3420783993466721 0.09806694955209806 0.005512454062882809 0.010372465818010372
0 0.5161290322580645 0.8035124941065536 0.016333197223356473 0.037953795379537955
0 0.592486729277256 0.7814710042432814 0.008574928542262147 0.026874115983026876
0 0.5779910167415272 0.7901933050447902 0.008166598611678236 0.02215935879302216
0 0.5664556962025317 0.795025931164545 0.01245406288280931 0.026638378123526638
0 0.5525724785626787 0.7992692126355493 0.017762351980400163 0.03323903818953324
0 0.5442017149857085 0.8088165959453089 0.013270722743977134 0.02593116454502593
0 0.5309309922417313 0.8051626591230552 0.01694569211923234 0.035596416784535595
0 0.5080645161290323 0.80999528524281 0.012045732952225397 0.023573785950023574
0 0.35310330747243773 0.5716643092880717 0.02143732135565537 0.024516737388024516
0 0.36269906084115966 0.5898161244695899 0.03695385871784402 0.037246581801037244
0 0.370355247039608 0.6043140028288543 0.03960800326663944 0.04408297972654408
0 0.3670886075949367 0.6238802451673738 0.028583095140873826 0.03088165959453088
0 0.3708656594528379 0.6410891089108911 0.025112290730910574 0.028052805280528052
0 0.38178848509595753 0.6665487977369166 0.024091465904450795 0.02710985384252711
2 0.7291751735402205 0.22984441301272984 0.002245814618211515 0.007543611504007544
2 0.7370355247039608 0.1984912776991985 0.005308289097590854 0.004243281471004243
2 0.652715394038383 0.45744931636020747 0.0057166190281747655 0.009193776520509194
2 0.6192323397305023 0.805987741631306 0.002041649652919559 0.004243281471004243
2 0.21692527562270314 0.12588401697312587 0.006737443854634545 0.014144271570014143
2 0.026031033074724378 0.40075436115040075 0.002654144548795427 0.002828854314002829
2 0.1185177623519804 0.42362093352192365 0.0030624744793793387 0.006129184347006129
2 0.11361780318497346 0.43906176331918906 0.006329113924050633 0.0054219707685054215
2 0.03879134340547162 0.4121876473361622 0.006533278889342589 0.005893446487505893
2 0.031237239689669252 0.4077086280056577 0.0032666394446712946 0.006364922206506365
2 0.03276847692935892 0.4091230551626591 0.0034708044099632505 0.0054219707685054215
2 0.208350347080441 0.07307873644507308 0.0046957942017149855 0.004243281471004243
2 0.3236014699877501 0.6831683168316832 0.0028583095140873828 0.003771805752003772
2 0.33677011024908127 0.7375058934464875 0.006329113924050633 0.007307873644507308
2 0.33217639853001224 0.7180575200377181 0.006533278889342589 0.006129184347006129
2 0.33350347080440995 0.7147571900047147 0.005920783993466721 0.006600660066006601
2 0.3273785218456513 0.6837576614804337 0.005104124132298897 0.006836397925506836
2 0.3128828093099224 0.6624233851956625 0.0071457737852184565 0.00942951438000943
2 0.3107390771743569 0.66996699669967 0.006941608819926501 0.008015087223008015
2 0.16976316864026134 0.7571900047147572 0.004287464271131074 0.006129184347006129
2 0.3246222948142099 0.8499528524280999 0.011841567986933442 0.007779349363507779
2 0.3359534503879134 0.9323432343234324 0.005920783993466721 0.007543611504007544
2 0.34973458554512044 0.9545025931164545 0.006124948958758677 0.008958038661008957
2 0.3903634136382197 0.9247996228194248 0.006124948958758677 0.008015087223008015
2 0.2717435688035933 0.21699669966996699 0.006124948958758677 0.006364922206506365
2 0.2996120865659453 0.22465818010372465 0.005920783993466721 0.008486562942008486
2 0.39822376480196 0.21463932107496464 0.005920783993466721 0.007779349363507779
2 0.38035933033891384 0.24834983498349836 0.0036749693752552064 0.004479019330504479
2 0.4009799918334014 0.2615511551155115 0.0036749693752552064 0.0049504950495049506
2 0.3716823193140057 0.29384724186704386 0.007554103715802368 0.009665252239509665
2 0.4142507145773785 0.32248939179632247 0.008166598611678236 0.010372465818010372
2 0.1448550428746427 0.4780763790664781 0.005104124132298897 0.007072135785007072
2 0.14699877501020825 0.47984441301272984 0.00449162923642303 0.006836397925506836
2 0.143527970600245 0.4860914662894861 0.004083299305839118 0.005657708628005658
2 0.19058799510004085 0.3755304101838755 0.005104124132298897 0.008015087223008015
2 0.22764393630053084 0.4057048561999057 0.0057166190281747655 0.007543611504007544
2 0.19824418129848917 0.5106082036775106 0.0028583095140873828 0.006129184347006129
2 0.19855042874642712 0.48184818481848185 0.0030624744793793387 0.0033003300330033004
0 0.39199673336055535 0.6737388024516737 0.0310330747243773 0.03583215464403583
0 0.39567170273581054 0.6922442244224423 0.01551653736218865 0.016737388024516738
0 0.4064924458962842 0.7015558698727016 0.02449979583503471 0.026402640264026403
0 0.8711719069007758 0.39026402640264024 0.025724785626786442 0.017208863743517207
0 0.7460187831768068 0.4510843941537011 0.019599836668027767 0.07425742574257425
0 0.7755206206614945 0.44955209806694957 0.009187423438138016 0.07119283356907119
0 0.7852184565128624 0.4391796322489392 0.008166598611678236 0.04526166902404526
0 0.7942017149857085 0.4349363507779349 0.0057166190281747655 0.037246581801037244
0 0.837688852592895 0.43399339933993397 0.02000816659861168 0.030174446016030174
0 0.8720906492445897 0.4042904290429043 0.03695385871784402 0.02593116454502593
0 0.8754593711719069 0.3706977840641207 0.02531645569620253 0.020980669495520982
0 0.8265618619844834 0.21711456859971712 0.020620661494487547 0.024516737388024516
0 0.8792364230298081 0.35879302215935877 0.02633728052266231 0.01603017444601603
0 0.8783176806859943 0.3355728429985856 0.018783176806859942 0.01438000942951438
0 0.8837280522662311 0.32083922677982085 0.03695385871784402 0.02215935879302216
0 0.8825030624744794 0.3009193776520509 0.03164556962025317 0.021923620933521924
0 0.8878113515720703 0.2758132956152758 0.0259289505920784 0.009900990099009901
0 0.8630053082890976 0.24057048561999056 0.01837484687627603 0.02145214521452145
0 0.7279501837484688 0.4532060348892032 0.014904042466312781 0.0719000471475719
0 0.7051857901184156 0.4763083451202263 0.031849734585545124 0.08981612446958982
0 0.6720089832584728 0.46322489391796323 0.012862392813393221 0.04667609618104668
0 0.661800734993875 0.46192833569071196 0.01980400163331972 0.05822725129655823
0 0.6476112699060841 0.4504950495049505 0.016333197223356473 0.02876001885902876
0 0.6403634136382197 0.4667609618104668 0.017354022049816252 0.027345591702027345
0 0.6367905267456104 0.48066949552098065 0.027766435279706004 0.039132484677039135
0 0.7986933442221315 0.5977133427628477 0.012249897917517355 0.04408297972654408
0 0.7629644752960392 0.6221122112211221 0.019191506737443853 0.03583215464403583
0 0.7526541445487954 0.6338991041961339 0.014495712535728868 0.026874115983026876
0 0.74060841159657 0.6377887788778878 0.022662311147407105 0.03936822253653937
0 0.735912617394855 0.6553512494106554 0.013679052674561045 0.024045261669024046
0 0.7236627194773377 0.6628948609146629 0.021028991425071458 0.033003300330033
0 0.7184565128623928 0.6793965110796794 0.015108207431604737 0.02263083451202263
0 0.7008983258472846 0.683993399339934 0.023683135973866884 0.041254125412541254
0 0.689669252756227 0.6966053748231966 0.02531645569620253 0.04148986327204149
0 0.6808901592486729 0.7078029231494578 0.022866476112699062 0.04031117397454031
0 0.8434054716210698 0.22972654408297974 0.017558187015108206 0.016737388024516738
0 0.8005308289097591 0.19825553983969826 0.03389138423846468 0.027345591702027345
0 0.41915067374438547 0.7047383309759547 0.021233156390363415 0.024752475247524754
0 0.22049816251531237 0.0810938236680811 0.024091465904450795 0.01272984441301273
0 0.07799101674152716 0.3595002357378595 0.010208248264597795 0.03536067892503536
0 0.2403021641486321 0.16077322017916076 0.025724785626786442 0.01885902876001886
0 0.2319314005716619 0.14533239038189533 0.02694977541853818 0.016265912305516265
0 0.23070641077991016 0.12706270627062707 0.02531645569620253 0.011786892975011787
0 0.2287668436096366 0.1074964639321075 0.025112290730910574 0.017916077322017915
0 0.22652102899142507 0.09264497878359264 0.01980400163331972 0.010843941537010843
0 0.21049407921600655 0.06789250353606789 0.03144140465496121 0.016973125884016973
0 0.7912413229889751 0.18564356435643564 0.028787260106165783 0.021923620933521924
0 0.20906492445896285 0.053276756247053275 0.026541445487954268 0.010372465818010372
0 0.21968150265414454 0.03653936822253654 0.015108207431604737 0.007543611504007544
0 0.22019191506737443 0.025106082036775106 0.015720702327480605 0.009193776520509194
0 0.2227439771335239 0.01107967939651108 0.014291547570436913 0.009900990099009901
0 0.029808084932625562 0.021923620933521924 0.026133115557370357 0.033474776049033476
0 0.1273989383421805 0.047972654408297975 0.004899959167006942 0.020037718057520037
0 0.08830134748877093 0.363979255068364 0.01000408329930584 0.031117397454031116
0 0.10402204981625153 0.36468646864686466 0.009595753368721927 0.0297029702970297
0 0.12096774193548387 0.34016973125884015 0.013270722743977134 0.029231494578029232
0 0.1134136382196815 0.36727958510136727 0.009595753368721927 0.026874115983026876
0 0.13178848509595753 0.3662187647336162 0.012045732952225397 0.023809523809523808
0 0.14842792976725194 0.36786892975011787 0.014699877501020826 0.03371051390853371
0 0.16537362188648427 0.37682696841112684 0.015108207431604737 0.029467232437529467
0 0.1846672111065741 0.38248467703913247 0.01857901184156799 0.03323903818953324
0 0.20590036749693752 0.3935643564356436 0.01980400163331972 0.02993870815652994
0 0.22488770926908944 0.4140735502121641 0.020620661494487547 0.027581329561527583
0 0.24346672111065742 0.43033946251768035 0.016129032258064516 0.02333804809052334
0 0.7763372805226623 0.06883545497406883 0.01245406288280931 0.007543611504007544
0 0.7752143732135566 0.0843941537010844 0.022458146182115148 0.011786892975011787
0 0.7783789301755819 0.1140971239981141 0.03246222948142099 0.012258368694012258
0 0.7751122907309106 0.13566713814238568 0.018170681910984074 0.010136727958510137
0 0.7833809718252348 0.15876944837340876 0.026133115557370357 0.018151815181518153
0 0.7912413229889751 0.17291371994342292 0.030012249897917516 0.019566242338519568
0 0.6734381380155166 0.7155822725129656 0.021028991425071458 0.038896746817538894
0 0.6638423846467946 0.7227722772277227 0.021028991425071458 0.039603960396039604
0 0.6553695385871784 0.7400990099009901 0.015108207431604737 0.025695426685525696
0 0.5035728868926093 0.4024045261669024 0.024703960800326663 0.03206034889203206
0 0.5493058391180073 0.4664073550212164 0.03940383830134749 0.04926921263554927
0 0.54593711719069 0.4497878359264498 0.02490812576561862 0.033003300330033
0 0.5388934258881176 0.4374115983026874 0.02143732135565537 0.027581329561527583
0 0.5273581053491221 0.4306930693069307 0.02939975500204165 0.03583215464403583
0 0.5201102490812577 0.41772748703441775 0.02347897100857493 0.027817067421027818
0 0.5179665169456921 0.40134370579915135 0.008574928542262147 0.01107967939651108
0 0.49836668027766434 0.38437057991513435 0.017558187015108206 0.02145214521452145
0 0.6405675786035117 0.7372701555869873 0.024295630869742752 0.043611504007543614
0 0.4879542670477746 0.3781235266383781 0.025724785626786442 0.03206034889203206
0 0.48019599836668025 0.36586515794436586 0.024091465904450795 0.031117397454031116
0 0.4694773376888526 0.35997171145685997 0.025112290730910574 0.03253182461103253
0 0.4648836259697836 0.3454738330975955 0.01551653736218865 0.020037718057520037
0 0.4511024908125766 0.3404054691183404 0.02143732135565537 0.0297029702970297
0 0.44048591261739484 0.33085808580858084 0.02388730093915884 0.02993870815652994
0 0.5766639444671294 0.4760726072607261 0.02143732135565537 0.02428099952852428
0 0.3114536545528787 0.8569071192833569 0.01000408329930584 0.011315417256011316
0 0.3322784810126582 0.8465346534653465 0.0034708044099632505 0.005186232909005186
0 0.33217639853001224 0.8653936822253654 0.013066557778685178 0.013201320132013201
0 0.40026541445487956 0.849009900990099 0.022253981216823194 0.03041018387553041
0 0.36423029808084934 0.8241395568128241 0.011433238056349531 0.014144271570014143
0 0.41026949775418536 0.8645685997171145 0.014904042466312781 0.020037718057520037
0 0.4208860759493671 0.8722300801508722 0.012862392813393221 0.016973125884016973
0 0.42905267456104534 0.8876709099481377 0.006737443854634545 0.008722300801508723
0 0.4378317680685994 0.8963932107496464 0.007962433646386281 0.009193776520509194
0 0.44436504695794204 0.9073550212164073 0.005104124132298897 0.006129184347006129
0 0.4559003674969375 0.8252003771805752 0.011433238056349531 0.019566242338519568
0 0.4671294405879951 0.8188354549740688 0.01551653736218865 0.02428099952852428
0 0.48091057574520213 0.8107024988213107 0.014087382605144957 0.028288543140028287
0 0.4939771335238873 0.8136492220650636 0.007554103715802368 0.020037718057520037
0 0.44742752143732134 0.7563649222065064 0.021028991425071458 0.025695426685525696
0 0.4337484687627603 0.706034889203206 0.02388730093915884 0.02545968882602546
0 0.4253777051857901 0.31011315417256013 0.017354022049816252 0.02333804809052334
0 0.2765414454879543 0.20733144743045734 0.01694569211923234 0.02333804809052334
0 0.3022662311147407 0.2151107967939651 0.01939567170273581 0.02616690240452617
0 0.902715394038383 0.6759783121169259 0.015720702327480605 0.02333804809052334
0 0.634442629644753 0.7524752475247525 0.016537362188648427 0.028288543140028287
0 0.6234177215189873 0.7608439415370108 0.016537362188648427 0.02616690240452617
0 0.6143323805634953 0.7673267326732673 0.015924867292772562 0.027345591702027345
0 0.6032053899550837 0.7700377180575201 0.012045732952225397 0.03371051390853371
0 0.8002245814618212 0.8520744931636021 0.014904042466312781 0.01768033946251768
0 0.819314005716619 0.831093823668081 0.014291547570436913 0.015794436586515793
0 0.8231931400571662 0.8158887317303158 0.0032666394446712946 0.004243281471004243
0 0.8328909759085341 0.8070485619990571 0.0046957942017149855 0.006364922206506365
0 0.8577991016741527 0.8045733144743046 0.01041241322988975 0.013201320132013201
0 0.884034299714169 0.8053983969825554 0.014699877501020826 0.02333804809052334
0 0.8927113107390772 0.803041018387553 0.018170681910984074 0.025695426685525696
0 0.9029195590036749 0.7956152758132956 0.017354022049816252 0.02545968882602546
0 0.9431400571661903 0.71004243281471 0.013679052674561045 0.014144271570014143
0 0.9192527562270314 0.6849363507779349 0.024703960800326663 0.028524280999528525
0 0.8769906084115966 0.6578264969354078 0.020212331563903636 0.02616690240452617
0 0.3158432013066558 0.21982555398396983 0.0208248264597795 0.02616690240452617
0 0.8678031849734585 0.6445073078736445 0.027562270314414047 0.040075436115040074
0 0.8482033483054308 0.6361386138613861 0.032053899550837074 0.04455445544554455
0 0.25898325847284603 0.5635313531353136 0.02143732135565537 0.02333804809052334
0 0.32370355247039606 0.5383074021687884 0.022662311147407105 0.02710985384252711
0 0.27848101265822783 0.4510843941537011 0.01837484687627603 0.02428099952852428
0 0.26704777460187834 0.44896275341819897 0.017558187015108206 0.020037718057520037
0 0.379746835443038 0.2881895332390382 0.02000816659861168 0.028052805280528052
0 0.3681094324213965 0.27828854314002827 0.017149857084524295 0.02333804809052334
0 0.40200081665986115 0.303983969825554 0.022049816251531237 0.029467232437529467
0 0.3582074316047366 0.26815181518151815 0.018170681910984074 0.02333804809052334
0 0.3428950592078399 0.2666195190947666 0.03246222948142099 0.036775106082036775
0 0.34473254389546754 0.2492927864214993 0.024295630869742752 0.02993870815652994
0 0.33697427521437323 0.23503064592173503 0.02347897100857493 0.030645921735030647
0 0.3218660677827685 0.23385195662423386 0.027562270314414047 0.03583215464403583
2 0.7207023274806044 0.36044318717586044 0.007349938750510413 0.003771805752003772
2 0.6973254389546754 0.3493635077793494 0.008779093507554103 0.003771805752003772
2 0.6932421396488363 0.3755304101838755 0.004287464271131074 0.00942951438000943
2 0.69416088199265 0.38531353135313534 0.00449162923642303 0.010608203677510608
2 0.703960800326664 0.3874351720886374 0.009391588403429971 0.004479019330504479
2 0.7218252347897101 0.38778877887788776 0.011229073091057574 0.008958038661008957
2 0.7203960800326664 0.3554926921263555 0.0071457737852184565 0.003771805752003772
2 0.7207023274806044 0.36504007543611505 0.006533278889342589 0.003536067892503536
2 0.7654144548795426 0.35384252710985387 0.0057166190281747655 0.007072135785007072
2 0.7217231523070641 0.37116925978312115 0.009391588403429971 0.00825082508250825
2 0.722029399755002 0.37694483734087697 0.01000408329930584 0.00942951438000943
2 0.7290730910575746 0.38189533239038187 0.004083299305839118 0.007543611504007544
2 0.7298897509187423 0.3744695898161245 0.0036749693752552064 0.010136727958510137
2 0.7372396896692528 0.3716407355021216 0.004083299305839118 0.01107967939651108
2 0.7369334422213148 0.38248467703913247 0.0038791343405471623 0.01107967939651108
2 0.6981420988158432 0.3533710513908534 0.007554103715802368 0.003771805752003772
2 0.7061045324622295 0.353017444601603 0.008370763576970192 0.004007543611504008
2 0.7057982850142915 0.34865629420084865 0.008166598611678236 0.004243281471004243
2 0.7061045324622295 0.3578500707213578 0.010820743160473663 0.004243281471004243
2 0.6980400163331972 0.3580858085808581 0.0057166190281747655 0.003771805752003772
2 0.6986525112290731 0.3631541725601132 0.006941608819926501 0.003536067892503536
2 0.6992650061249489 0.3676331918906176 0.0057166190281747655 0.0030645921735030644
2 0.7065128623928134 0.3721122112211221 0.007962433646386281 0.003536067892503536
2 0.7063086974275214 0.3676331918906176 0.008370763576970192 0.0030645921735030644
2 0.7065128623928134 0.3633899104196134 0.007962433646386281 0.004007543611504008
2 0.7031441404654961 0.37682696841112684 0.011433238056349531 0.0054219707685054215
2 0.699162923642303 0.371994342291372 0.006737443854634545 0.004243281471004243
2 0.70355247039608 0.38248467703913247 0.012249897917517355 0.0049504950495049506
2 0.7146794610044916 0.3696369636963696 0.004287464271131074 0.013672795851013672
2 0.7130461412821559 0.35631777463460634 0.004287464271131074 0.010608203677510608
2 0.805430788076766 0.2881895332390382 0.005308289097590854 0.0049504950495049506
2 0.708146182115149 0.33675153229608673 0.006329113924050633 0.002593116454502593
2 0.7539812168231932 0.3475954738330976 0.0032666394446712946 0.006836397925506836
2 0.7710289914250714 0.36185761433286184 0.0071457737852184565 0.003771805752003772
2 0.7187627603103307 0.41148043375766147 0.0046957942017149855 0.012494106553512494
2 0.7048795426704777 0.39203206034889204 0.011229073091057574 0.004714757190004715
2 0.7141690485912617 0.38283828382838286 0.002449979583503471 0.007072135785007072
2 0.7227439771335239 0.38213107024988213 0.010616578195181707 0.008486562942008486
2 0.72233564720294 0.3933286185761433 0.011433238056349531 0.008722300801508723
2 0.7278481012658228 0.41089108910891087 0.005308289097590854 0.014144271570014143
2 0.7233564720293998 0.41183404054691186 0.00449162923642303 0.01272984441301273
2 0.7068191098407514 0.41112682696841113 0.004083299305839118 0.01272984441301273
2 0.7708248264597795 0.3649222065063649 0.007962433646386281 0.0033003300330033004
2 0.7066149448754594 0.4222065063649222 0.002449979583503471 0.00942951438000943
2 0.7020212331563903 0.4222065063649222 0.0038791343405471623 0.010843941537010843
2 0.7018170681910985 0.4093587930221594 0.0038791343405471623 0.015322960867515324
2 0.6874234381380155 0.40216878830740216 0.00898325847284606 0.005186232909005186
2 0.6870151082074316 0.39733616218764733 0.009799918334013884 0.004479019330504479
2 0.6873213556553696 0.3923856671381424 0.008779093507554103 0.004479019330504479
2 0.749693752552062 0.4068835454974069 0.004083299305839118 0.013201320132013201
2 0.7527562270314414 0.4057048561999057 0.0032666394446712946 0.007543611504007544
2 0.7582686810943242 0.4075907590759076 0.0036749693752552064 0.008486562942008486
2 0.7630665577786852 0.40806223479490805 0.0046957942017149855 0.013201320132013201
2 0.7676602694977542 0.4068835454974069 0.0057166190281747655 0.015558698727015558
2 0.7727643936300531 0.40535124941065537 0.0057166190281747655 0.01485148514851485
2 0.7706206614944875 0.39615747289014613 0.008370763576970192 0.0049504950495049506
2 0.7629644752960392 0.3978076379066478 0.00898325847284606 0.0054219707685054215
2 0.7436708860759493 0.3856671381423857 0.01000408329930584 0.008015087223008015
2 0.7438750510412413 0.3801272984441301 0.009187423438138016 0.007779349363507779
2 0.7440792160065333 0.37458745874587457 0.008370763576970192 0.008486562942008486
2 0.7436708860759493 0.3686940122583687 0.009187423438138016 0.00942951438000943
2 0.7428542262147816 0.36303630363036304 0.007962433646386281 0.008015087223008015
2 0.7529603919967334 0.361975483262612 0.0032666394446712946 0.0049504950495049506
2 0.7586770110249081 0.361975483262612 0.00449162923642303 0.0049504950495049506
2 0.7764393630053082 0.35961810466760963 0.0032666394446712946 0.006364922206506365
2 0.7635769701919151 0.3633899104196134 0.006533278889342589 0.0054219707685054215
2 0.6431196406696611 0.4946958981612447 0.008574928542262147 0.007779349363507779
2 0.6913025724785626 0.26284771334276286 0.0032666394446712946 0.005186232909005186
2 0.633932217231523 0.7429278642149929 0.0057166190281747655 0.00825082508250825
2 0.04899959167006942 0.3874351720886374 0.002449979583503471 0.0049504950495049506
2 0.43405471621069824 0.2369165487977369 0.006941608819926501 0.00942951438000943
2 0.4551857901184157 0.23738802451673738 0.005920783993466721 0.007543611504007544
2 0.6308697427521437 0.12364450730787364 0.005308289097590854 0.002593116454502593
2 0.3820947325438955 0.694955209806695 0.002245814618211515 0.004714757190004715
2 0.28399346672111064 0.8187175860443188 0.006533278889342589 0.007072135785007072
2 0.35300122498979175 0.9537953795379538 0.004083299305839118 0.006600660066006601
2 0.3617803184973459 0.6126826968411127 0.0036749693752552064 0.003771805752003772
2 0.648325847284606 0.45532767562470533 0.0030624744793793387 0.004479019330504479
2 0.6529195590036749 0.4521452145214521 0.0028583095140873828 0.004243281471004243
2 0.9266026949775419 0.7194719471947195 0.005920783993466721 0.0033003300330033004
2 0.03450387913434055 0.4383545497406884 0.005308289097590854 0.009193776520509194
2 0.05053082890975909 0.3868458274398868 0.0018374846876276032 0.004243281471004243
2 0.7600040832993058 0.12164073550212164 0.005512454062882809 0.003771805752003772
2 0.05298080849326255 0.3862564827911363 0.0018374846876276032 0.004007543611504008
2 0.7302980808493262 0.13578500707213578 0.007349938750510413 0.005186232909005186
2 0.7294814209881584 0.14002828854314003 0.006124948958758677 0.004243281471004243
2 0.671498570845243 0.09288071664309289 0.008166598611678236 0.004714757190004715
2 0.6310739077174357 0.11598302687411598 0.006533278889342589 0.004243281471004243
2 0.6309718252347897 0.12022630834512023 0.006329113924050633 0.0033003300330033004
2 0.6317884850959575 0.13107024988213106 0.005920783993466721 0.006600660066006601
2 0.8291139240506329 0.3191890617633192 0.006941608819926501 0.0033003300330033004
2 0.8278889342588812 0.31553512494106556 0.007758268681094325 0.003536067892503536
2 0.8996529195590037 0.3237859500235738 0.005920783993466721 0.005893446487505893
2 0.9044507962433647 0.6669024045261669 0.006124948958758677 0.008958038661008957
2 0.9180277664352797 0.7474068835454974 0.007554103715802368 0.0054219707685054215
2 0.8864842792976725 0.7362093352192363 0.005308289097590854 0.006129184347006129
2 0.6865046957942017 0.3876709099481377 0.007554103715802368 0.003536067892503536
2 0.6863005308289097 0.38283828382838286 0.008779093507554103 0.004243281471004243
2 0.6858922008983258 0.378005657708628 0.008370763576970192 0.003536067892503536
2 0.602082482645978 0.2448137670909948 0.006533278889342589 0.00825082508250825
2 0.5861576153532054 0.36044318717586044 0.004083299305839118 0.005657708628005658
2 0.6147407104940792 0.33003300330033003 0.004899959167006942 0.002828854314002829
2 0.5824826459779502 0.3274398868458274 0.005308289097590854 0.007072135785007072
2 0.5997345855451205 0.1918906176331919 0.006329113924050633 0.008015087223008015
2 0.6147407104940792 0.3566713814238567 0.005308289097590854 0.006600660066006601
2 0.46222948142098813 0.3735266383781235 0.006533278889342589 0.007779349363507779
2 0.6246427113107391 0.4034653465346535 0.0034708044099632505 0.004007543611504008
2 0.6493466721110658 0.4095945308816596 0.0038791343405471623 0.006836397925506836
2 0.5360351163740302 0.46074964639321075 0.005920783993466721 0.007779349363507779
2 0.5553287055941201 0.46664309288071665 0.007349938750510413 0.007779349363507779
2 0.546243364638628 0.8046911834040547 0.005104124132298897 0.008722300801508723
2 0.5793180890159249 0.7884252710985384 0.0038791343405471623 0.005893446487505893
2 0.592486729277256 0.7713342762847714 0.00449162923642303 0.008958038661008957
2 0.5228664761126991 0.7920792079207921 0.0057166190281747655 0.008486562942008486
2 0.5291955900367497 0.8595002357378595 0.005308289097590854 0.008486562942008486
2 0.6245406288280931 0.8334512022630834 0.002041649652919559 0.0049504950495049506
2 0.513883217639853 0.8777699198491278 0.0057166190281747655 0.009193776520509194
2 0.6857901184156798 0.3732909005186233 0.006533278889342589 0.0030645921735030644
2 0.4495712535728869 0.7593116454502593 0.0036749693752552064 0.004714757190004715
2 0.3616782360146999 0.6302451673738803 0.0046957942017149855 0.006364922206506365
2 0.3783176806859943 0.6188118811881188 0.006124948958758677 0.006600660066006601
2 0.3762760310330747 0.6151579443658651 0.007758268681094325 0.008722300801508723
2 0.3318701510820743 0.671027817067421 0.005104124132298897 0.006364922206506365
2 0.3717844017966517 0.7582508250825083 0.005308289097590854 0.005893446487505893
2 0.5076561861984483 0.1227015558698727 0.005104124132298897 0.007779349363507779
2 0.36688444262964476 0.8248467703913248 0.007349938750510413 0.008486562942008486
2 0.4468150265414455 0.7647336162187648 0.007554103715802368 0.008958038661008957
2 0.4032258064516129 0.8385195662423385 0.007349938750510413 0.009900990099009901
2 0.41455696202531644 0.8655115511551155 0.006329113924050633 0.007779349363507779
2 0.41874234381380154 0.8861386138613861 0.002041649652919559 0.004714757190004715
2 0.3855655369538587 0.6587694483734088 0.0071457737852184565 0.008722300801508723
2 0.39148632094732544 0.6619519094766619 0.006737443854634545 0.008015087223008015
2 0.43344222131482235 0.34052333804809054 0.008166598611678236 0.009665252239509665
2 0.43905675786035114 0.3402876001885903 0.007962433646386281 0.01107967939651108
2 0.44701919150673747 0.35207449316360206 0.005104124132298897 0.006836397925506836
2 0.4421192323397305 0.3053983969825554 0.004287464271131074 0.0054219707685054215
2 0.42517354022049814 0.21522866572371524 0.0046957942017149855 0.005657708628005658
2 0.4246631278072683 0.17986798679867988 0.002041649652919559 0.005186232909005186
2 0.4545732952225398 0.22607260726072606 0.0034708044099632505 0.005186232909005186
2 0.4393630053082891 0.09453088165959453 0.006124948958758677 0.007072135785007072
2 0.708044099632503 0.4513201320132013 0.006941608819926501 0.0054219707685054215
2 0.6407717435688036 0.4906883545497407 0.006329113924050633 0.005893446487505893
2 0.6451612903225806 0.49929278642149927 0.011433238056349531 0.009900990099009901
2 0.7001837484687627 0.6784535596416784 0.0046957942017149855 0.008015087223008015
2 0.7836872192731728 0.7101603017444602 0.0034708044099632505 0.004007543611504008
2 0.7813393221723153 0.7098066949552098 0.0028583095140873828 0.004243281471004243
2 0.8634136382196815 0.787010843941537 0.00449162923642303 0.005893446487505893
2 0.7088607594936709 0.45591702027345593 0.009799918334013884 0.003771805752003772
2 0.7271335238873009 0.4582743988684583 0.008370763576970192 0.003771805752003772
2 0.7474479379338506 0.4757190004714757 0.010616578195181707 0.005186232909005186
2 0.7482645977950184 0.4813767090994814 0.011841567986933442 0.004243281471004243
2 0.7090649244589629 0.5116690240452617 0.004899959167006942 0.013908533710513909
2 0.7241731318905675 0.4351720886374352 0.006533278889342589 0.0023573785950023575
2 0.6849734585545121 0.3558462989156058 0.0057166190281747655 0.005893446487505893
2 0.6777256022866476 0.3556105610561056 0.0046957942017149855 0.005893446487505893
2 0.6926296447529604 0.3665723715228666 0.002245814618211515 0.008958038661008957
2 0.6857901184156798 0.36115040075436117 0.008574928542262147 0.008958038661008957
2 0.6855859534503879 0.3688118811881188 0.008166598611678236 0.003536067892503536
2 0.7311147407104941 0.7683875530410184 0.004083299305839118 0.005893446487505893
2 0.8129848917925684 0.6834040546911834 0.00449162923642303 0.005657708628005658
2 0.7951204573295223 0.723008015087223 0.0034708044099632505 0.005657708628005658
2 0.7934871376071866 0.7339698255539839 0.0038791343405471623 0.004479019330504479
2 0.8163536137198857 0.8052805280528053 0.005920783993466721 0.006129184347006129
2 0.8026745610453246 0.8557284299858557 0.006329113924050633 0.008958038661008957
2 0.7668436096365864 0.7416313059877416 0.004083299305839118 0.006129184347006129
2 0.8046141282155982 0.748939179632249 0.002041649652919559 0.006600660066006601
2 0.79593711719069 0.7195898161244696 0.005920783993466721 0.005893446487505893
2 0.8343201306655778 0.7433993399339934 0.004287464271131074 0.007307873644507308
2 0.7723560636994692 0.7237152286657237 0.005308289097590854 0.008015087223008015
2 0.7863413638219682 0.7002593116454503 0.0046957942017149855 0.007779349363507779
2 0.7901184156798693 0.7166430928807166 0.0028583095140873828 0.006129184347006129
2 0.7928746427113107 0.7146393210749646 0.0018374846876276032 0.002593116454502593
2 0.7923642302980809 0.7184111268269684 0.0028583095140873828 0.0049504950495049506
0 0.06420988158432013 0.03323903818953324 0.01939567170273581 0.03536067892503536