0 0.4254797876684361 0.5071493418066273 0.22539812168231932 0.06377666817975489
2 0.5359330338913842 0.42237857467090334 0.011024908125765618 0.010894235133908307
2 0.5861576153532054 0.3405583295506128 0.02000816659861168 0.010213345438039038
2 0.5916700694160882 0.33726736268724467 0.018783176806859942 0.009986382206082615
2 0.6057574520212332 0.3271674988651838 0.01837484687627603 0.010667271901951884
2 0.49877501020824827 0.45006808896958694 0.007758268681094325 0.007716749886518384
2 0.47795018374846876 0.446890603722197 0.007758268681094325 0.010894235133908307
2 0.46876276031033076 0.4460962324103495 0.009799918334013884 0.009305492510213346
2 0.453654552878726 0.4429187471629596 0.013883217639853002 0.012936904221516114
2 0.4379338505512454 0.4396277802995915 0.01347488770926909 0.01407172038129823
2 0.42935892200898323 0.43860644575578756 0.014291547570436913 0.015206536541080345
2 0.4230298080849326 0.4392873354516568 0.009799918334013884 0.009305492510213346
2 0.4148632094732544 0.4390603722197004 0.009799918334013884 0.009305492510213346
2 0.5244997958350347 0.4204493871992737 0.011841567986933442 0.010667271901951884
2 0.5771743568803593 0.3480481162051748 0.01837484687627603 0.0088515660463005
2 0.5081665986116782 0.4184067181116659 0.01837484687627603 0.012936904221516114
2 0.5004083299305839 0.41568315932818883 0.017558187015108206 0.012029051293690422
2 0.49142507145773784 0.41386745347253745 0.016741527153940384 0.012482977757603268
2 0.4832584728460596 0.4111438946890604 0.014291547570436913 0.01112119836586473
2 0.47468354430379744 0.4105764866091693 0.019191506737443853 0.014525646845211076
2 0.4593711719069008 0.403994552882433 0.019599836668027767 0.013617793917385384
2 0.5132707227439771 0.3808443032228779 0.018783176806859942 0.010894235133908307
2 0.5244997958350347 0.37675896504766226 0.02000816659861168 0.009078529278256923
2 0.5287872601061658 0.37176577394462096 0.022866476112699062 0.01044030866999546
2 0.5377705185790118 0.36472991375397185 0.018783176806859942 0.010894235133908307
2 0.5408329930583912 0.3598502042669088 0.022458146182115148 0.01112119836586473
2 0.5814618211514904 0.3441897412619156 0.01796651694569212 0.008397639582387654
2 0.5732952225398121 0.35111211983658647 0.01796651694569212 0.009532455742169769
2 0.5487954267047774 0.3480481162051748 0.02041649652919559 0.010667271901951884
2 0.620457329522254 0.37641852019972766 0.019191506737443853 0.010213345438039038
2 0.4197631686402613 0.45154334997730367 0.011433238056349531 0.010667271901951884
2 0.40261331155573704 0.44927371765773944 0.014699877501020826 0.012482977757603268
2 0.5132707227439771 0.45324557421697687 0.012249897917517355 0.011802088061733999
2 0.5057166190281748 0.45154334997730367 0.011024908125765618 0.010667271901951884
2 0.6737443854634545 0.41511575124829775 0.014699877501020826 0.0040853381752156154
2 0.6678236014699878 0.40830685428960506 0.01347488770926909 0.008624602814344077
2 0.6641486320947325 0.4049024058102587 0.014291547570436913 0.007262823422605538
2 0.661902817476521 0.40115751248297776 0.016333197223356473 0.0088515660463005
2 0.657819518170682 0.398093508851566 0.013883217639853002 0.008170676350431231
2 0.652715394038383 0.3936677258284158 0.015924867292772562 0.008397639582387654
2 0.6494487545937118 0.3899228325011348 0.014291547570436913 0.007716749886518384
2 0.6276031033074725 0.37346799818429416 0.02041649652919559 0.010667271901951884
2 0.6453654552878726 0.34089877439854743 0.02000816659861168 0.010894235133908307
2 0.6329113924050633 0.3699500680889696 0.017149857084524295 0.009532455742169769
2 0.6378113515720703 0.36665910122560147 0.017149857084524295 0.009305492510213346
2 0.6416904859126173 0.36291420789832046 0.016741527153940384 0.007716749886518384
2 0.6071866067782768 0.370177031320926 0.01551653736218865 0.007262823422605538
2 0.6112699060841159 0.36586472991375396 0.019599836668027767 0.01044030866999546
2 0.6149448754593712 0.362119836586473 0.01796651694569212 0.0088515660463005
2 0.6208656594528379 0.35882886972310485 0.015924867292772562 0.009078529278256923
2 0.6245406288280931 0.35553790285973674 0.021641486320947326 0.009759418974126192
2 0.6280114332380563 0.3513390830685429 0.01796651694569212 0.009078529278256923
2 0.6351572070232748 0.3480481162051748 0.0208248264597795 0.009305492510213346
2 0.6408738260514496 0.3450975941897413 0.017558187015108206 0.009305492510213346
2 0.5492037566353614 0.3548570131638675 0.027766435279706004 0.012936904221516114
2 0.5536953858717844 0.34396277802995917 0.02041649652919559 0.010667271901951884
2 0.8964883625969784 0.16386745347253745 0.011024908125765618 0.009986382206082615
2 0.39648836259697834 0.6229005901044031 0.009799918334013884 0.007489786654561961
2 0.40894242547978765 0.6265320018157059 0.011841567986933442 0.007489786654561961
2 0.4222131482237648 0.6295960054471176 0.009799918334013884 0.007262823422605538
2 0.4295630869742752 0.6312982296867907 0.00898325847284606 0.006128007262823422
2 0.435075541037158 0.6328869723104857 0.011024908125765618 0.007943713118474808
2 0.4414046549612087 0.6348161597821153 0.00898325847284606 0.007716749886518384
2 0.4454879542670478 0.6235814798002723 0.013883217639853002 0.012029051293690422
2 0.43875051041241325 0.6214253290966864 0.016741527153940384 0.012256014525646845
2 0.4254797876684361 0.6193826600090785 0.011433238056349531 0.006808896958692692
2 0.4195590036749694 0.6187017703132093 0.009391588403429971 0.006808896958692692
2 0.4087382605144957 0.6152973218338629 0.010616578195181707 0.006354970494779845
2 0.3993466721110657 0.6117793917385383 0.009799918334013884 0.006581933726736269
2 0.5596161698652511 0.33999092147072174 0.02000816659861168 0.009986382206082615
2 0.5653327888934259 0.3359055832955061 0.019191506737443853 0.01044030866999546
2 0.5685994283380972 0.331025873808443 0.021641486320947326 0.010667271901951884
2 0.5804409963250307 0.3242169768497503 0.02490812576561862 0.012482977757603268
2 0.5851367905267456 0.3200181570585565 0.019599836668027767 0.01044030866999546
2 0.5912617394855043 0.3162732637312755 0.021233156390363415 0.010213345438039038
2 0.5975908534095549 0.312755333635951 0.01837484687627603 0.009078529278256923
2 0.6035116374030216 0.30878347707671355 0.02449979583503471 0.01112119836586473
2 0.44875459371171905 0.45619609623241036 0.010616578195181707 0.011348161597821153
2 0.4565128623928134 0.45687698592827963 0.013883217639853002 0.011348161597821153
2 0.462841976316864 0.45835224693599635 0.010208248264597795 0.010213345438039038
2 0.5314414046549613 0.5539037675896504 0.006124948958758677 0.007035860190649115
2 0.7652102899142507 0.04993191103041307 0.009799918334013884 0.007262823422605538
2 0.7942017149857085 0.025533363595097593 0.01796651694569212 0.012482977757603268
2 0.763781135157207 0.03325011348161598 0.010208248264597795 0.007489786654561961
2 0.7760310330747244 0.029164775306400364 0.01347488770926909 0.007943713118474808
2 0.5449162923642303 0.5666137085792101 0.006124948958758677 0.006581933726736269
2 0.5428746427113107 0.5554925102133454 0.006941608819926501 0.006581933726736269
2 0.5249081257656186 0.5540172492056287 0.008574928542262147 0.009078529278256923
2 0.7866476112699061 0.06479800272355879 0.012658227848101266 0.012029051293690422
2 0.5059207839934667 0.553109396277803 0.010616578195181707 0.010894235133908307
2 0.49755002041649654 0.5525419881979119 0.011024908125765618 0.012029051293690422
2 0.4895875867701103 0.552088061733999 0.012249897917517355 0.012482977757603268
2 0.48019599836668025 0.5527689514298684 0.012249897917517355 0.0147526100771675
2 0.4712127398938342 0.5498184294144348 0.00898325847284606 0.011575124829777576
2 0.462841976316864 0.5503858374943259 0.011841567986933442 0.011802088061733999
2 0.45283789301755817 0.5483431684067182 0.008166598611678236 0.009986382206082615
2 0.44528378930175583 0.5480027235587834 0.008574928542262147 0.0088515660463005
2 0.43630053082890974 0.5476622787108488 0.011024908125765618 0.011802088061733999
2 0.42792976725193954 0.5457330912392192 0.00898325847284606 0.009305492510213346
2 0.4181298489179257 0.5456196096232411 0.010616578195181707 0.010894235133908307
2 0.7623519804001634 0.0600317748524739 0.007349938750510413 0.007489786654561961
2 0.7719477337688853 0.08284157966409442 0.011024908125765618 0.010894235133908307
2 0.4781543487137607 0.46039491602360416 0.012249897917517355 0.010667271901951884
2 0.9050632911392406 0.10837494325919202 0.006124948958758677 0.006128007262823422
2 0.9563086974275214 0.149682251475261 0.006533278889342589 0.00522015433499773
2 0.9409963250306247 0.147526100771675 0.009391588403429971 0.006808896958692692
2 0.9367088607594937 0.13810712664548344 0.009799918334013884 0.007943713118474808
2 0.9248672927725602 0.1366318656377667 0.008166598611678236 0.007716749886518384
2 0.9132298897509188 0.1347026781661371 0.007758268681094325 0.007943713118474808
2 0.9083299305839118 0.13402178847026783 0.009391588403429971 0.007035860190649115
2 0.8338097182523478 0.12358147980027236 0.006533278889342589 0.004312301407172038
2 0.9624336463862802 0.11733999092147072 0.00898325847284606 0.006354970494779845
2 0.9499795835034708 0.11484339536995007 0.008574928542262147 0.005901044030866999
2 0.9324213964883626 0.11223331820245121 0.005308289097590854 0.006581933726736269
2 0.9242547978766844 0.10973672265093055 0.009391588403429971 0.0088515660463005
2 0.8926092282564312 0.10599182932364958 0.008166598611678236 0.007262823422605538
2 0.7556145365455288 0.09305492510213345 0.011841567986933442 0.010894235133908307
2 0.884034299714169 0.10542442124375852 0.0057166190281747655 0.006128007262823422
2 0.8723968966925275 0.10292782569223785 0.009391588403429971 0.0088515660463005
2 0.8554512045732953 0.10292782569223785 0.007349938750510413 0.009305492510213346
2 0.9740710494079216 0.08704039945528824 0.006124948958758677 0.005674080798910576
2 0.9622294814209882 0.08477076713572401 0.005308289097590854 0.005674080798910576
2 0.9403838301347489 0.09010440308669995 0.00898325847284606 0.007262823422605538
2 0.9183340138832177 0.08794825238311393 0.00898325847284606 0.008397639582387654
2 0.8954675377705186 0.08306854289605084 0.008166598611678236 0.006808896958692692
2 0.8674969375255206 0.07955061280072628 0.011024908125765618 0.007489786654561961
2 0.8954675377705186 0.07399001361779392 0.009799918334013884 0.007716749886518384
2 0.7376480195998366 0.09192010894235134 0.01347488770926909 0.013617793917385384
2 0.4097590853409555 0.5448252383113935 0.011841567986933442 0.011575124829777576
2 0.4009799918334014 0.5440308669995461 0.008166598611678236 0.009986382206082615
2 0.39281339322172315 0.5433499773036768 0.008166598611678236 0.012256014525646845
2 0.4505920783993467 0.4834316840671811 0.009391588403429971 0.008624602814344077
2 0.5238873009391588 0.5999773036768044 0.011433238056349531 0.0088515660463005
2 0.5334830543078808 0.6054244212437585 0.011841567986933442 0.006581933726736269
2 0.5165373621886484 0.6132546527462551 0.01551653736218865 0.006808896958692692
2 0.5010208248264598 0.6184748070812528 0.017149857084524295 0.007716749886518384
2 0.45773785218456514 0.6281207444394008 0.00898325847284606 0.006581933726736269
2 0.45283789301755817 0.6253971856559237 0.016333197223356473 0.012482977757603268
2 0.4957125357288689 0.4900136177939174 0.009799918334013884 0.01044030866999546
2 0.48917925683952634 0.4883113935542442 0.010616578195181707 0.011575124829777576
2 0.4824418129848918 0.48751702224239674 0.011841567986933442 0.011348161597821153
2 0.4736627194773377 0.48604176123467996 0.013066557778685178 0.012482977757603268
2 0.45916700694160884 0.4835451656831593 0.01347488770926909 0.011575124829777576
2 0.43813801551653736 0.4815024965955515 0.012249897917517355 0.01112119836586473
2 0.37055941200489995 0.5435769405356332 0.012658227848101266 0.015433499773036768
2 0.42976725193956716 0.4805946436677258 0.009391588403429971 0.0088515660463005
2 0.4226214781543487 0.47889241942805266 0.013066557778685178 0.01044030866999546
2 0.4146590445079624 0.47798456650022697 0.009391588403429971 0.009986382206082615
2 0.4071049407921601 0.4761688606445756 0.009799918334013884 0.009532455742169769
2 0.39975500204164965 0.4754879709487063 0.010616578195181707 0.009986382206082615
2 0.39056757860351166 0.4752610077167499 0.010208248264597795 0.009078529278256923
2 0.3838301347488771 0.4732183386291421 0.00898325847284606 0.009986382206082615
2 0.3762760310330747 0.4741261915569678 0.008574928542262147 0.008170676350431231
2 0.5155165373621886 0.466182478438493 0.011841567986933442 0.011348161597821153
2 0.5010208248264598 0.46413980935088517 0.009799918334013884 0.01044030866999546
2 0.48591261739485503 0.46118928733545167 0.013066557778685178 0.010894235133908307
2 0.5175581870151083 0.5992964139809351 0.009391588403429971 0.008397639582387654
2 0.5010208248264598 0.5974807081252838 0.013883217639853002 0.011575124829777576
2 0.49183340138832177 0.596005447117567 0.012658227848101266 0.009986382206082615
2 0.4846876276031033 0.594984112573763 0.010616578195181707 0.01112119836586473
2 0.34789710085749287 0.5403994552882433 0.013883217639853002 0.015433499773036768
2 0.33217639853001224 0.5379028597367227 0.012658227848101266 0.01407172038129823
2 0.5451204573295223 0.593849296413981 0.011433238056349531 0.009305492510213346
2 0.5193956717027358 0.589083068542896 0.011433238056349531 0.007489786654561961
2 0.5132707227439771 0.5874943259192011 0.00898325847284606 0.0088515660463005
2 0.4967333605553287 0.5844303222877893 0.009391588403429971 0.008170676350431231
2 0.4867292772560229 0.5819337267362688 0.007349938750510413 0.007262823422605538
2 0.4693752552062066 0.5792101679527917 0.009391588403429971 0.008170676350431231
2 0.4634544712127399 0.5786427598729006 0.00898325847284606 0.007943713118474808
2 0.44936708860759494 0.5761461643213799 0.009391588403429971 0.007489786654561961
2 0.42854226214781543 0.5714934180662733 0.009391588403429971 0.006808896958692692
2 0.42241731318905673 0.5709260099863822 0.008574928542262147 0.009759418974126192
2 0.4148632094732544 0.5693372673626872 0.010616578195181707 0.009305492510213346
2 0.39505920783993465 0.5777349069450749 0.014291547570436913 0.012029051293690422
2 0.40404246631278073 0.5792101679527917 0.012658227848101266 0.012256014525646845
2 0.41220906492445897 0.5805719473445302 0.012658227848101266 0.011348161597821153
2 0.4189465087790935 0.5840898774398547 0.016333197223356473 0.013390830685428961
2 0.4269089424254798 0.5855651384475715 0.016741527153940384 0.015433499773036768
2 0.4356880359330339 0.5861325465274626 0.014699877501020826 0.013844757149341807
2 0.44426296447529606 0.5868134362233318 0.013066557778685178 0.011575124829777576
2 0.45345038791343406 0.5881752156150704 0.01347488770926909 0.01112119836586473
2 0.46141282155982033 0.5906718111665911 0.013066557778685178 0.01112119836586473
2 0.4699877501020825 0.5918066273263731 0.013066557778685178 0.01112119836586473
2 0.3932217231523071 0.6107580571947344 0.010616578195181707 0.007262823422605538
2 0.38913842384646796 0.6091693145710395 0.010616578195181707 0.007716749886518384
2 0.3670886075949367 0.6036087153881071 0.009799918334013884 0.007035860190649115
0 0.6690485912617394 0.3022015433499773 0.1180073499387505 0.06014525646845211
0 0.463046141282156 0.450635497049478 0.1314822376480196 0.04698138901497957
0 0.49836668027766434 0.41330004539264636 0.09922417313189057 0.03903767589650477
0 0.7566353613719886 0.4577848388561053 0.04083299305839118 0.06400363141171131
0 0.6880359330338914 0.44337267362687244 0.053082890975908535 0.01838402178847027
0 0.6602694977541854 0.4027462551066727 0.04981625153123724 0.03381752156150704
0 0.7325438954675377 0.4201089423513391 0.0310330747243773 0.018157058556513846
0 0.7158023683135973 0.3999092147072174 0.04818293180890159 0.018157058556513846
0 0.7088607594936709 0.37846118928733546 0.04899959167006942 0.018837948252383115
0 0.6962025316455697 0.3559918293236496 0.05471621069824418 0.023377212891511574
0 0.6325030624744794 0.3580344984112574 0.07431604736627195 0.04743531547889242
0 0.5639036341363822 0.34487063095778486 0.1314822376480196 0.08601906491148434
0 0.7053899550837076 0.2706536541080345 0.11637403021641486 0.05560599182932365
0 0.7337688852592895 0.23876532001815706 0.09718252347897101 0.04857013163867453
0 0.7603103307472437 0.18940081706763504 0.0661494487545937 0.04289605083976396
0 0.9030216414863209 0.17964139809350885 0.07554103715802368 0.015206536541080345
0 0.8184973458554512 0.17862006354970494 0.05349122090649244 0.02315024965955515
0 0.8826051449571254 0.19269178393100317 0.06002449979583503 0.019064911484339538
0 0.8793385055124541 0.15581025873808443 0.14985708452429564 0.037448933272809806
0 0.8966925275622704 0.1358374943259192 0.14291547570436913 0.03290966863368135
0 0.9130257247856268 0.11268724466636405 0.12658227848101267 0.03381752156150704
0 0.9271131073907718 0.0846572855197458 0.12699060841159657 0.03041307308216069
0 0.7562270314414047 0.08692691783931003 0.045732952225398124 0.026781661370857923
0 0.782564311964067 0.02802995914661825 0.05430788076766027 0.025192918747162958
0 0.4407921600653328 0.48309123921924646 0.14332380563495303 0.03381752156150704
0 0.439771335238873 0.5457330912392192 0.2490812576561862 0.041988197911938266
0 0.46774193548387094 0.5848842487517022 0.16455696202531644 0.04857013163867453
0 0.4085340955492038 0.6197231048570132 0.11719069007758269 0.04970494779845665
0 0.07513270722743977 0.8683613254652747 0.1037158023683136 0.12936904221516116
0 0.1563903634136382 0.8859509759418974 0.09636586361780318 0.11098502042669088
0 0.22846059616169864 0.9013844757149342 0.09759085340955492 0.1286881525192919
0 0.5951408738260514 0.8036768043576941 0.03634136382196815 0.01407172038129823
0 0.6120865659452838 0.7847253744893328 0.03511637403021641 0.012482977757603268
0 0.6261739485504287 0.7695188379482524 0.0379746835443038 0.009759418974126192
0 0.6290322580645161 0.7564684521107581 0.05267456104532462 0.017703132092601
0 0.634340547162107 0.7439854743531548 0.042057982850142915 0.009078529278256923
0 0.6357697019191507 0.7251475261007717 0.046549612086565946 0.008624602814344077
0 0.31543487137607185 0.7505674080798911 0.08534095549203756 0.012256014525646845
0 0.26276031033074726 0.7308216068996822 0.02000816659861168 0.049477984566500224
0 0.2425479787668436 0.6819110304130731 0.045732952225398124 0.046527462551066726
0 0.32707227439771336 0.7179981842941443 0.06696610861576154 0.03381752156150704
0 0.324009799918334 0.6804357694053563 0.0935075541037158 0.04448479346345892
0 0.3548387096774194 0.6436677258284158 0.13393221723152307 0.06309577848388562
0 0.27256022866476115 0.6101906491148434 0.11964066966108616 0.0787562414888788
2 0.31604736627194774 0.6025873808443032 0.019599836668027767 0.006808896958692692
2 0.33911800734993874 0.747843849296414 0.01347488770926909 0.0031774852473899226
2 0.31461821151490404 0.7485247389922832 0.019191506737443853 0.004539264639128461
2 0.31747652102899143 0.6747616886064458 0.009391588403429971 0.008170676350431231
2 0.2821559820334831 0.6409441670449387 0.021233156390363415 0.014979573309123922
2 0.24642711310739077 0.6324330458465729 0.014291547570436913 0.010213345438039038
2 0.25398121682319313 0.6354970494779846 0.012249897917517355 0.01044030866999546
2 0.3250306247447938 0.6403767589650476 0.016333197223356473 0.012482977757603268
2 0.3870967741935484 0.6573990013617794 0.014699877501020826 0.009759418974126192
2 0.2290730910575745 0.6284611892873354 0.012249897917517355 0.010894235133908307
2 0.30338913842384646 0.6344757149341806 0.01551653736218865 0.012029051293690422
2 0.3329930583911801 0.6431003177485247 0.017558187015108206 0.012936904221516114
2 0.3440179665169457 0.6804357694053563 0.019191506737443853 0.013163867453472538
2 0.3366680277664353 0.67703132092601 0.016741527153940384 0.012256014525646845
2 0.3276847692935892 0.6763504312301407 0.017558187015108206 0.012256014525646845
2 0.29501837484687626 0.681343622333182 0.015924867292772562 0.011348161597821153
2 0.2982850142915476 0.75 0.008574928542262147 0.0029505220154334997
2 0.3121682319314006 0.6715842033590559 0.015108207431604737 0.011348161597821153
2 0.3031849734585545 0.669541534271448 0.016741527153940384 0.012256014525646845
2 0.2864434463046141 0.6761234679981843 0.016741527153940384 0.013163867453472538
2 0.3064516129032258 0.6841806627326373 0.011841567986933442 0.008397639582387654
2 0.3158432013066558 0.6875851112119836 0.010208248264597795 0.007943713118474808
2 0.32993058391180075 0.69098955969133 0.013066557778685178 0.009305492510213346
2 0.3442221314822376 0.6962097140263277 0.00898325847284606 0.010667271901951884
2 0.33278889342588813 0.7169768497503405 0.00898325847284606 0.009078529278256923
2 0.3017558187015108 0.7175442578302315 0.010616578195181707 0.012029051293690422
2 0.3037974683544304 0.7298002723558783 0.008166598611678236 0.010667271901951884
2 0.3346263781135157 0.7286654561960962 0.008574928542262147 0.009759418974126192
0 0.2997141690485913 0.893781207444394 0.07921600653327888 0.11802088061734
2 0.08513679052674561 0.8287562414888788 0.02735810534912209 0.007035860190649115
2 0.14434463046141283 0.8795960054471176 0.021641486320947326 0.006581933726736269
2 0.047570436913025725 0.8993418066273263 0.029808084932625562 0.007489786654561961
2 0.3119640669661086 0.893781207444394 0.016333197223356473 0.0031774852473899226
2 0.3060432829726419 0.9097821152973218 0.01347488770926909 0.004312301407172038
2 0.27950183748468765 0.9244212437585111 0.015108207431604737 0.004993191103041307
2 0.9458962841976317 0.17101679527916477 0.010208248264597795 0.009305492510213346
2 0.9003674969375255 0.15410803449841126 0.008166598611678236 0.006354970494779845
0 0.24479379338505514 0.46833862914207897 0.1490404246631278 0.0678620063549705
2 0.7511229073091058 0.4479119382660009 0.007758268681094325 0.009305492510213346
2 0.7558187015108208 0.45721743077621424 0.006533278889342589 0.006581933726736269
2 0.7627603103307472 0.4743531547889242 0.007349938750510413 0.007262823422605538
2 0.9095549203756635 0.15569677712210622 0.006941608819926501 0.006808896958692692
2 0.9657002858309514 0.14344076259645938 0.0057166190281747655 0.003631411711302769
2 0.9173131890567578 0.07852927825692238 0.006941608819926501 0.004993191103041307
2 0.9412004899959167 0.5734226055379028 0.008166598611678236 0.007489786654561961
2 0.9446712944058799 0.5827280980481162 0.009391588403429971 0.007943713118474808
2 0.6790526745610453 0.8986609169314571 0.004899959167006942 0.00522015433499773
2 0.1259697835851368 0.8824330458465729 0.008574928542262147 0.0022696323195642307
2 0.11964066966108616 0.9027462551066727 0.0057166190281747655 0.00522015433499773
2 0.7162106982441813 0.7392192464820699 0.004899959167006942 0.004539264639128461
2 0.7180481829318089 0.7357013163867453 0.00449162923642303 0.00522015433499773
2 0.9632503062474479 0.9752610077167498 0.008166598611678236 0.0031774852473899226
2 0.5671702735810535 0.8850431230140717 0.016333197223356473 0.003404448479346346
2 0.3191098407513271 0.5441443486155243 0.008574928542262147 0.013390830685428961
2 0.34197631686402613 0.5293917385383567 0.012658227848101266 0.003404448479346346
2 0.22008983258472847 0.851906491148434 0.0057166190281747655 0.004766227871084884
2 0.657411188240098 0.8048116205174761 0.010616578195181707 0.0040853381752156154
2 0.7678644344630461 0.8118474807081253 0.006941608819926501 0.006354970494779845
2 0.8270722743977134 0.800953245574217 0.011024908125765618 0.0040853381752156154
2 0.6827276439363005 0.25329096686336816 0.013066557778685178 0.008170676350431231
2 0.6955900367496938 0.3209260099863822 0.014291547570436913 0.01044030866999546
2 0.6988566761943651 0.27893781207444396 0.0208248264597795 0.013163867453472538
2 0.7149857084524296 0.2826827054017249 0.014699877501020826 0.009305492510213346
2 0.7290730910575746 0.2874489332728098 0.01347488770926909 0.0088515660463005
2 0.7343813801551654 0.289151157512483 0.01347488770926909 0.006808896958692692
2 0.740506329113924 0.2930095324557422 0.014291547570436913 0.009532455742169769
2 0.7558187015108208 0.28302315024965957 0.012249897917517355 0.014979573309123922
2 0.7345855451204574 0.2753064003631412 0.019599836668027767 0.01270994098955969
2 0.7151898734177216 0.26747616886064457 0.014291547570436913 0.0088515660463005
2 0.708044099632503 0.2647526100771675 0.01796651694569212 0.010213345438039038
2 0.6888525928950592 0.25726282342260554 0.01551653736218865 0.009305492510213346
2 0.6743568803593304 0.2527235587834771 0.015108207431604737 0.012029051293690422
2 0.7656186198448346 0.24387199273717658 0.011433238056349531 0.007035860190649115
2 0.7106982441812985 0.22185655923740355 0.016741527153940384 0.009759418974126192
2 0.7364230298080849 0.20835224693599638 0.023274806043282973 0.012256014525646845
2 0.7427521437321356 0.1989332728098048 0.026133115557370357 0.010213345438039038
2 0.7531645569620253 0.1911030413073082 0.021641486320947326 0.01044030866999546
2 0.8711719069007758 0.19144348615524284 0.009391588403429971 0.009305492510213346
2 0.8783176806859943 0.16023604176123468 0.009799918334013884 0.008170676350431231
2 0.8707635769701919 0.15887426236949614 0.010208248264597795 0.008624602814344077
2 0.8652511229073091 0.15717203812982297 0.008166598611678236 0.007035860190649115
2 0.8589220089832584 0.15717203812982297 0.008574928542262147 0.008397639582387654
2 0.828705594120049 0.15206536541080345 0.007758268681094325 0.008170676350431231
2 0.6894650877909351 0.31842941443486156 0.017558187015108206 0.011348161597821153
2 0.6986525112290731 0.34963685882886975 0.018783176806859942 0.012029051293690422
2 0.6927317272356064 0.3531547889241943 0.009391588403429971 0.006354970494779845
2 0.7047774601878317 0.3600771674988652 0.007349938750510413 0.006581933726736269
2 0.7921600653327889 0.8714253290966864 0.006533278889342589 0.006128007262823422
2 0.9616169865251123 0.9682251475261008 0.017149857084524295 0.006354970494779845
2 0.6892609228256431 0.4411030413073082 0.009799918334013884 0.007943713118474808
2 0.6974275214373213 0.4407625964593736 0.00898325847284606 0.008624602814344077
2 0.7098815843201307 0.44030866999546076 0.006941608819926501 0.008170676350431231
2 0.7235606369946918 0.4252156150703586 0.008166598611678236 0.006581933726736269
2 0.7298897509187423 0.4241942805265547 0.006941608819926501 0.006354970494779845
2 0.7356063699469171 0.4241942805265547 0.005308289097590854 0.006354970494779845
2 0.7394855042874643 0.41398093508851563 0.0057166190281747655 0.006808896958692692
2 0.7339730502245815 0.4025192918747163 0.006124948958758677 0.007943713118474808
2 0.7047774601878317 0.39911484339536996 0.013883217639853002 0.004312301407172038
2 0.7111065741118824 0.40444847934634587 0.008574928542262147 0.006808896958692692
2 0.7249897917517354 0.39650476622787106 0.016741527153940384 0.0040853381752156154
2 0.7260106165781952 0.38061733999092145 0.0057166190281747655 0.005901044030866999
2 0.7019191506737444 0.3842487517022242 0.00898325847284606 0.008170676350431231
2 0.6955900367496938 0.3778937812074444 0.015108207431604737 0.004539264639128461
2 0.6778276847692936 0.35792101679527916 0.00898325847284606 0.008624602814344077
2 0.6884442629644753 0.3622333182024512 0.008166598611678236 0.008170676350431231
0 0.7711310739077174 0.05526554698138902 0.05022458146182115 0.024285065819337266