1 0.964095744680851 0.8717328170377541 0.047872340425531915 0.05227492739593417
1 0.22384751773049646 0.03993223620522749 0.023936170212765957 0.026621490803484995
1 0.2078900709219858 0.44119070667957405 0.040780141843971635 0.04404646660212972
1 0.17109929078014185 0.2725072604065828 0.03723404255319149 0.041626331074540175
1 0.19924645390070922 0.25919651500484026 0.031471631205673756 0.03436592449177154
1 0.225177304964539 0.2562923523717328 0.016843971631205674 0.02371732817037754
1 0.18971631205673758 0.19578896418199418 0.03900709219858156 0.04501452081316554
1 0.22052304964539007 0.17618586640851888 0.03590425531914894 0.03969022265246854
1 0.16821808510638298 0.16723136495643756 0.024379432624113476 0.024685382381413358
1 0.2712765957446808 0.14351403678606 0.02304964539007092 0.026621490803484995
1 0.20212765957446807 0.11084220716360116 0.030141843971631204 0.03484995159728945
1 0.2424645390070922 0.0888189738625363 0.028368794326241134 0.03146176185866408
1 0.28324468085106386 0.05687318489835431 0.026595744680851064 0.02952565343659245
1 0.3351063829787234 0.6103581800580833 0.01950354609929078 0.017424975798644726
1 0.47761524822695034 0.7691190706679574 0.024379432624113476 0.02420135527589545
1 0.32601950354609927 0.6311713455953534 0.02349290780141844 0.023233301064859633
1 0.31050531914893614 0.6469022265246854 0.018173758865248225 0.021781219748305904
1 0.33820921985815605 0.6999031945788964 0.020390070921985817 0.022265246853823813
1 0.40691489361702127 0.7134559535333979 0.031914893617021274 0.030977734753146177
1 0.4040336879432624 0.7485479186834463 0.016400709219858155 0.013068731848983543
1 0.49800531914893614 0.5246853823814134 0.037677304964539006 0.03872216844143272
1 0.5159574468085106 0.5549370764762827 0.023936170212765957 0.025653436592449178
1 0.4261968085106383 0.5730880929332043 0.02969858156028369 0.02904162633107454
1 0.42819148936170215 0.6084220716360116 0.03102836879432624 0.031945788964181994
1 0.4359485815602837 0.6393998063891578 0.028812056737588652 0.030977734753146177
1 0.45013297872340424 0.6694094869312681 0.03679078014184397 0.0377541142303969
1 0.21365248226950354 0.47846079380445306 0.031914893617021274 0.03630203291384317
1 0.2907801418439716 0.5658276863504357 0.01950354609929078 0.021297192642787996
1 0.18617021276595744 0.5089545014520813 0.038120567375886524 0.043078412391093904
1 0.2559840425531915 0.5181510164569216 0.031471631205673756 0.037270087124878996
1 0.11901595744680851 0.10067763794772508 0.02171985815602837 0.02516940948693127
1 0.13984929078014185 0.08954501452081316 0.02171985815602837 0.023233301064859633
1 0.0786790780141844 0.11979670861568248 0.01374113475177305 0.014036786060019362
1 0.07823581560283688 0.1335914811229429 0.012854609929078014 0.011616650532429816
1 0.0764627659574468 0.14811229428848016 0.01374113475177305 0.012584704743465635
1 0.16112588652482268 0.13480154888673765 0.02969858156028369 0.032429816069699906
1 0.10017730496453901 0.1713455953533398 0.014184397163120567 0.016456921587608905
1 0.08466312056737589 0.1819941916747338 0.016843971631205674 0.01936108422071636
1 0.07313829787234043 0.19143272023233301 0.01152482269503546 0.015004840271055178
1 0.14849290780141844 0.41505324298160695 0.031914893617021274 0.03436592449177154
1 0.1422872340425532 0.44385285575992256 0.018617021276595744 0.02032913843175218
1 0.09951241134751773 0.49709583736689256 0.01551418439716312 0.02032913843175218
1 0.06294326241134751 0.4920135527589545 0.03102836879432624 0.03630203291384317
1 0.1363031914893617 0.5004840271055179 0.034131205673758866 0.03581800580832527
1 0.08687943262411348 0.5813165537270087 0.03634751773049645 0.03969022265246854
1 0.15093085106382978 0.5667957405614714 0.03235815602836879 0.03581800580832527
1 0.26529255319148937 0.6268151016456922 0.014627659574468085 0.015488867376573089
1 0.25398936170212766 0.5997095837366893 0.018617021276595744 0.02032913843175218
1 0.2783687943262411 0.5878509196515005 0.018617021276595744 0.021781219748305904
1 0.18085106382978725 0.5880929332042595 0.02925531914893617 0.03291384317521781
1 0.20656028368794327 0.5684898354307841 0.044326241134751775 0.04985479186834463
1 0.16445035460992907 0.5343659244917716 0.0398936170212766 0.04065827686350436
1 0.2258421985815603 0.5394482090997096 0.03235815602836879 0.03436592449177154
1 0.4649822695035461 0.7040174249757987 0.034574468085106384 0.03630203291384317
1 0.48404255319148937 0.8020329138431752 0.026595744680851064 0.028073572120038724
1 0.9740691489361702 0.21950629235237173 0.02349290780141844 0.02371732817037754
1 0.7927748226950354 0.24612778315585673 0.024379432624113476 0.025653436592449178
1 0.6797429078014184 0.7371732817037754 0.022606382978723406 0.027105517909002903
1 0.6513741134751773 0.5924491771539206 0.034131205673758866 0.03872216844143272
1 0.7393617021276596 0.5757502420135527 0.03723404255319149 0.03920619554695063
1 0.7065602836879432 0.5280735721200387 0.03723404255319149 0.041626331074540175
1 0.7395833333333334 0.5278315585672798 0.031471631205673756 0.03823814133591481
1 0.7621897163120568 0.5150048402710552 0.040336879432624116 0.041626331074540175
1 0.7484485815602837 0.48910939012584703 0.04831560283687943 0.04985479186834463
1 0.6730939716312057 0.5087124878993223 0.03324468085106383 0.041626331074540175
1 0.6533687943262412 0.47967086156824784 0.015070921985815602 0.01936108422071636
1 0.6888297872340425 0.4317521781219748 0.023936170212765957 0.02516940948693127
1 0.7785904255319149 0.40513068731848983 0.0199468085106383 0.02032913843175218
1 0.7777039007092199 0.23644724104549855 0.019060283687943262 0.022749273959341725
1 0.4375 0.8216360116166506 0.03280141843971631 0.03339787028073572
1 0.7608599290780141 0.22555663117134558 0.02171985815602837 0.02420135527589545
1 0.7440159574468085 0.21442400774443368 0.02349290780141844 0.026137463697967087
1 0.7298315602836879 0.19966118102613747 0.024379432624113476 0.026621490803484995
1 0.6759751773049646 0.12100677637947725 0.040780141843971635 0.04549854791868345
1 0.8089539007092199 0.2601645692158761 0.023936170212765957 0.025653436592449178
1 0.8468528368794326 0.30033881897386255 0.02349290780141844 0.026621490803484995
1 0.8353280141843972 0.3823814133591481 0.016400709219858155 0.016456921587608905
1 0.8730053191489362 0.3947241045498548 0.017287234042553192 0.017909002904162634
1 0.8085106382978723 0.42400774443368827 0.015070921985815602 0.017424975798644726
1 0.9184397163120568 0.3651984511132623 0.031914893617021274 0.03436592449177154
1 0.9556737588652482 0.3664085188770571 0.020390070921985817 0.02516940948693127
1 0.6336436170212766 0.48862536302032916 0.018173758865248225 0.01887705711519845
1 0.6050531914893617 0.10939012584704744 0.034574468085106384 0.04065827686350436
1 0.5509751773049646 0.04332042594385285 0.0425531914893617 0.045982575024201354
1 0.5168439716312057 0.06558567279767667 0.041666666666666664 0.043078412391093904
1 0.6460549645390071 0.9010164569215876 0.01551418439716312 0.015004840271055178
1 0.6467198581560284 0.888189738625363 0.015070921985815602 0.012584704743465635
1 0.5999556737588653 0.8651984511132623 0.01551418439716312 0.013068731848983543
1 0.6015070921985816 0.8797192642787997 0.016843971631205674 0.013068731848983543
1 0.5981826241134752 0.850919651500484 0.01551418439716312 0.011616650532429816
1 0.5968528368794326 0.8363988383349468 0.016400709219858155 0.012584704743465635
1 0.6411790780141844 0.8313165537270087 0.016400709219858155 0.013068731848983543
1 0.6436170212765957 0.8170377541142304 0.014184397163120567 0.012584704743465635
1 0.587322695035461 0.8124394966118103 0.024822695035460994 0.024685382381413358
1 0.6449468085106383 0.7918683446272992 0.024822695035460994 0.02516940948693127
1 0.5820035460992907 0.7800096805421104 0.01773049645390071 0.016940948693126814
1 0.6427304964539007 0.7558083252662149 0.028368794326241134 0.02952565343659245
1 0.5806737588652482 0.7492739593417231 0.018617021276595744 0.017424975798644726
1 0.5782358156028369 0.7156340755082284 0.028812056737588652 0.02758954501452081
1 0.6338652482269503 0.6633591481122942 0.022163120567375887 0.01984511132623427
1 0.5602836879432624 0.6466602129719264 0.03634751773049645 0.03969022265246854
1 0.5445478723404256 0.616892545982575 0.030585106382978722 0.032429816069699906
1 0.5957446808510638 0.5701839303000968 0.034574468085106384 0.036786060019361085
1 0.4940159574468085 0.1452081316553727 0.02349290780141844 0.023233301064859633
1 0.5011081560283688 0.12487899322362052 0.018173758865248225 0.02032913843175218
1 0.5090868794326241 0.09535333978702808 0.031471631205673756 0.030009680542110357
1 0.5664893617021277 0.07913843175217812 0.0425531914893617 0.04501452081316554
1 0.6101507092198581 0.07962245885769603 0.03945035460992908 0.04211035818005808
1 0.07912234042553191 0.10527589545014521 0.01551418439716312 0.017909002904162634