2 0.12275280898876405 0.3943014705882353 0.04662921348314607 0.4650735294117647
2 0.36825842696629213 0.5183823529411765 0.008426966292134831 0.022058823529411766
2 0.24578651685393257 0.5027573529411765 0.003932584269662922 0.014705882352941176
2 0.24129213483146067 0.5101102941176471 0.0050561797752808986 0.016544117647058824
2 0.1002808988764045 0.3851102941176471 0.009550561797752809 0.01838235294117647
2 0.10365168539325843 0.3290441176470588 0.0050561797752808986 0.01838235294117647
2 0.10168539325842697 0.4568014705882353 0.006741573033707865 0.016544117647058824
2 0.02893258426966292 0.18520220588235295 0.011797752808988765 0.015625
2 0.07134831460674157 0.33547794117647056 0.0056179775280898875 0.016544117647058824
2 0.05140449438202247 0.4149816176470588 0.007303370786516854 0.006433823529411764
2 0.25533707865168537 0.48483455882352944 0.009550561797752809 0.05422794117647059
0 0.18792134831460675 0.4099264705882353 0.10617977528089888 0.6213235294117647
0 0.05196629213483146 0.7867647058823529 0.10168539325842697 0.1948529411764706
2 0.827808988764045 0.8630514705882353 0.006179775280898876 0.012867647058823529
2 0.3648876404494382 0.4172794117647059 0.014044943820224719 0.027573529411764705