1 0.5275 0.6030245746691871 0.009166666666666667 0.017391304347826087
1 0.32625 0.6686200378071834 0.010833333333333334 0.01776937618147448
1 0.31635416666666666 0.6623818525519849 0.012291666666666666 0.019659735349716444
1 0.30614583333333334 0.654820415879017 0.011458333333333333 0.018147448015122872
1 0.2864583333333333 0.6415879017013233 0.010833333333333334 0.0166351606805293
1 0.31666666666666665 0.6213610586011342 0.010416666666666666 0.01625708884688091
1 0.165625 0.22400756143667297 0.007916666666666667 0.01625708884688091
1 0.25354166666666667 0.30378071833648396 0.01 0.02155009451795841
1 0.25697916666666665 0.28638941398865786 0.008958333333333334 0.020793950850661626
1 0.22083333333333333 0.30283553875236296 0.009166666666666667 0.020415879017013232
1 0.22125 0.2716446124763705 0.008333333333333333 0.017013232514177693
1 0.224375 0.2848771266540643 0.007916666666666667 0.01776937618147448
1 0.22552083333333334 0.25406427221172023 0.008958333333333334 0.018147448015122872
1 0.19166666666666668 0.2827977315689981 0.009583333333333333 0.019659735349716444
1 0.1959375 0.26483931947069944 0.008125 0.019281663516068054
1 0.1996875 0.24706994328922496 0.008541666666666666 0.018525519848771266
1 0.19635416666666666 0.2340264650283554 0.008958333333333334 0.01890359168241966
1 0.16229166666666667 0.24253308128544424 0.008333333333333333 0.01776937618147448
1 0.16916666666666666 0.23648393194706993 0.008333333333333333 0.01776937618147448
1 0.17322916666666666 0.21909262759924386 0.008125 0.01625708884688091
1 0.31354166666666666 0.6077504725897921 0.010833333333333334 0.017013232514177693
1 0.10572916666666667 0.21417769376181475 0.008541666666666666 0.017013232514177693
1 0.1196875 0.24102079395085066 0.009791666666666667 0.01776937618147448
1 0.11020833333333334 0.2281663516068053 0.0125 0.020793950850661626
1 0.08833333333333333 0.2064272211720227 0.012083333333333333 0.024196597353497166
1 0.07489583333333333 0.1060491493383743 0.009375 0.01550094517958412
1 0.116875 0.13724007561436674 0.00875 0.018147448015122872
1 0.10072916666666666 0.13062381852551985 0.009375 0.017013232514177693
1 0.09197916666666667 0.12211720226843101 0.006875 0.015122873345935728
1 0.24614583333333334 0.30964083175803403 0.008541666666666666 0.020415879017013232
1 0.28583333333333333 0.3058601134215501 0.008333333333333333 0.018147448015122872
1 0.28197916666666667 0.3238185255198488 0.010208333333333333 0.019281663516068054
1 0.2783333333333333 0.3408317580340265 0.008333333333333333 0.01776937618147448
1 0.32635416666666667 0.6283553875236295 0.010208333333333333 0.0166351606805293
1 0.3240625 0.6141776937618147 0.009791666666666667 0.013988657844990548
1 0.3334375 0.6200378071833649 0.009375 0.015879017013232515
1 0.3410416666666667 0.6126654064272212 0.00875 0.018525519848771266
1 0.18604166666666666 0.6168241965973535 0.0075 0.017013232514177693
1 0.07291666666666667 0.1941398865784499 0.00625 0.013232514177693762
1 0.19041666666666668 0.628922495274102 0.00875 0.017013232514177693
1 0.195625 0.5920604914933837 0.007083333333333333 0.015879017013232515
1 0.198125 0.5731568998109641 0.008333333333333333 0.017391304347826087
1 0.2359375 0.5646502835538753 0.011458333333333333 0.019281663516068054
1 0.2520833333333333 0.5657844990548204 0.011666666666666667 0.018525519848771266
1 0.261875 0.5735349716446124 0.01125 0.018147448015122872
1 0.3511458333333333 0.593194706994329 0.009375 0.015122873345935728
1 0.3414583333333333 0.5862003780718337 0.01 0.014744801512287334
1 0.33135416666666667 0.5786389413988657 0.010208333333333333 0.01550094517958412
1 0.32197916666666665 0.5727788279773157 0.009791666666666667 0.015122873345935728
1 0.311875 0.5646502835538753 0.009583333333333333 0.01550094517958412
1 0.3020833333333333 0.5587901701323251 0.010416666666666666 0.015879017013232515
1 0.2919791666666667 0.5517958412098298 0.009791666666666667 0.014744801512287334
1 0.251875 0.5243856332703214 0.01125 0.0166351606805293
1 0.26229166666666665 0.5306238185255199 0.010416666666666666 0.01550094517958412
1 0.2725 0.5374291115311909 0.010833333333333334 0.01625708884688091
1 0.31427083333333333 0.32514177693761814 0.010208333333333333 0.02495274102079395
2 0.17572916666666666 0.05330812854442344 0.006875 0.005293005671077505
2 0.19864583333333333 0.034026465028355386 0.004791666666666666 0.004536862003780718
2 0.32114583333333335 0.1446124763705104 0.005208333333333333 0.005671077504725898
2 0.028958333333333332 0.9540642722117202 0.0020833333333333333 0.007183364839319471
2 0.04645833333333333 0.8516068052930057 0.005416666666666667 0.00945179584120983
2 0.0790625 0.46956521739130436 0.0060416666666666665 0.01285444234404537
2 0.22625 0.6718336483931947 0.0033333333333333335 0.00831758034026465
2 0.22864583333333333 0.6729678638941399 0.003125 0.00831758034026465
2 0.23333333333333334 0.6771266540642722 0.00375 0.009829867674858222
2 0.23083333333333333 0.6752362948960302 0.0033333333333333335 0.00831758034026465
1 0.03854166666666667 0.10302457466918714 0.009166666666666667 0.012476370510396975