2 0.32881692002643753 0.41755485893416927 0.01255783212161269 0.006269592476489028
2 0.3929279576999339 0.31536050156739814 0.005948446794448116 0.012539184952978056
2 0.38863185723727695 0.33448275862068966 0.011896893588896233 0.005642633228840125
2 0.3790482485128883 0.35141065830721 0.008592200925313946 0.008150470219435737
2 0.22174487772637144 0.441692789968652 0.01255783212161269 0.011912225705329153
2 0.23595505617977527 0.44357366771159873 0.005287508261731659 0.013166144200626959
2 0.271645736946464 0.4398119122257053 0.006609385327164574 0.010658307210031349
2 0.27825512227362853 0.43918495297805643 0.006609385327164574 0.009404388714733543
2 0.28982154659616655 0.43385579937304075 0.011235955056179775 0.012539184952978056
2 0.29676140118968936 0.4335423197492163 0.010575016523463317 0.010658307210031349
2 0.3113020489094514 0.4263322884012539 0.010575016523463317 0.013793103448275862
2 0.325181758096497 0.4250783699059561 0.011896893588896233 0.007523510971786834
2 0.33245208195637804 0.4103448275862069 0.014540647719762063 0.010658307210031349
2 0.39358889623265036 0.1310344827586207 0.008592200925313946 0.012539184952978056
2 0.33840052875082616 0.40470219435736676 0.011896893588896233 0.010658307210031349
2 0.35095836087243887 0.39122257053291537 0.009253139458030404 0.006269592476489028
2 0.3539325842696629 0.38275862068965516 0.013879709187045605 0.008150470219435737
2 0.3949107732980833 0.29529780564263325 0.004626569729015202 0.00877742946708464
2 0.39424983476536685 0.14670846394984327 0.005948446794448116 0.015047021943573668
2 0.3066754791804362 0.1664576802507837 0.011896893588896233 0.008150470219435737
2 0.3139458030403173 0.16238244514106584 0.013218770654329148 0.010031347962382446
2 0.32088565763384 0.15172413793103448 0.007270323859881031 0.007523510971786834
2 0.32551222736285523 0.1482758620689655 0.00991407799074686 0.008150470219435737
2 0.3076668869795109 0.1761755485893417 0.007270323859881031 0.003761755485893417
2 0.3939193654990086 0.1677115987460815 0.005287508261731659 0.010658307210031349
2 0.3113020489094514 0.18432601880877744 0.014540647719762063 0.005015673981191223
2 0.3132848645076008 0.1921630094043887 0.014540647719762063 0.00438871473354232
2 0.3182419035029742 0.2031347962382445 0.01784534038334435 0.005015673981191223
2 0.3182419035029742 0.2122257053291536 0.01520158625247852 0.006896551724137931
2 0.3202247191011236 0.22288401253918494 0.013879709187045605 0.00438871473354232
2 0.3241903502974223 0.22758620689655173 0.00991407799074686 0.003761755485893417
2 0.3241903502974223 0.23072100313479624 0.013879709187045605 0.003761755485893417
2 0.34269662921348315 0.22789968652037618 0.013879709187045605 0.008150470219435737
2 0.39557171183079975 0.22476489028213167 0.004626569729015202 0.009404388714733543
2 0.39458030403172506 0.20815047021943572 0.0039656311962987445 0.01128526645768025
2 0.3939193654990086 0.1865203761755486 0.005287508261731659 0.014420062695924765
