1 0.39600873090115374 0.3958568207440812 0.02369816027439975 0.022829763246899663
1 0.4895541004053633 0.330749718151071 0.013719987527284067 0.012119503945885006
1 0.48066729030246336 0.3377959413754228 0.01403180542563143 0.011555806087936866
1 0.4697536638603056 0.314543404735062 0.014655441222326161 0.010146561443066516
1 0.44855004677268473 0.3163754227733935 0.01153726223885251 0.013810597519729425
1 0.37324602432179604 0.4189684329199549 0.021203617087620828 0.020574971815107104
1 0.38260056127221703 0.4079763246899662 0.02182725288431556 0.020574971815107104
1 0.42266916120985343 0.3717587373167982 0.022139070782662924 0.020293122886133032
1 0.5216713439351419 0.41741826381059755 0.02307452447770502 0.020856820744081173
1 0.3585905830994699 0.43221533258173617 0.030558154038041782 0.02846674182638106
1 0.4784845650140318 0.4609639233370913 0.01216089803554724 0.011555806087936866
1 0.483785469285937 0.47576099210823 0.01652634861241035 0.014656144306651634
1 0.47552229497973186 0.4843573844419391 0.014343623323978797 0.013246899661781286
1 0.4657000311817898 0.49337655016910936 0.015902712815715623 0.014937993235625705
1 0.2496102276270658 0.5675028184892897 0.014655441222326161 0.013246899661781286
1 0.7015902712815716 0.26437429537767754 0.03367633302151544 0.03100338218714769
1 0.7522606797630184 0.18320180383314544 0.015902712815715623 0.014656144306651634
1 0.7400997817274712 0.17122322435174747 0.01777362020579981 0.015501691093573845
1 0.7171811661989398 0.14895715896279593 0.015590894917368257 0.013810597519729425
1 0.7034611786716558 0.1395152198421646 0.016214530714062987 0.014092446448703494
1 0.7193638914873713 0.21180947012401352 0.026192703461178673 0.023957158962795943
1 0.6814780168381666 0.24816798196166853 0.039600873090115375 0.036922209695603156
1 0.6591830371063299 0.2991826381059752 0.032429061428125974 0.03128523111612176
1 0.6339257873401933 0.282271702367531 0.0411599625818522 0.036922209695603156
1 0.5632990333645151 0.36682638105975196 0.04646086685375741 0.04199549041713641
1 0.5403804178359838 0.33990980834272827 0.039912690988462736 0.03664036076662908
1 0.5754599314000624 0.3035512965050733 0.03274087932647334 0.030439684329199548
1 0.5938571874025569 0.3237034949267193 0.04646086685375741 0.04255918827508456
1 0.44667913938260057 0.5095828635851184 0.01278453383224197 0.011837655016910935
1 0.21343935141877143 0.5937147688838782 0.014655441222326161 0.012683201803833146
1 0.8174306205176177 0.16629086809470123 0.025880885562831305 0.02367531003382187
1 0.08434674150296227 0.9017756482525366 0.01403180542563143 0.013246899661781286
1 0.07296538821328344 0.911076662908681 0.014343623323978797 0.013246899661781286
1 0.05410040536326785 0.9162908680947013 0.027751792952915497 0.024239007891770012
1 0.034144059869036486 0.9081172491544532 0.023386342376052385 0.020293122886133032
1 0.15606485812285625 0.7667700112739572 0.025257249766136577 0.022266065388951522
1 0.14359214218896166 0.7559188275084555 0.01777362020579981 0.016347237880496055
1 0.166510757717493 0.7504227733934611 0.018709073900841908 0.016065388951521983
1 0.25896476457748674 0.5758173618940248 0.015279077019020891 0.014092446448703494
1 0.2380729653882133 0.5858229988726043 0.015279077019020891 0.013810597519729425
1 0.2943560960399127 0.5679255918827508 0.014967259120673527 0.013528748590755355
1 0.27533520424072344 0.5515783540022547 0.01683816651075772 0.014656144306651634
1 0.26800748362956034 0.576944757609921 0.014655441222326161 0.014092446448703494
1 0.258341128780792 0.5683483652762119 0.015279077019020891 0.013810597519729425
1 0.24914250077954475 0.5598928974069899 0.014967259120673527 0.013810597519729425
1 0.24742750233863423 0.5939966178128523 0.014655441222326161 0.013246899661781286
1 0.2296538821328344 0.576662908680947 0.01403180542563143 0.012401352874859075
1 0.18631119426255066 0.7395715896279594 0.03211724352977861 0.02818489289740699
1 0.2145307140629872 0.7800169109357384 0.017461802307452447 0.015501691093573845
1 0.2379170564390396 0.7598647125140925 0.017461802307452447 0.015783540022547914
1 0.24820704708450264 0.7463359639233371 0.02245088868101029 0.020293122886133032
1 0.2637979420018709 0.7353438556933484 0.0205799812909261 0.018602029312288614
1 0.26457748674773934 0.6740417136414881 0.03897723729342064 0.03635851183765502
1 0.18584346741502963 0.714064261555806 0.032429061428125974 0.0290304396843292
1 0.7636420330526972 0.19419391206313416 0.016214530714062987 0.014656144306651634
1 0.8033988150919863 0.15248027057497182 0.020891799189273464 0.019729425028184894
1 0.758808855628313 0.10329763246899662 0.0134081696289367 0.012119503945885006
1 0.7673838478328656 0.06440248027057498 0.02556906766448394 0.022266065388951522
1 0.8989710009354537 0.16600901916572716 0.02432179607109448 0.020856820744081173
1 0.883068288119738 0.17361894024802707 0.037418147801683815 0.02874859075535513
1 0.8029310882444652 0.08680947012401354 0.02182725288431556 0.019729425028184894
1 0.7920174618023075 0.0782130777903044 0.01808543810414718 0.017192784667418262
1 0.7800124727159339 0.06595264937993235 0.023386342376052385 0.02142051860202931
1 0.7672279388836919 0.05186020293122886 0.02962270034299969 0.02762119503945885
1 0.7341752416588713 0.09540586245772266 0.037106329903336455 0.03241262683201804
1 0.8955410040536327 0.12922773393461104 0.026192703461178673 0.023957158962795943
1 0.8280324290614282 0.11428974069898534 0.018397256002494543 0.017192784667418262
1 0.8478328656064859 0.09611048478015784 0.014967259120673527 0.013528748590755355
1 0.8579669473027752 0.08695039458850057 0.015279077019020891 0.014374295377677565
1 0.7622388525101341 0.1286640360766629 0.024009978172747116 0.021702367531003384
1 0.7793888369192392 0.12767756482525366 0.024633613969441845 0.02254791431792559
1 0.7639538509510446 0.11344419391206313 0.026192703461178673 0.0233934611048478
1 0.9122232616152167 0.1488162344983089 0.027751792952915497 0.02480270574971815
1 0.5112254443405051 0.520152198421646 0.015902712815715623 0.014937993235625705
1 0.5620517617711257 0.46589627959413754 0.030246336139694418 0.02874859075535513
