1 0.8569128134345526 0.5744592346089851 0.00644122383252818 0.030782029950083195
1 0.49884978145847714 0.6102329450915142 0.010351966873706004 0.030782029950083195
1 0.6622958362088797 0.7753743760399334 0.011502185415228893 0.04159733777038269
1 0.7262479871175523 0.6277038269550749 0.006901311249137336 0.03743760399334443
1 0.7061191626409018 0.6318635607321131 0.01495284103979756 0.0524126455906822
1 0.8990108120542903 0.25249584026622296 0.00966183574879227 0.04409317803660566
1 0.841959972394755 0.3481697171381032 0.008281573498964804 0.03410981697171381
1 0.8426501035196687 0.42054908485856907 0.006901311249137336 0.030782029950083195
1 0.5012652403956752 0.7587354409317804 0.010121923165401427 0.024958402662229616
1 0.499194847020934 0.6880199667221298 0.011042097998619738 0.029950083194675542
1 0.47918104439843573 0.6880199667221298 0.008281573498964804 0.021630615640599003
1 0.8793420749942489 0.6838602329450915 0.008051529790660225 0.03826955074875208
1 0.8570278352887049 0.6468386023294509 0.007131354957441914 0.03577371048252912
1 0.857487922705314 0.6867720465890182 0.006211180124223602 0.0324459234608985
1 0.8580630319760755 0.7246256239600666 0.006901311249137336 0.033277870216306155
1 0.8543823326432022 0.7803660565723793 0.010121923165401427 0.03993344425956739
1 0.8465608465608465 0.7121464226289518 0.009201748332183115 0.02329450915141431
1 0.8370140326662066 0.7254575707154742 0.008051529790660225 0.03494176372712146
1 0.8743961352657005 0.15973377703826955 0.009201748332183115 0.03993344425956739
1 0.8788819875776398 0.228369384359401 0.008971704623878536 0.039101497504159734
1 0.8791120312859443 0.28410981697171384 0.008511617207269381 0.042429284525790346
1 0.8803772716816195 0.33901830282861894 0.009201748332183115 0.04076539101497504
1 0.8794570968484012 0.39600665557404324 0.010121923165401427 0.048252911813643926
1 0.8784219001610306 0.569883527454243 0.006671267540832759 0.03161397670549085
1 0.9017713365539453 0.7699667221297837 0.00644122383252818 0.0324459234608985
1 0.45790200138026227 0.6871880199667221 0.009431792040487693 0.02329450915141431
1 0.9006211180124224 0.6813643926788685 0.008741660915573959 0.03826955074875208
1 0.8888888888888888 0.6655574043261231 0.008741660915573959 0.02329450915141431
1 0.8994708994708994 0.5686356073211315 0.00644122383252818 0.03410981697171381
1 0.8993558776167472 0.5299500831946755 0.006671267540832759 0.03494176372712146
1 0.8992408557625949 0.3673044925124792 0.00644122383252818 0.0324459234608985
1 0.898895790200138 0.42346089850249585 0.00989187945709685 0.04991680532445923
1 0.970554405337014 0.6376871880199667 0.015642972164711295 0.045757071547420966
1 0.9779158040027606 0.6056572379367721 0.01288244766505636 0.04492512479201331
1 0.969749252357948 0.4970881863560732 0.014492753623188406 0.05906821963394343
1 0.9691741430871865 0.34359400998336104 0.015642972164711295 0.048252911813643926
1 0.41718426501035194 0.620216306156406 0.010351966873706004 0.025790349417637273
1 0.38716356107660455 0.7699667221297837 0.010582010582010581 0.02745424292845258
1 0.8569128134345526 0.6094009983361065 0.005981136415919025 0.0324459234608985
1 0.8564527260179434 0.5357737104825291 0.005981136415919025 0.033277870216306155
1 0.8564527260179434 0.18302828618968386 0.010582010582010581 0.028286189683860232
1 0.3163100989187946 0.7271214642262895 0.006901311249137336 0.036605657237936774
1 0.33540372670807456 0.6222961730449251 0.007821486082355647 0.03494176372712146
1 0.34575569358178054 0.6181364392678869 0.008281573498964804 0.036605657237936774
1 0.34552564987347595 0.6564059900166389 0.009201748332183115 0.033277870216306155
1 0.3357487922705314 0.6580698835274542 0.008051529790660225 0.036605657237936774
1 0.3366689671037497 0.697171381031614 0.006671267540832759 0.033277870216306155
1 0.3366689671037497 0.7383527454242929 0.011272141706924315 0.050748752079866885
1 0.3502415458937198 0.293261231281198 0.00759144237405107 0.03577371048252912
1 0.36024844720496896 0.324459234608985 0.014262709914883829 0.04159733777038269
1 0.34863123993558776 0.37562396006655574 0.011272141706924315 0.050748752079866885
1 0.353117092247527 0.4151414309484193 0.007361398665746492 0.03494176372712146
1 0.3397745571658615 0.39475873544093176 0.007361398665746492 0.03410981697171381
1 0.33931446974925233 0.49001663893510816 0.007361398665746492 0.03826955074875208
1 0.403266620657925 0.23044925124792012 0.007361398665746492 0.03993344425956739
1 0.40464688290775247 0.39018302828618967 0.005981136415919025 0.03494176372712146
1 0.4054520358868185 0.4459234608985025 0.008511617207269381 0.036605657237936774
1 0.40591212330342763 0.5079034941763727 0.010351966873706004 0.039101497504159734
1 0.39625028755463537 0.6206322795341098 0.01081205429031516 0.028286189683860232
1 0.40660225442834136 0.6210482529118136 0.009431792040487693 0.024126455906821963
1 0.43754313319530713 0.6181364392678869 0.00966183574879227 0.024958402662229616
1 0.4576719576719577 0.6173044925124792 0.009431792040487693 0.024958402662229616
1 0.4676788589832068 0.6152246256239601 0.00966183574879227 0.024126455906821963
1 0.4779158040027605 0.6131447587354409 0.009431792040487693 0.028286189683860232
1 0.4884978145847711 0.6118968386023295 0.00989187945709685 0.024126455906821963
1 0.40671727628249366 0.6950915141430949 0.00966183574879227 0.024126455906821963
1 0.40798251667816887 0.7687188019966722 0.008511617207269381 0.02329450915141431
1 0.41821946169772256 0.7662229617304492 0.008741660915573959 0.024958402662229616
1 0.3158500115021854 0.6884359400998337 0.006901311249137336 0.0324459234608985
1 0.3149298366689671 0.6485024958402662 0.009201748332183115 0.0324459234608985
1 0.11628709454796411 0.8589850249584027 0.013112491373360938 0.05574043261231281
1 0.07499424890729238 0.6260399334442596 0.011502185415228893 0.04076539101497504
1 0.08431101909362779 0.651414309484193 0.011272141706924315 0.03993344425956739
1 0.01828847481021394 0.5694675540765392 0.011272141706924315 0.04076539101497504
1 0.07119852772026686 0.7125623960066556 0.011732229123533472 0.042429284525790346
1 0.09466298596733379 0.7728785357737105 0.011732229123533472 0.04159733777038269
1 0.10340464688290775 0.793261231281198 0.012652403956751783 0.04409317803660566
1 0.0966183574879227 0.5927620632279534 0.011502185415228893 0.042429284525790346
1 0.09282263630089717 0.6755407653910149 0.011272141706924315 0.04159733777038269
1 0.10041407867494824 0.7004991680532446 0.011272141706924315 0.04326123128119801
1 0.1237635150678629 0.6518302828618968 0.007821486082355647 0.0324459234608985
1 0.12341844950540602 0.6855241264559068 0.007131354957441914 0.036605657237936774
1 0.16666666666666666 0.6534941763727121 0.009431792040487693 0.04076539101497504
1 0.1288244766505636 0.8598169717138103 0.013342535081665517 0.04742096505823627
1 0.2946859903381642 0.752495840266223 0.007361398665746492 0.03743760399334443
1 0.14274212100299058 0.8585690515806988 0.01081205429031516 0.03494176372712146
1 0.15619967793880837 0.860648918469218 0.011502185415228893 0.03410981697171381
1 0.23832528180354268 0.6405990016638935 0.00966183574879227 0.04326123128119801
1 0.22567287784679088 0.8498336106489185 0.01196227283183805 0.029118136439267885
1 0.23832528180354268 0.848585690515807 0.01196227283183805 0.033277870216306155
1 0.2550034506556246 0.8381863560732113 0.018173452956061653 0.0723793677204659
1 0.25684380032206117 0.4072379367720466 0.014492753623188406 0.042429284525790346
1 0.2751322751322751 0.6351913477537438 0.008741660915573959 0.039101497504159734
1 0.2750172532781228 0.6734608985024958 0.00759144237405107 0.0324459234608985
1 0.2942259029215551 0.6343594009983361 0.007361398665746492 0.03577371048252912
1 0.2942259029215551 0.6734608985024958 0.006901311249137336 0.030782029950083195
1 0.2944559466298597 0.7158901830282862 0.007361398665746492 0.029118136439267885
1 0.4279963193006671 0.6930116472545758 0.009431792040487693 0.024958402662229616
1 0.4282263630089717 0.7695507487520798 0.00989187945709685 0.024958402662229616
1 0.43915343915343913 0.7666389351081531 0.010121923165401427 0.025790349417637273
1 0.8132045088566827 0.22628951747088186 0.008741660915573959 0.024958402662229616
1 0.7267080745341615 0.7017470881863561 0.006901311249137336 0.03743760399334443
1 0.7486772486772487 0.660981697171381 0.006211180124223602 0.03577371048252912
1 0.7489072923855532 0.6975873544093179 0.007131354957441914 0.03577371048252912
1 0.7632850241545893 0.2084026622296173 0.011042097998619738 0.0324459234608985
1 0.7681159420289855 0.19800332778702162 0.015642972164711295 0.05324459234608985
1 0.7705314009661836 0.7312811980033278 0.008051529790660225 0.03494176372712146
1 0.7952610996089257 0.7491680532445923 0.010121923165401427 0.039101497504159734
1 0.7931907062341845 0.6925956738768719 0.006901311249137336 0.03577371048252912
1 0.7925005751092707 0.6551580698835274 0.007361398665746492 0.03577371048252912
1 0.7920404876926616 0.6185524126455907 0.007361398665746492 0.03577371048252912
1 0.7915804002760525 0.5798668885191348 0.005981136415919025 0.033277870216306155
1 0.7914653784219001 0.543261231281198 0.005751092707614446 0.033277870216306155
1 0.8136645962732919 0.2608153078202995 0.011042097998619738 0.029118136439267885
1 0.7260179434092477 0.5886023294509152 0.006901311249137336 0.03410981697171381
1 0.8136645962732919 0.6160565723793677 0.007361398665746492 0.03743760399334443
1 0.8144697492523579 0.6534941763727121 0.005751092707614446 0.0324459234608985
1 0.8142397055440533 0.6905158069883528 0.005751092707614446 0.033277870216306155
1 0.8142397055440533 0.7292013311148087 0.006671267540832759 0.0324459234608985
1 0.8243616287094548 0.7237936772046589 0.009431792040487693 0.024958402662229616
1 0.8357487922705314 0.6509983361064892 0.005981136415919025 0.03410981697171381
1 0.8349436392914654 0.5752911813643927 0.006671267540832759 0.03410981697171381
1 0.8421900161030595 0.295757071547421 0.007361398665746492 0.03577371048252912
1 0.8604784909132736 0.4193011647254576 0.007131354957441914 0.03494176372712146
1 0.8596733379342075 0.37895174708818635 0.007361398665746492 0.03410981697171381
1 0.8592132505175983 0.3398502495840266 0.006901311249137336 0.03410981697171381
1 0.8588681849551415 0.2995008319467554 0.007131354957441914 0.03494176372712146
1 0.7263630089717046 0.663477537437604 0.005751092707614446 0.0324459234608985
1 0.43777317690361167 0.6892678868552413 0.00966183574879227 0.025790349417637273
1 0.5861513687600645 0.7982529118136439 0.014722797331492983 0.03577371048252912
1 0.44870025304807915 0.7649750415973378 0.009431792040487693 0.024126455906821963
1 0.45962732919254656 0.7624792013311148 0.00966183574879227 0.024126455906821963
1 0.4698642742121003 0.7633111480865225 0.009431792040487693 0.025790349417637273
1 0.48090637221072 0.7608153078202995 0.00989187945709685 0.024126455906821963
1 0.4687140556705774 0.6880199667221298 0.008511617207269381 0.02329450915141431
1 0.5483091787439613 0.43469217970049917 0.00759144237405107 0.0324459234608985
1 0.5503795721187026 0.4796173044925125 0.00759144237405107 0.039101497504159734
1 0.5523349436392915 0.5158069883527454 0.009201748332183115 0.03494176372712146
1 0.5524499654934437 0.5590682196339434 0.01081205429031516 0.051580698835274545
1 0.5524499654934437 0.6048252911813644 0.008971704623878536 0.04159733777038269
1 0.5518748562226823 0.7217138103161398 0.013802622498274672 0.042429284525790346
1 0.590752242926156 0.5790349417637272 0.017483321831147917 0.06156405990016639
1 0.5935127674258109 0.7683028286189684 0.016563146997929608 0.05906821963394343
1 0.6067402806533241 0.781198003327787 0.024154589371980676 0.09983361064891846
1 0.628594432942259 0.7828618968386023 0.01725327812284334 0.064891846921797
1 0.6219231654014262 0.5453410981697171 0.0218541522889349 0.07570715474209651
1 0.6617207269381182 0.6160565723793677 0.008511617207269381 0.039101497504159734
1 0.6626409017713365 0.5648918469217971 0.012652403956751783 0.05324459234608985
1 0.6991028295376122 0.20632279534109818 0.007821486082355647 0.03826955074875208
1 0.7011732229123534 0.3240432612312812 0.006901311249137336 0.03577371048252912
1 0.7027835288704853 0.40640599001663896 0.006901311249137336 0.03743760399334443
1 0.7084195997239475 0.5852745424292846 0.008971704623878536 0.039101497504159734
1 0.7063492063492064 0.6955074875207987 0.015873015873015872 0.06988352745424292
1 0.3915343915343915 0.5 0.008281573498964804 0.03494176372712146
1 0.06682769726247988 0.5074875207986689 0.012192316540142627 0.04492512479201331