1 0.2579203899268887 0.404143475572047 0.10479285134037368 0.0847247990105133
1 0.32940698619008935 0.7789115646258503 0.0966693744922827 0.0735930735930736
1 0.29731925264013 0.7832405689548547 0.04061738424045491 0.036487322201607914
1 0.29488220958570266 0.7498453927025356 0.05848903330625508 0.047619047619047616
1 0.26401299756295693 0.7464440321583179 0.045491470349309504 0.0383426097711812
1 0.2932575142160845 0.7192331478045764 0.05199025182778229 0.039579468150896725
1 0.29285134037367994 0.6623376623376623 0.0479285134037368 0.032158317872603585
1 0.29041429731925267 0.5408163265306123 0.025182778229082048 0.02411873840445269
1 0.29406986190089357 0.46072974644403214 0.022745735174654752 0.024737167594310452
1 0.20308692120227456 0.41156462585034015 0.06173842404549147 0.05009276437847866
1 0.1803411860276198 0.31508967223252937 0.050365556458164096 0.03153988868274583
1 0.32168968318440294 0.22294372294372294 0.043866774979691305 0.04019789734075448
1 0.2875710804224208 0.2300556586270872 0.047116165718927704 0.03339517625231911
1 0.252233956133225 0.2220160791589363 0.056051990251827784 0.04452690166975881
1 0.22014622258326563 0.22789115646258504 0.03736799350121852 0.03772418058132344
1 0.17912266450040618 0.2189239332096475 0.05117790414297319 0.03339517625231911
1 0.5463038180341186 0.13976499690785404 0.060926076360682375 0.05318491032776747
1 0.5121852152721365 0.39981447124304265 0.1421608448415922 0.095856524427953
1 0.35012185215272135 0.8126159554730983 0.07473598700243704 0.06060606060606061
1 0.607229894394801 0.5964749536178108 0.06904955320877336 0.05380333951762523
1 0.5759545085296507 0.3268398268398268 0.06498781478472786 0.047619047619047616
1 0.6336311941510967 0.41929499072356213 0.03736799350121852 0.03710575139146568
1 0.8407798537774167 0.5995670995670995 0.045491470349309504 0.03772418058132344
1 0.7473598700243704 0.7857142857142857 0.022745735174654752 0.02411873840445269
1 0.5593013809910642 0.7529375386518243 0.0463038180341186 0.04267161410018553
1 0.23761169780666125 0.31880024737167595 0.057676685621445976 0.04267161410018553
1 0.29203899268887085 0.3200371057513915 0.036555645816409424 0.034013605442176874
1 0.29203899268887085 0.5151515151515151 0.021933387489845652 0.024737167594310452
1 0.2932575142160845 0.487012987012987 0.024370430544272948 0.02411873840445269
1 0.7696994313566207 0.756338899196042 0.06255077173030058 0.049474335188620905
1 0.7453290008123477 0.7554112554112554 0.030056864337936636 0.030303030303030304
1 0.7798537774167343 0.6357452071737786 0.050365556458164096 0.04081632653061224
1 0.8038180341186028 0.5949288806431664 0.04955320877335499 0.0383426097711812
1 0.7640129975629569 0.5893630179344465 0.036555645816409424 0.03463203463203463
1 0.5743298131600325 0.3753865182436611 0.19496344435418358 0.15460729746444032