1 0.8325589706933524 0.4091688089117395 0.01679771265189421 0.04541559554413025
1 0.6349177984274482 0.5377035132819195 0.02037169406719085 0.043701799485861184
1 0.6424231593995712 0.6683804627249358 0.017512508934953538 0.04113110539845758
1 0.63831308077198 0.7069408740359897 0.015725518227305217 0.04113110539845758
1 0.8211222301644031 0.18251928020565553 0.022516082916368835 0.05141388174807198
1 0.8005718370264474 0.23479005998286204 0.016440314510364547 0.03941730934018852
1 0.802180128663331 0.26178234790059984 0.01679771265189421 0.043701799485861184
1 0.813795568263045 0.25021422450728364 0.016440314510364547 0.04113110539845758
1 0.8095067905646891 0.2887746358183376 0.017155110793423873 0.04284490145672665
1 0.8352394567548249 0.35475578406169667 0.020729092208720514 0.04798628963153385
1 0.8193352394567548 0.45158526135389887 0.016082916368834882 0.04284490145672665
1 0.797891350964975 0.5244215938303342 0.018942101501072194 0.04284490145672665
1 0.7696568977841315 0.565981148243359 0.018227305218012867 0.04198800342759212
1 0.8636526090064331 0.5509854327335048 0.028949249463902788 0.0702656383890317
1 0.8942101501072195 0.5501285347043702 0.028591851322373123 0.05826906598114824
1 0.9217298070050036 0.5419880034275921 0.02501786990707648 0.06426735218508997
1 0.9749821300929236 0.8877463581833762 0.02501786990707648 0.05998286203941731
1 0.863831308077198 0.24721508140531276 0.02644746247319514 0.06426735218508997
1 0.8800929235167977 0.2823479005998286 0.02108649035025018 0.04884318766066838
1 0.6168691922802001 0.5377035132819195 0.01501072194424589 0.028277634961439587
1 0.5977483917083631 0.5381319622964867 0.017512508934953538 0.03598971722365039
1 0.5827376697641172 0.5282776349614395 0.015368120085775554 0.04027420736932305
1 0.5779127948534668 0.48414738646101113 0.012866333095067906 0.032562125107112254
1 0.18030736240171552 0.32562125107112255 0.01322373123659757 0.02570694087403599
1 0.2203359542530379 0.3221936589545844 0.014653323802716226 0.03427592116538132
1 0.2605432451751251 0.24592973436161097 0.014295925661186561 0.02570694087403599
1 0.28109363831308076 0.24207369323050557 0.013938527519656898 0.024850042844901457
1 0.3020014295925661 0.23179091688089118 0.017155110793423873 0.03684661525278492
1 0.3236240171551108 0.21422450728363324 0.017512508934953538 0.03941730934018852
1 0.39010007147962833 0.20051413881748073 0.014653323802716226 0.03598971722365039
1 0.2819871336669049 0.31790916880891174 0.015725518227305217 0.02913453299057412
1 0.3070050035739814 0.3101970865467009 0.016440314510364547 0.032562125107112254
1 0.3497140814867763 0.2802056555269923 0.014653323802716226 0.022279348757497857
1 0.3704431736954968 0.2746358183376178 0.015368120085775554 0.024850042844901457
1 0.41100786275911366 0.2776349614395887 0.013581129378127233 0.027420736932305057
1 0.4513938527519657 0.2746358183376178 0.015725518227305217 0.026563838903170524
1 0.4710507505360972 0.2754927163667524 0.01501072194424589 0.024850042844901457
1 0.4910650464617584 0.27420736932305056 0.015725518227305217 0.027420736932305057
1 0.5116154395997141 0.2737789203084833 0.015368120085775554 0.026563838903170524
1 0.5730879199428163 0.33076263924592975 0.011794138670478913 0.03598971722365039
1 0.5738027162258756 0.36889460154241643 0.00964974982130093 0.031705227077977724
1 0.5757684060042888 0.40359897172236503 0.012151536812008578 0.03427592116538132
1 0.8622230164403145 0.2823479005998286 0.021801286633309505 0.050556983718937444
1 0.11651179413867048 0.6083976006855184 0.012151536812008578 0.03598971722365039
1 0.10596854896354539 0.6465295629820051 0.00964974982130093 0.033419023136246784
1 0.477662616154396 0.5719794344473008 0.014653323802716226 0.021422450728363324
1 0.49124374553252326 0.19622964867180806 0.013938527519656898 0.023993144815766924
1 0.47069335239456755 0.19622964867180806 0.01501072194424589 0.02570694087403599
1 0.770192994996426 0.6516709511568124 0.020729092208720514 0.04712939160239932
1 0.10471765546819156 0.5304198800342759 0.014295925661186561 0.04284490145672665
1 0.10293066476054324 0.609254498714653 0.013581129378127233 0.04113110539845758
1 0.16029306647605432 0.32433590402742074 0.013938527519656898 0.028277634961439587
1 0.20050035739814154 0.3234790059982862 0.013581129378127233 0.021422450728363324
1 0.39385275196568975 0.7694944301628106 0.015725518227305217 0.02570694087403599
1 0.41261615439599714 0.8307626392459297 0.016082916368834882 0.029991431019708654
1 0.4303073624017155 0.8273350471293917 0.014295925661186561 0.024850042844901457
1 0.5745175125089349 0.6495287060839761 0.023230879199428164 0.044558697514995714
1 0.5114367405289493 0.1958011996572408 0.012151536812008578 0.024850042844901457
1 0.4267333809864189 0.5741216795201372 0.012866333095067906 0.02056555269922879
1 0.11901358112937813 0.6482433590402742 0.010721944245889922 0.03513281919451585
1 0.48695496783416725 0.8286203941730934 0.015368120085775554 0.027420736932305057
1 0.1032880629020729 0.6859468723221936 0.017155110793423873 0.04027420736932305
1 0.11311651179413867 0.6825192802056556 0.01679771265189421 0.03513281919451585
1 0.12151536812008577 0.6825192802056556 0.01501072194424589 0.031705227077977724
1 0.10543245175125089 0.7287917737789203 0.02215868477483917 0.043701799485861184
1 0.12383845604002859 0.7163667523564696 0.019656897784131523 0.03941730934018852
1 0.19013581129378126 0.7519280205655527 0.012151536812008578 0.028277634961439587
1 0.2069335239456755 0.733076263924593 0.012866333095067906 0.03513281919451585
1 0.22140814867762687 0.7347900599828621 0.02394567548248749 0.05398457583547558
1 0.2321300929235168 0.7322193658954584 0.02108649035025018 0.04541559554413025
1 0.24964260185847034 0.7386461011139674 0.017512508934953538 0.037703513281919454
1 0.26125804145818443 0.7365038560411311 0.01501072194424589 0.029991431019708654
1 0.2834167262330236 0.7377892030848329 0.014295925661186561 0.02570694087403599
1 0.3003931379556826 0.7257926306769494 0.017512508934953538 0.037703513281919454
1 0.31129378127233737 0.7352185089974294 0.01929949964260186 0.044558697514995714
1 0.3254110078627591 0.7296486718080548 0.0318084345961401 0.0676949443016281
1 0.3825947105075054 0.6910882604970009 0.013938527519656898 0.02313624678663239
1 0.37866333095067906 0.8003427592116538 0.011794138670478913 0.03427592116538132
1 0.3956397426733381 0.8324764353041988 0.014295925661186561 0.02313624678663239
1 0.4615796997855611 0.8320479862896315 0.014653323802716226 0.02570694087403599
1 0.7664403145103645 0.6096829477292203 0.01250893495353824 0.03684661525278492
2 0.5028591851322373 0.35218508997429304 0.010007147962830594 0.011996572407883462
1 0.17994996426018584 0.24764353041988005 0.014653323802716226 0.02570694087403599