2 0.9558823529411765 0.13619744058500913 0.025210084033613446 0.031078610603290677
2 0.5441176470588235 0.49085923217550276 0.06722689075630252 0.03473491773308958
2 0.38235294117647056 0.5786106032906764 0.07983193277310924 0.038391224862888484
2 0.3760504201680672 0.5648994515539305 0.07983193277310924 0.03656307129798903
2 0.36659663865546216 0.5539305301645339 0.07773109243697479 0.03656307129798903
2 0.3014705882352941 0.5996343692870201 0.07773109243697479 0.03656307129798903
2 0.23739495798319327 0.6416819012797075 0.06302521008403361 0.021937842778793418
2 0.21953781512605042 0.6106032906764168 0.07352941176470588 0.025594149908592323
2 0.22899159663865545 0.6270566727605119 0.06302521008403361 0.025594149908592323
2 0.29096638655462187 0.5840950639853748 0.07352941176470588 0.038391224862888484
2 0.9296218487394958 0.803473491773309 0.04831932773109244 0.031078610603290677
2 0.5304621848739496 0.3930530164533821 0.06512605042016807 0.06946983546617916
2 0.601890756302521 0.3546617915904936 0.05672268907563025 0.062157221206581355
2 0.6334033613445378 0.36837294332723947 0.05672268907563025 0.056672760511883
2 0.9201680672268907 0.2449725776965265 0.058823529411764705 0.062157221206581355
2 0.9684873949579832 0.1882998171846435 0.06302521008403361 0.062157221206581355
2 0.9737394957983193 0.13071297989031078 0.04411764705882353 0.05301645338208409
2 0.9086134453781513 0.2230347349177331 0.06512605042016807 0.06581352833638025
2 0.9485294117647058 0.17915904936014626 0.04831932773109244 0.062157221206581355
2 0.9044117647058824 0.18372943327239488 0.07352941176470588 0.03473491773308958