2 0.05115961800818554 0.8321492007104796 0.045020463847203276 0.03019538188277087
2 0.7633015006821282 0.18561278863232683 0.05320600272851296 0.03374777975133215
2 0.3246930422919509 0.2673179396092362 0.06548431105047749 0.037300177619893425
2 0.13096862210095497 0.4991119005328597 0.04911323328785812 0.03907637655417407
2 0.1364256480218281 0.5124333925399644 0.05184174624829468 0.04085257548845471
2 0.38813096862210095 0.4200710479573712 0.023192360163710776 0.07282415630550622
2 0.34447476125511595 0.4200710479573712 0.05320600272851296 0.04440497335701599
2 0.6207366984993179 0.20603907637655416 0.04638472032742155 0.07104795737122557
2 0.7701227830832197 0.1447602131438721 0.0504774897680764 0.047957371225577264
2 0.7612551159618008 0.17229129662522202 0.054570259208731244 0.03197158081705151
2 0.7667121418826739 0.19715808170515098 0.05184174624829468 0.03197158081705151
2 0.0572987721691678 0.8481349911190054 0.04638472032742155 0.03019538188277087
2 0.6282401091405184 0.4573712255772647 0.009549795361527967 0.04440497335701599
2 0.6391541609822646 0.4573712255772647 0.009549795361527967 0.04440497335701599
2 0.6473396998635743 0.4564831261101243 0.0068212824010914054 0.046181172291296625
2 0.6568894952251023 0.4467140319715808 0.01227830832196453 0.06216696269982238
2 0.669849931787176 0.46181172291296624 0.010914051841746248 0.0497335701598579
2 0.032060027285129605 0.9023090586145648 0.04229195088676671 0.03197158081705151
2 0.08185538881309687 0.8880994671403197 0.04365620736698499 0.03197158081705151
2 0.058663028649386086 0.8632326820603907 0.04365620736698499 0.028419182948490232
2 0.5347885402455662 0.1492007104795737 0.0572987721691678 0.04262877442273535