2 0.6798365122615804 0.75 0.013623978201634877 0.019572953736654804
2 0.6437329700272479 0.8167259786476868 0.02316076294277929 0.017793594306049824
2 0.7990463215258855 0.5774021352313167 0.017711171662125342 0.0800711743772242
2 0.4019073569482289 0.49644128113879005 0.04904632152588556 0.046263345195729534
2 0.335149863760218 0.6058718861209964 0.051771117166212535 0.04804270462633452
2 0.7125340599455041 0.6129893238434164 0.04904632152588556 0.04804270462633452
2 0.7554495912806539 0.6290035587188612 0.04223433242506812 0.06583629893238434
2 0.7486376021798365 0.6370106761565836 0.04223433242506812 0.06761565836298933
2 0.7166212534059946 0.6868327402135231 0.04087193460490463 0.060498220640569395
2 0.7425068119891008 0.6432384341637011 0.04087193460490463 0.0693950177935943
2 0.7356948228882834 0.6530249110320284 0.043596730245231606 0.06761565836298933
2 0.7295640326975477 0.6672597864768683 0.039509536784741145 0.06761565836298933
2 0.723433242506812 0.6770462633451957 0.04087193460490463 0.06227758007117438
2 0.6103542234332425 0.14768683274021352 0.051771117166212535 0.046263345195729534
2 0.6062670299727521 0.18772241992882563 0.0326975476839237 0.033807829181494664
2 0.611716621253406 0.23843416370106763 0.04904632152588556 0.042704626334519574
2 0.611716621253406 0.2215302491103203 0.04632152588555858 0.04448398576512456
2 0.6069482288828338 0.20462633451957296 0.047683923705722074 0.042704626334519574
2 0.6164850136239782 0.7944839857651246 0.020435967302452316 0.033807829181494664
2 0.8242506811989101 0.5427046263345195 0.013623978201634877 0.07829181494661921