2 0.6095054592164418 0.948111060537096 0.03982016698779704 0.03186162949476559
2 0.05266538214515093 0.9487938097405553 0.014129736673089274 0.010468821119708694
2 0.4039820166987797 0.9390077378243059 0.06294155427103404 0.033682294037323625
2 0.3670520231213873 0.9219390077378243 0.010918432883750802 0.030496131087847066
2 0.3166345536287733 0.9738279472007283 0.05138086062941554 0.04142011834319527
2 0.3153500321130379 0.982476103777879 0.03982016698779704 0.030496131087847066
2 0.34906872190109184 0.9456076467910788 0.01348747591522158 0.010468821119708694
2 0.10051380860629415 0.9827036868456986 0.01991008349389852 0.012744651797906235
2 0.06518946692357097 0.9380974055530269 0.01348747591522158 0.010923987255348202
2 0.6811175337186898 0.9396904870277651 0.01991008349389852 0.015930814747382796
2 0.7883750802825947 0.8409194355939918 0.05844572896596018 0.03504779244424215
2 0.7764932562620424 0.8475193445607647 0.03982016698779704 0.024578971324533454
2 0.7405266538214516 0.8962221210741921 0.029543994861913937 0.019116977696859355
