2 0.765795631825273 0.9605515128303332 0.0074102964118564745 0.0038299502106472617
2 0.7601404056162246 0.9576790501723478 0.00858034321372855 0.002680965147453083
2 0.765015600624025 0.963615472998851 0.009750390015600624 0.004595940252776714
2 0.7642355694227769 0.9664879356568364 0.008970358814352574 0.00497893527384144
2 0.764820592823713 0.9695518958253543 0.00858034321372855 0.004212945231711987
2 0.7624804992199687 0.9718498659517426 0.0078003120124804995 0.004212945231711987
2 0.7244539781591264 0.9670624281884336 0.0074102964118564745 0.004595940252776714
2 0.7260140405616224 0.9643814630409805 0.006630265210608425 0.003063960168517809
2 0.733619344773791 0.9622749904251244 0.00546021840873635 0.002680965147453083
2 0.7562402496099844 0.9655304481041747 0.0070202808112324495 0.0038299502106472617
2 0.7593603744149766 0.9737648410570663 0.00858034321372855 0.004212945231711987
