1 0.14502657555049356 0.8349158394475615 0.016324981017463932 0.01985325852395339
1 0.925208807896735 0.14123867069486404 0.010630220197418374 0.011868795856711264
1 0.7574031890660592 0.21730686232196805 0.017084282460136675 0.019421665947345707
1 0.9357441154138193 0.14501510574018128 0.01044039483675019 0.011221406991799741
1 0.9448557327258922 0.13595166163141995 0.01044039483675019 0.011221406991799741
1 0.9543470007593015 0.12656452309020286 0.011958997722095672 0.012731981009926629
1 0.9636484434320425 0.11728528269313768 0.009301442672741078 0.011437203280103583
1 0.9626993166287016 0.10347432024169184 0.0115793470007593 0.013163573586534312
1 0.9530182232346242 0.11307725507121277 0.010060744115413819 0.011652999568407424
1 0.943716780561883 0.12224859732412602 0.010060744115413819 0.011437203280103583
1 0.9348899012908124 0.13131204143288736 0.010630220197418374 0.012731981009926629
1 0.915907365223994 0.14976262408286578 0.008352315869400152 0.011652999568407424
1 0.1133257403189066 0.8657747086750108 0.017463933181473046 0.021148036253776436
1 0.9265375854214123 0.15483383685800603 0.011009870918754746 0.0110056107034959
1 0.8586750189825361 0.18990073370738023 0.01765375854214123 0.022442813983599482
1 0.893413059984814 0.1572075960293483 0.01651480637813212 0.020500647388864913
1 0.9085041761579347 0.14156236512731982 0.010250569476082005 0.012516184721622789
1 0.9198936977980258 0.1293698748381528 0.010630220197418374 0.012731981009926629
1 0.9316628701594533 0.11836426413465688 0.010630220197418374 0.013163573586534312
1 0.9432422171602126 0.10671126456624946 0.009111617312072893 0.012731981009926629
1 0.9516894457099468 0.09937419076391886 0.010060744115413819 0.013163573586534312
1 0.8489939255884587 0.12548554164868364 0.01879271070615034 0.023090202848511005
1 0.7415527714502658 0.23316788951230039 0.01651480637813212 0.02006905481225723
1 0.7227600607441154 0.24978420371169616 0.011958997722095672 0.014026758739749677
1 0.7060554290053151 0.2678031937850669 0.013097949886104784 0.015968925334484248
1 0.6509111617312073 0.326068191627104 0.016324981017463932 0.01985325852395339
1 0.07412680334092635 0.8649115235217955 0.0180334092634776 0.018990073370738023
1 0.09738041002277904 0.9337505394907207 0.017843583902809414 0.01985325852395339
1 0.20558086560364464 0.8725722917565818 0.017084282460136675 0.021363832542080276
1 0.2487661351556568 0.8201337936987484 0.01689445709946849 0.019205869659041863
1 0.2651860288534548 0.8037332757876564 0.015565679574791193 0.018774277082434183
1 0.281795747911921 0.7900302114803626 0.01765375854214123 0.021148036253776436
1 0.20719438116932423 0.771687526974536 0.01689445709946849 0.020716443677168753
1 0.27761958997722097 0.7549633146309883 0.01727410782080486 0.014026758739749677
1 0.4069855732725892 0.6654078549848943 0.015945330296127564 0.018774277082434183
1 0.31492027334851935 0.7565817867932672 0.016704631738800303 0.020716443677168753
1 0.36816628701594534 0.7039274924471299 0.01651480637813212 0.021148036253776436
1 0.34738041002277903 0.6814846784635304 0.015186028853454821 0.01812688821752266
1 0.33029612756264237 0.6460940871817005 0.015565679574791193 0.018990073370738023
1 0.3414009111617312 0.6349805783340526 0.016135155656795748 0.019205869659041863
1 0.3527904328018223 0.6241907639188606 0.015375854214123007 0.017911091929218817
1 0.4456150341685649 0.5276219249028917 0.015375854214123007 0.01985325852395339
1 0.47266514806378135 0.5 0.017843583902809414 0.0220112214069918
1 0.5735573272589218 0.4082865774708675 0.01727410782080486 0.020716443677168753
1 0.6330675778283978 0.34451877427708244 0.016704631738800303 0.019205869659041863
1 0.8745254365983295 0.09991368148467847 0.012908124525436599 0.015105740181268883