1 0.00715829281469476 0.9213404374649468 0.007833603457590491 0.014862591138530567
1 0.3604808211777418 0.6828379136287156 0.022960561858454888 0.02075154234436343
1 0.6048082117774176 0.6247896803140774 0.02377093462992977 0.02075154234436343
1 0.596839546191248 0.6022153673583848 0.025121555915721232 0.023836231071228266
1 0.5844138303619665 0.5818844643858665 0.021339816315505133 0.01962983735277622
1 0.5737439222042139 0.5628154795288839 0.025391680172879523 0.02411665731912507
1 0.5536196650459211 0.5434660684240045 0.024581307401404646 0.028042624789680313
1 0.5264721772015127 0.5316881660123387 0.020529443544030253 0.025238362310712283
1 0.4947325769854133 0.534913067863152 0.02404105888708806 0.024397083567021874
1 0.44867639113992436 0.5881940549635446 0.018368449486763912 0.018227706113292205
1 0.4421934089681253 0.6887268648345485 0.021609940572663425 0.018508132361189006
1 0.4362506753106429 0.7750981491867639 0.02106969205834684 0.01682557487380819
1 0.30753646677471635 0.7291082445316882 0.017017828200972446 0.024677509814918678
1 0.3656131820637493 0.6240886146943354 0.025121555915721232 0.02047111609646663
1 0.6272285251215559 0.6688166012338755 0.02215018908698001 0.01682557487380819
1 0.3631820637493247 0.5874929893438026 0.041329011345218804 0.030846887268648347
1 0.24608319827120476 0.4275098149186764 0.017828200972447326 0.017106001121704992
1 0.2391950297136683 0.4097027481772294 0.02025931928687196 0.019068984856982614
1 0.23014586709886548 0.3907739764441952 0.019989195029713667 0.017106001121704992
1 0.22204213938411668 0.3728266965787998 0.018368449486763912 0.018227706113292205
1 0.21231766612641814 0.35389792484576554 0.020529443544030253 0.019068984856982614
1 0.19719070772555375 0.31604038137969714 0.02215018908698001 0.022434099831744252
1 0.18719611021069693 0.2954290521592821 0.024311183144246355 0.02327537857543466
1 0.17909238249594814 0.2725743129556927 0.022690437601296597 0.023555804823331465
1 0.16693679092382496 0.2512619181155356 0.025391680172879523 0.025238362310712283
1 0.14640734737979472 0.20849691531127312 0.025391680172879523 0.024397083567021874
1 0.6160183684494868 0.6456814357823892 0.025121555915721232 0.025518788558609087
1 0.62817396002161 0.6986819966348851 0.023500810372771474 0.017666853617498597
1 0.011615343057806591 0.9366236679753225 0.016747703943814155 0.02131239484015704
1 0.7212317666126418 0.60964666292765 0.02593192868719611 0.02411665731912507
1 0.048217179902755265 0.9915872125630959 0.022960561858454888 0.01682557487380819
1 0.019313884386817935 0.9510656197420079 0.019719070772555376 0.021031968592260235
1 0.30915721231766613 0.8157599551318003 0.023500810372771474 0.026360067302299495
1 0.7271745002701242 0.8529164329781268 0.024311183144246355 0.0266404935501963
1 0.7483792544570502 0.8438025799214807 0.019719070772555376 0.022994952327537857
1 0.8491356023770935 0.7920639371845205 0.020799567801188548 0.023836231071228266
1 0.7240680713128039 0.425967470555244 0.026202052944354404 0.028042624789680313
1 0.6781469475958941 0.4844363432417274 0.02188006482982172 0.01878855860908581
1 0.6800378173960021 0.5214526079641054 0.025121555915721232 0.025518788558609087
1 0.6908427876823339 0.542624789680314 0.023500810372771474 0.02411665731912507
1 0.7012425715829281 0.5653393157599551 0.02485143165856294 0.024677509814918678
1 0.7516207455429498 0.639652271452608 0.02890329551593733 0.028042624789680313
1 0.619935170178282 0.7209758833426809 0.02215018908698001 0.021873247335950644
1 0.7891680172879525 0.6538137969713965 0.025121555915721232 0.02607964105440269
1 0.811858454889249 0.6804542905215928 0.03538627768773636 0.025518788558609087
1 0.81172339276067 0.7149467190128996 0.03835764451647758 0.03729669097027482
1 0.7793084819016748 0.7455131800336512 0.02377093462992977 0.028323051037577117
1 0.7579686655861696 0.7558889512058329 0.022690437601296597 0.027201346045989904
1 0.7363587250135062 0.7652832305103757 0.02377093462992977 0.026360067302299495
1 0.7162344678552134 0.7770611329220415 0.024581307401404646 0.028042624789680313
1 0.6585629389519179 0.8049635445877734 0.02593192868719611 0.02607964105440269
1 0.6319556996218261 0.7929052159282108 0.025661804430037818 0.027762198541783512
1 0.6185845488924906 0.7694896242288278 0.020529443544030253 0.019068984856982614
1 0.6185845488924906 0.745793606281548 0.024311183144246355 0.021031968592260235
1 0.11520799567801189 0.13909141895681434 0.022420313344138302 0.024677509814918678