1 0.7521540800810947 0.23151260504201682 0.0456158134820071 0.037815126050420166
1 0.7321338063862138 0.2930672268907563 0.046122655854029394 0.03991596638655462
1 0.7176887987835783 0.34474789915966386 0.05473897617840851 0.040756302521008404
1 0.6842372022301064 0.448109243697479 0.053725291434363914 0.03823529411764706
1 0.8656867714140902 0.36554621848739494 0.0466294982260517 0.03865546218487395
1 0.8152559553978712 0.5079831932773109 0.046122655854029394 0.037815126050420166
1 0.7863659401926001 0.5521008403361345 0.05828687278256462 0.04453781512605042
1 0.5750126710593005 0.7023109243697478 0.03395843892549417 0.02815126050420168
1 0.5435884439939179 0.7105042016806723 0.04004054738976178 0.034453781512605045
1 0.3852002027369488 0.7852941176470588 0.03345159655347187 0.02689075630252101
1 0.36543335022807905 0.6422268907563026 0.02939685757729346 0.026470588235294117
1 0.41713127217435375 0.6334033613445378 0.0456158134820071 0.03823529411764706
1 0.46578813988849466 0.6159663865546219 0.05068423720223011 0.043697478991596636
