2 0.5917612886189596 0.9518222222222222 0.11037760760496435 0.06684444444444444
2 0.6276076049643518 0.3118222222222222 0.12397676260892528 0.3111111111111111
2 0.6134803274359651 0.13226666666666667 0.03974121996303143 0.027022222222222222
2 0.65493794560338 0.08746666666666666 0.02865064695009242 0.0192
2 0.6526934248745709 0.08044444444444444 0.030235014523369422 0.02008888888888889
2 0.6623976762608925 0.09706666666666666 0.1280697121732242 0.07146666666666666
2 0.6801557961447056 0.10782222222222222 0.09836282017428043 0.06026666666666667
2 0.6379720095062055 0.21884444444444445 0.045418537100607344 0.07004444444444445
2 0.9009770266701875 0.4334222222222222 0.010562450488513335 0.03342222222222222
2 0.7084763665170319 0.061066666666666665 0.04700290467388434 0.0304
0 0.4864668603115923 0.9640888888888889 0.036044362292051754 0.060444444444444446
0 0.5798125165038289 0.9246222222222222 0.029706891998943753 0.055822222222222224
