2 0.8218226399673069 0.28298670303443574 0.015529219452390683 0.004091374019774974
2 0.8888434818144667 0.2485509717013297 0.006538618716796077 0.008182748039549948
2 0.5265631385369841 0.19314694851687692 0.007764609726195341 0.004432321854756222
2 0.793216183081324 0.2857142857142857 0.02288516550878627 0.00477326968973747
2 0.6569268492031058 0.252471871803614 0.03473641193297916 0.008523695874531197
2 0.6918675929709849 0.4110126150698943 0.013894564773191663 0.017388339584043642
0 0.26379239885574174 0.22315035799522673 0.0380057212913772 0.06375724514149335
0 0.4419697588884348 0.2949198772587794 0.024928483857785042 0.040913740197749744
2 0.39476910502656315 0.44255028980565975 0.01798120147118921 0.027957722468462325
2 0.37678790355537395 0.5245482441186499 0.011442582754393135 0.017388339584043642
2 0.4724152022885166 0.5542107057620184 0.01961585615038823 0.031026252983293555
2 0.5110339190845934 0.4737470167064439 0.00939926440539436 0.015342652574156155
2 0.5008173273395995 0.19979543129901126 0.006129955046996322 0.008864643709512444
2 0.49611769513690235 0.20848960109103307 0.005721291377196567 0.007841800204568702
2 0.515120555782591 0.18854415274463007 0.011033919084593379 0.005455165359699966
2 0.5308541070698815 0.4266962154790317 0.02043318348998774 0.03443573133310603
2 0.5641601961585615 0.4072621888851006 0.03310175725378014 0.014660756904193658
2 0.5845933796485493 0.3305489260143198 0.018389865140988965 0.017388339584043642
2 0.531671434409481 0.23747016706443913 0.0171638741315897 0.011933174224343675
0 0.563342868818962 0.223491305830208 0.01021659174499387 0.016706443914081145
0 0.5784634246015529 0.24821002386634844 0.018389865140988965 0.00477326968973747
2 0.5478136493665713 0.2442891237640641 0.00858193706579485 0.005114217524718718
2 0.624846751123825 0.6628025912035459 0.006538618716796077 0.010910330719399931
2 0.690028606456886 0.5190930787589498 0.015120555782590927 0.0242072962836686
2 0.6264814058030241 0.5219911353562905 0.008990600735594606 0.015001704739174906
2 0.6195341234164283 0.5373337879304466 0.008990600735594606 0.014319809069212411
2 0.613404168369432 0.5499488578247528 0.0073559460563955865 0.011592226389362428
2 0.706783816918676 0.437436072280941 0.018389865140988965 0.024548244118649847
2 0.6505925623212097 0.3216842823048074 0.013894564773191663 0.02079781793385612
2 0.6714344094809971 0.38220252301397883 0.01879852881078872 0.024548244118649847
2 0.21270944013077236 0.8228775997272417 0.027380465876583573 0.04330037504261848