2 0.4144363341443633 0.5160449808008777 0.0186536901865369 0.006308283049917718
2 0.4426196269261963 0.7269610532089962 0.021492295214922953 0.007405375754251234
2 0.4420113544201135 0.7136588041689522 0.0202757502027575 0.007131102578167855
2 0.5237226277372263 0.7041963795940757 0.007704785077047851 0.011245200219418541
2 0.43369829683698297 0.7084476138233681 0.017437145174371452 0.006582556226001097
2 0.43876723438767234 0.7015907844212836 0.019464720194647202 0.006582556226001097
2 0.435117599351176 0.6941854086670324 0.0202757502027575 0.007679648930334613
2 0.435117599351176 0.6873285792649478 0.0202757502027575 0.006034009873834339
2 0.519059205190592 0.6619583104772353 0.008921330089213302 0.013987931980252331
2 0.49959448499594483 0.653730115194734 0.008921330089213302 0.013987931980252331
2 0.44059205190592055 0.638233680746023 0.023114355231143552 0.007679648930334613
2 0.4401865369018654 0.6191716950082282 0.023114355231143552 0.007405375754251234
2 0.4399837793998378 0.6123148656061437 0.024330900243309004 0.007953922106417993
2 0.4973641524736415 0.6106692265496434 0.01662611516626115 0.012342292923752057
2 0.41686942416869427 0.5588315962698848 0.023519870235198703 0.007405375754251234
2 0.4195052716950527 0.5518376302797586 0.023925385239253853 0.007679648930334613
2 0.4172749391727494 0.5392210641799232 0.0186536901865369 0.007679648930334613
2 0.4140308191403082 0.534009873834339 0.019464720194647202 0.007131102578167855
2 0.41261151662611517 0.5223532638507954 0.023925385239253853 0.007953922106417993
2 0.44282238442822386 0.7465715852989577 0.019464720194647202 0.006034009873834339
2 0.4420113544201135 0.7520570488206253 0.0186536901865369 0.005485463521667581
2 0.4407948094079481 0.7583653318705431 0.019464720194647202 0.006582556226001097
2 0.37793998377939986 0.40770707624794295 0.021086780210867802 0.007953922106417993
2 0.34630981346309814 0.24725726823916622 0.0340632603406326 0.023861766319253977
2 0.2970397404703974 0.24684585847504115 0.023114355231143552 0.01426220515633571
2 0.3092051905920519 0.25699396599012614 0.022303325223033254 0.01426220515633571
2 0.3219789132197891 0.2660449808008777 0.024330900243309004 0.015907844212835986
2 0.3446877534468775 0.28085573230938016 0.0186536901865369 0.012616566099835436
2 0.3499594484995945 0.28826110806363137 0.023519870235198703 0.016456390565002744
2 0.3586780210867802 0.2930608886450905 0.017437145174371452 0.011245200219418541
2 0.3619221411192214 0.30046626439934176 0.022303325223033254 0.014536478332419089
2 0.3718572587185726 0.3137685134393856 0.0186536901865369 0.010422380691168404
2 0.3765206812652068 0.31884256719692816 0.02473641524736415 0.013987931980252331
2 0.3781427412814274 0.413878222709819 0.025547445255474453 0.009873834339001646
2 0.4424168694241687 0.7646736149204608 0.021897810218978103 0.006582556226001097
2 0.38057583130575834 0.4369171695008228 0.02068126520681265 0.009325287986834888
2 0.44545823195458234 0.7701590784421284 0.01824817518248175 0.006034009873834339
2 0.4983779399837794 0.5153592978606693 0.009732360097323601 0.010970927043335162
2 0.4113949716139497 0.5034284147010423 0.02473641524736415 0.007953922106417993
2 0.29582319545823194 0.20748765770707625 0.049067315490673155 0.03483269336258914
2 0.40632603406326034 0.49108612177729016 0.0227088402270884 0.007405375754251234
2 0.5654906731549068 0.3517553483269336 0.01338199513381995 0.02276467361492046
2 0.5853609083536091 0.3510696653867252 0.01338199513381995 0.024136039495337356
2 0.605433901054339 0.34969829950630826 0.013787510137875101 0.025233132199670872
2 0.6242903487429035 0.34914975315414154 0.014193025141930252 0.022490400438837082
2 0.6429440389294404 0.34901261656609983 0.01338199513381995 0.022216127262753703
2 0.570154095701541 0.3857652221612726 0.017842660178426603 0.03099286889742183
2 0.5894160583941606 0.3808283049917718 0.015815085158150853 0.02550740537575425
2 0.6100973236009732 0.3832967635765222 0.019059205190592052 0.03154141524958859
2 0.6293592862935928 0.3794569391113549 0.015409570154095702 0.02605595172792101
2 0.648418491484185 0.378085573230938 0.017842660178426603 0.02605595172792101
2 0.5356853203568532 0.4816236972024136 0.019464720194647202 0.02303894679100384
2 0.579683698296837 0.4499451453647833 0.019059205190592052 0.03208996160175535
2 0.6017842660178426 0.4515907844212836 0.015409570154095702 0.02550740537575425
2 0.6192214111922141 0.4528250137136588 0.012976480129764802 0.021393307734503566
2 0.6360502838605029 0.44747668678003294 0.01662611516626115 0.02825013713658804
2 0.6056366585563666 0.4829950630828305 0.01662611516626115 0.02578167855183763
2 0.6419302514193025 0.47901810202962153 0.017842660178426603 0.024410312671420735
2 0.5721816707218167 0.5431980252331322 0.019464720194647202 0.03428414701042238
2 0.5888077858880778 0.5327756445419638 0.0113544201135442 0.01782775644541964
2 0.6048256285482563 0.5326385079539221 0.015004055150040552 0.02029621503017005
2 0.6212489862124899 0.5319528250137137 0.012165450121654502 0.018924849149753155
2 0.6390916463909164 0.5294843664289632 0.009732360097323601 0.01782775644541964
2 0.5894160583941606 0.5552660449808009 0.011759935117599351 0.01727921009325288
2 0.5871857258718572 0.2986834887547998 0.027575020275750203 0.025233132199670872
2 0.57441200324412 0.2925123422929238 0.027980535279805353 0.024410312671420735
2 0.5334549878345499 0.27427317608337903 0.023925385239253853 0.020844761382336808
2 0.4464720194647202 0.4151124520021942 0.012976480129764802 0.023861766319253977
2 0.4067315490673155 0.47860669226549646 0.021086780210867802 0.008228195282501372
2 0.40450121654501214 0.4710641799232035 0.023925385239253853 0.008502468458584751
2 0.4047039740470397 0.459818979703785 0.021897810218978103 0.007953922106417993
2 0.4576236820762368 0.44706527701590787 0.00932684509326845 0.012616566099835436
2 0.4028791565287916 0.45351069665386723 0.02473641524736415 0.009599561162918267
2 0.46897810218978103 0.44432254525507403 0.00851581508515815 0.012068019747668678
2 0.3980129764801298 0.4472024136039495 0.022303325223033254 0.007953922106417993
2 0.4657339821573398 0.4286889742183215 0.011759935117599351 0.01755348326933626
2 0.4562043795620438 0.431980252331322 0.012165450121654502 0.01755348326933626
2 0.4894566098945661 0.4349972572682392 0.0170316301703163 0.030170049369171694
2 0.4028791565287916 0.3889193636862315 0.032846715328467155 0.016456390565002744
2 0.5198702351987023 0.26810202962150304 0.027575020275750203 0.023861766319253977
2 0.4560016220600162 0.39056500274273176 0.036901865369018655 0.015359297860669226
2 0.4797242497972425 0.390016456390565 0.008110300081103 0.01151947339550192
2 0.4399837793998378 0.22942951179374657 0.0227088402270884 0.019473395501919913
2 0.45336577453365773 0.23669775095995613 0.024330900243309004 0.020844761382336808
2 0.46472019464720193 0.24382885353812397 0.028386050283860504 0.025233132199670872
2 0.4795214922952149 0.2501371365880417 0.027980535279805353 0.02578167855183763
2 0.4935117599351176 0.25479978058145913 0.024330900243309004 0.021941854086670324
2 0.5058799675587997 0.26124520021941855 0.027980535279805353 0.024410312671420735
2 0.41565287915652877 0.20817334064728468 0.0535279805352798 0.027975863960504662
2 0.3570559610705596 0.1807460230389468 0.044201135442011354 0.021941854086670324
2 0.2749391727493917 0.23258365331870542 0.025952960259529603 0.014810751508502468
2 0.23580697485806976 0.2896324739440483 0.025547445255474453 0.013713658804168952
0 0.6662611516626115 0.46023038946791006 0.20924574209245742 0.06747120131651124
0 0.6780210867802109 0.5367526055951728 0.2035685320356853 0.05485463521667581
0 0.6847120843471208 0.5948985189248491 0.20640713706407138 0.05156335710367526
0 0.6926196269261963 0.6504388370817334 0.20519059205190593 0.048546352166758094
0 0.7025547445255474 0.7057048820625342 0.20559610705596107 0.04607789358200768
0 0.7098540145985401 0.7674163466812945 0.20721816707218166 0.061437191442676904
2 0.11942416869424169 0.18527153044432254 0.026358475263584754 0.008502468458584751
2 0.14760746147607462 0.1991223258365332 0.019464720194647202 0.012068019747668678
2 0.16200324412003245 0.14179923203510697 0.017437145174371452 0.012616566099835436
2 0.19180859691808597 0.15866703236423477 0.0170316301703163 0.011793746571585299
2 0.21451743714517438 0.15523861766319255 0.0332522303325223 0.023587493143170598
2 0.16727493917274938 0.21557871640153592 0.017437145174371452 0.009873834339001646
2 0.1711273317112733 0.22229840921557872 0.019464720194647202 0.012342292923752057
2 0.18207623682076238 0.23491497531541417 0.017842660178426603 0.010696653867251783
2 0.18957826439578265 0.23889193636862316 0.01824817518248175 0.01151947339550192
2 0.20721816707218166 0.25617114646187605 0.016220600162206 0.009325287986834888
2 0.21330089213300893 0.2620680197476687 0.025952960259529603 0.014536478332419089
2 0.2321573398215734 0.19829950630828305 0.026358475263584754 0.015907844212835986
2 0.24614760746147607 0.2069391113549095 0.021897810218978103 0.015085024684585847
2 0.2508110300081103 0.21242457487657707 0.022303325223033254 0.013987931980252331
2 0.2568937550689375 0.21804717498628634 0.025547445255474453 0.016456390565002744
0 0.6524736415247364 0.3654690071311026 0.20924574209245742 0.07268239166209545
0 0.5849553933495539 0.2907295666483818 0.01013787510137875 0.009873834339001646
0 0.44789132197891324 0.2303894679100384 0.011759935117599351 0.010422380691168404
0 0.46127331711273317 0.23656061437191442 0.010948905109489052 0.010148107515085025
0 0.47587185725871856 0.2421832144816237 0.010948905109489052 0.010970927043335162
0 0.48965936739659366 0.24890290729566647 0.010948905109489052 0.010696653867251783
0 0.5030413625304136 0.25425123422929236 0.010948905109489052 0.010422380691168404
0 0.5162206001622061 0.26001097092704334 0.012165450121654502 0.010970927043335162
0 0.5308191403081914 0.26645639056500275 0.010543390105433901 0.010148107515085025
0 0.5439983779399837 0.2723532638507954 0.011759935117599351 0.009325287986834888
0 0.5575831305758313 0.27852441031267144 0.0113544201135442 0.009599561162918267
0 0.5713706407137064 0.28414701042238066 0.012165450121654502 0.009873834339001646
0 0.5985401459854015 0.29648930334613277 0.012165450121654502 0.01151947339550192
2 0.6567315490673155 0.7002194185408667 0.06853203568532036 0.01426220515633571
2 0.735198702351987 0.8239166209544706 0.050283860502838604 0.012616566099835436
0 0.7749391727493917 0.8182940208447613 0.0056772100567721 0.009051014810751509
0 0.7913625304136253 0.8171969281404279 0.006082725060827251 0.009599561162918267
0 0.8130575831305759 0.8147284695556775 0.006488240064882401 0.012342292923752057
2 0.26317923763179235 0.22325836533187055 0.025141930251419302 0.015359297860669226
2 0.24371451743714517 0.3027975863960505 0.029197080291970802 0.013165112452002194
2 0.3075831305758313 0.40139879319802524 0.02473641524736415 0.009599561162918267
2 0.24878345498783455 0.3092430060340099 0.026358475263584754 0.012890839275918815
2 0.3491484184914842 0.5814591332967636 0.024330900243309004 0.006582556226001097
2 0.34772911597729117 0.5748765770707625 0.019870235198702353 0.006034009873834339
2 0.34691808596918083 0.5677454744925946 0.019870235198702353 0.006034009873834339
2 0.3442822384428224 0.5411409764125068 0.0170316301703163 0.005485463521667581
2 0.34387672343876724 0.5549917718047175 0.021897810218978103 0.007953922106417993
2 0.34347120843471207 0.5482720789906748 0.019464720194647202 0.006582556226001097
2 0.3448905109489051 0.5614371914426769 0.01824817518248175 0.007131102578167855
2 0.3355636658556367 0.5160449808008777 0.019059205190592052 0.006308283049917718
2 0.33718572587185724 0.5090510148107515 0.01824817518248175 0.007131102578167855
2 0.3353609083536091 0.5032912781130006 0.017842660178426603 0.005485463521667581
2 0.3333333333333333 0.4975315414152496 0.0186536901865369 0.006034009873834339
2 0.33434712084347123 0.4908118486012068 0.027169505271695052 0.006308283049917718
2 0.3333333333333333 0.47846955567745475 0.0202757502027575 0.008502468458584751
2 0.33231954582319545 0.47270981897970377 0.01824817518248175 0.007405375754251234
2 0.3304947283049473 0.46119034558420186 0.024330900243309004 0.009051014810751509
2 0.3286699107866991 0.4539221064179923 0.01824817518248175 0.005485463521667581
2 0.2702757502027575 0.33872737246297313 0.025547445255474453 0.012068019747668678
2 0.27858880778588807 0.3442128359846407 0.025141930251419302 0.01151947339550192
2 0.28203568532035683 0.3499725726823917 0.019870235198702353 0.009325287986834888
2 0.28304947283049475 0.36231486560614373 0.021897810218978103 0.00877674163466813
2 0.2937956204379562 0.366154690071311 0.017437145174371452 0.008228195282501372
2 0.29582319545823194 0.37218869994514536 0.022303325223033254 0.009325287986834888
2 0.29927007299270075 0.3783598464070214 0.021897810218978103 0.009051014810751509
2 0.3491484184914842 0.5938014262205157 0.0202757502027575 0.006034009873834339
2 0.35502838605028386 0.6046352166758091 0.023114355231143552 0.007953922106417993
2 0.3566504460665045 0.6183488754799781 0.023114355231143552 0.007405375754251234
2 0.36232765612327655 0.7401261656609983 0.023925385239253853 0.008502468458584751
2 0.2532441200324412 0.31513987931980253 0.023925385239253853 0.012068019747668678
2 0.26013787510137876 0.320213933077345 0.023925385239253853 0.011793746571585299
2 0.2597323600973236 0.3274821722435546 0.021492295214922953 0.010970927043335162
2 0.26723438767234386 0.332144816236972 0.0227088402270884 0.010970927043335162
2 0.2546634225466342 0.1873285792649479 0.024330900243309004 0.018102029621503018
2 0.35360908353609083 0.7727646736149204 0.030008110300081103 0.007953922106417993
2 0.3497566909975669 0.765907844212836 0.02068126520681265 0.006308283049917718
2 0.37368207623682076 0.7624794295117937 0.017437145174371452 0.006034009873834339
2 0.3722627737226277 0.7568568294020844 0.0186536901865369 0.006308283049917718
2 0.37388483373884834 0.7445145364783324 0.019464720194647202 0.007953922106417993
2 0.36678832116788324 0.7195556774547449 0.019870235198702353 0.006856829402084476
2 0.35685320356853206 0.6258913878222709 0.021897810218978103 0.006582556226001097
2 0.36881589618815896 0.7128359846407022 0.023114355231143552 0.007679648930334613
2 0.3686131386861314 0.7059791552386177 0.024330900243309004 0.008228195282501372
2 0.36699107866991076 0.7002194185408667 0.0170316301703163 0.006034009873834339
2 0.36476074614760745 0.672243554580362 0.01662611516626115 0.007131102578167855
2 0.3655717761557178 0.6647010422380691 0.01824817518248175 0.00575973669775096
2 0.3613138686131387 0.6578442128359846 0.023519870235198703 0.006856829402084476
2 0.3615166261151663 0.6512616566099836 0.022303325223033254 0.007405375754251234
2 0.36009732360097324 0.6450905101481075 0.019464720194647202 0.006582556226001097
2 0.3570559610705596 0.6393307734503566 0.026358475263584754 0.008228195282501372
2 0.3564476885644769 0.6319253976961053 0.025952960259529603 0.007679648930334613
2 0.6036090835360909 0.5548546352166758 0.012570965125709651 0.019199122325836534
2 0.6173965936739659 0.5536204059243006 0.011759935117599351 0.01782775644541964
2 0.6319951338199513 0.5522490400438838 0.01338199513381995 0.018924849149753155
2 0.8627331711273317 0.6907569939659901 0.021492295214922953 0.013439385628085573
2 0.8704379562043796 0.7457487657707076 0.015004055150040552 0.00877674163466813
2 0.8708434712084347 0.7393033461327482 0.01338199513381995 0.008502468458584751
2 0.8684103811841039 0.7335436094349973 0.017437145174371452 0.010696653867251783
2 0.8686131386861314 0.726549643444871 0.019464720194647202 0.010970927043335162
2 0.8643552311435523 0.7057048820625342 0.019059205190592052 0.01151947339550192
2 0.8639497161394971 0.6973395501919912 0.019870235198702353 0.012890839275918815
2 0.6461881589618816 0.5523861766319254 0.012570965125709651 0.017004936917169502
2 0.5064882400648824 0.5831047723532639 0.006488240064882401 0.008228195282501372
2 0.767639902676399 0.818431157432803 0.009732360097323601 0.013165112452002194
2 0.6676804541768045 0.7823642347778387 0.017437145174371452 0.026604498080087767
2 0.712287104622871 0.7794843664289632 0.01824817518248175 0.02852441031267142
2 0.7566909975669099 0.7726275370268788 0.013787510137875101 0.021393307734503566
2 0.7777777777777778 0.7748217224355458 0.015409570154095702 0.02578167855183763
2 0.6666666666666666 0.752194185408667 0.009732360097323601 0.019473395501919913
2 0.6889699918896999 0.7510970927043336 0.008921330089213302 0.01782775644541964
2 0.7047850770478508 0.7509599561162918 0.0113544201135442 0.019199122325836534
2 0.7422952149229521 0.747805814591333 0.014193025141930252 0.02002194185408667
2 0.7579075425790754 0.7472572682391662 0.0113544201135442 0.018376302797586397
2 0.7520275750202757 0.6925397696105321 0.01013787510137875 0.015907844212835986
2 0.7804136253041363 0.6910312671420735 0.01013787510137875 0.016730663741086123
2 0.6768045417680454 0.6619583104772353 0.010543390105433901 0.01782775644541964
2 0.7043795620437956 0.6607240811848601 0.010543390105433901 0.018650575973669776
2 0.6542984590429846 0.6066922654964344 0.010948905109489052 0.015907844212835986
2 0.6532846715328468 0.44583104772353266 0.015409570154095702 0.029347229840921557
2 0.6601784266017843 0.5511519473395502 0.013787510137875101 0.01782775644541964
2 0.5813057583130575 0.6032638507953922 0.01662611516626115 0.02825013713658804
2 0.5948905109489051 0.5899616017553483 0.010543390105433901 0.016456390565002744
2 0.6088807785888077 0.5892759188151399 0.011759935117599351 0.016182117388919365
2 0.6226682887266829 0.5874931431705979 0.011759935117599351 0.01755348326933626
2 0.6364557988645579 0.5872188699945146 0.012570965125709651 0.019199122325836534
2 0.6512570965125709 0.5862589138782227 0.013787510137875101 0.018376302797586397
2 0.5977291159772912 0.6103949533735601 0.0113544201135442 0.015633571036752607
2 0.6263179237631792 0.6088864509051015 0.011759935117599351 0.017004936917169502
2 0.5894160583941606 0.6586670323642347 0.015004055150040552 0.02605595172792101
2 0.6271289537712895 0.6629182665935272 0.04663422546634226 0.012068019747668678
2 0.6618004866180048 0.6627811300054854 0.0113544201135442 0.01782775644541964
2 0.6403081914030819 0.7184585847504114 0.055150040551500405 0.013987931980252331
2 0.6186131386861314 0.756171146461876 0.010948905109489052 0.019747668678003292
2 0.6362530413625304 0.7565825562260011 0.012976480129764802 0.018924849149753155
2 0.6421330089213301 0.7801700493691717 0.01013787510137875 0.02002194185408667
2 0.5373073803730738 0.7862040592430061 0.010543390105433901 0.014536478332419089
2 0.6259124087591241 0.785792649478881 0.015815085158150853 0.029621503017004936
2 0.5421735604217356 0.8283049917718047 0.008110300081103 0.010422380691168404
2 0.7019464720194647 0.6402907295666483 0.012976480129764802 0.019473395501919913
2 0.7163422546634225 0.6397421832144816 0.012570965125709651 0.019473395501919913
2 0.7435117599351176 0.6363137685134393 0.010948905109489052 0.017004936917169502
2 0.6830900243309003 0.3754799780581459 0.019059205190592052 0.02578167855183763
2 0.7110705596107056 0.4735326385079539 0.014193025141930252 0.02057048820625343
2 0.7289132197891321 0.4736697750959956 0.015815085158150853 0.024684585847504114
2 0.7459448499594485 0.4728469555677455 0.01662611516626115 0.023587493143170598
2 0.7591240875912408 0.46791003839824463 0.009732360097323601 0.01151947339550192
2 0.6719383617193836 0.44679100383982445 0.016220600162206 0.025233132199670872
2 0.6905920519059205 0.44459681843115745 0.016220600162206 0.027427317608337904
2 0.7078264395782644 0.4447339550191991 0.015004055150040552 0.02331321996708722
2 0.7240470397404704 0.44226549643444873 0.01662611516626115 0.026604498080087767
2 0.7431062449310625 0.44034558420186504 0.015004055150040552 0.02825013713658804
2 0.6656528791565288 0.3757542512342293 0.015815085158150853 0.02303894679100384
2 0.6611922141119222 0.3483269336258914 0.012570965125709651 0.02029621503017005
2 0.6766017842660178 0.4765496434448711 0.015815085158150853 0.02057048820625343
2 0.6956609894566099 0.34846407021393305 0.011759935117599351 0.015085024684585847
2 0.7007299270072993 0.37767416346681293 0.0170316301703163 0.030718595721338452
2 0.7171532846715328 0.3735600658255623 0.01662611516626115 0.025233132199670872
2 0.7358069748580698 0.3747942951179375 0.01338199513381995 0.029895776193088315
2 0.6952554744525548 0.4780581459133297 0.02068126520681265 0.02852441031267142
2 0.758110300081103 0.5175534832693363 0.01338199513381995 0.024136039495337356
2 0.7718978102189781 0.6354909489851892 0.011759935117599351 0.018102029621503018
2 0.7522303325223033 0.600246845858475 0.012165450121654502 0.015085024684585847
2 0.7187753446877534 0.6596269884805266 0.011759935117599351 0.018650575973669776
2 0.7471613949716139 0.6582556226001097 0.014193025141930252 0.018650575973669776
2 0.7597323600973236 0.6556500274273176 0.01013787510137875 0.012342292923752057
2 0.7755474452554745 0.656335710367526 0.011759935117599351 0.01755348326933626
2 0.666058394160584 0.5872188699945146 0.012570965125709651 0.018102029621503018
2 0.6796431467964315 0.5851618211738892 0.009732360097323601 0.016730663741086123
2 0.6940389294403893 0.5835161821173889 0.01013787510137875 0.016730663741086123
2 0.7220194647201946 0.5836533187054306 0.014193025141930252 0.017004936917169502
2 0.7502027575020276 0.5809105869445969 0.008921330089213302 0.014810751508502468
2 0.7639902676399026 0.5789906747120132 0.0113544201135442 0.01755348326933626
2 0.6684914841849149 0.6066922654964344 0.014193025141930252 0.018650575973669776
2 0.7416869424168694 0.5233132199670872 0.012976480129764802 0.02029621503017005
2 0.6826845093268451 0.6046352166758091 0.01338199513381995 0.018376302797586397
2 0.6966747769667477 0.606006582556226 0.012976480129764802 0.018924849149753155
2 0.6745742092457421 0.5504662643993418 0.010948905109489052 0.015907844212835986
2 0.689375506893755 0.5501919912232583 0.010543390105433901 0.018102029621503018
2 0.7169505271695052 0.5473121228743829 0.0113544201135442 0.01727921009325288
2 0.7303325223033252 0.5453922106417992 0.012165450121654502 0.015085024684585847
2 0.759529602595296 0.5463521667580911 0.013787510137875101 0.019747668678003292
2 0.6914030819140308 0.5230389467910038 0.013787510137875101 0.021941854086670324
2 0.7086374695863747 0.5257816785518377 0.014193025141930252 0.019747668678003292
2 0.725669099756691 0.5222161272627537 0.01338199513381995 0.020844761382336808
0 0.43390105433901055 0.22476686780032912 0.013787510137875101 0.012342292923752057