2 0.8174354964816263 0.3746681835419037 0.004691164972634871 0.005309063329541145
2 0.8141125879593433 0.369548729616989 0.006645817044566067 0.004171406901782328
2 0.7701329163408913 0.4283276450511945 0.00547302580140735 0.006446719757299962
2 0.8383502736512901 0.35305271141448613 0.003518373729476153 0.006067500948047023
2 0.84147771696638 0.3515358361774744 0.003518373729476153 0.006825938566552901
2 0.8446051602814699 0.3479332574895715 0.002736512900703675 0.004929844520288207
2 0.8475371383893667 0.34622677284793324 0.003127443315089914 0.006067500948047023
2 0.8506645817044566 0.3441410693970421 0.004691164972634871 0.005688282138794084
2 0.8537920250195465 0.3424345847554039 0.003127443315089914 0.006067500948047023
2 0.8569194683346364 0.3399696624952598 0.003909304143862392 0.00720515737580584
2 0.8629788897576232 0.33769434963974215 0.004300234558248631 0.00720515737580584
2 0.869233776387803 0.3348502085703451 0.0050820953870211105 0.006067500948047023
2 0.872556684910086 0.33314372392870684 0.004691164972634871 0.00720515737580584
2 0.8764659890539483 0.33143723928706864 0.004691164972634871 0.006067500948047023
2 0.883893666927287 0.3357982555934774 0.00547302580140735 0.006446719757299962
2 0.8866301798279906 0.3386423966628745 0.006254886630179828 0.006825938566552901
2 0.8885848318999218 0.34186575654152446 0.006254886630179828 0.006446719757299962
2 0.8948397185301017 0.34945013272658326 0.007818608287724784 0.006446719757299962
2 0.8973807662236122 0.3521046643913538 0.008209538702111024 0.00720515737580584
2 0.7642689601250977 0.43211983314372393 0.006254886630179828 0.00720515737580584
2 0.7625097732603596 0.3902161547212742 0.006645817044566067 0.006825938566552901
2 0.7974980453479281 0.3632916192643155 0.007818608287724784 0.006067500948047023
2 0.8344409695074276 0.33940083428138035 0.005863956215793589 0.005309063329541145
2 0.8146989835809226 0.37239287068638605 0.008600469116497263 0.006067500948047023
0 0.5721266614542612 0.5663632916192644 0.03792025019546521 0.03678422449753508
0 0.6018373729476153 0.5384907091391733 0.037138389366692726 0.03640500568828214
0 0.6342845973416732 0.5109973454683352 0.040265832681782646 0.03905953735305271
0 0.6622361219702892 0.48179749715585896 0.03440187646598905 0.03450891164201744
0 0.6950742767787333 0.4525976488433826 0.04143862392494136 0.03981797497155859
0 0.8500781860828772 0.3285930982176716 0.023846755277560593 0.02161547212741752
0 0.8295543393275997 0.33560864618885095 0.0109460516028147 0.0075843761850587785
0 0.7341673182173573 0.4298445202882063 0.010164190774042221 0.010997345468335229
0 0.7214620797498046 0.4180887372013652 0.011336982017200938 0.011755783086841108
0 0.34108678655199376 0.5934774364808495 0.008209538702111024 0.013651877133105802
0 0.38174354964816265 0.5180128934395146 0.027756059421422986 0.04247250663632916
2 0.3749022673964034 0.7834660599165718 0.0109460516028147 0.012135001896094046
2 0.46950742767787335 0.39742131209708004 0.08913213448006255 0.12741751990898748
2 0.7470680218921032 0.07072430792567311 0.04691164972634871 0.12779673871824043
2 0.7836200156372166 0.3124762988244217 0.01055512118842846 0.008342813803564657
0 0.8043393275996873 0.3522942737959803 0.011336982017200938 0.009101251422070534
0 0.7617279124315872 0.3822525597269625 0.011336982017200938 0.012135001896094046
0 0.7318217357310399 0.4072810011376564 0.0109460516028147 0.01061812665908229
2 0.6413213448006255 0.5098596890405764 0.007427677873338546 0.007963594994311717
2 0.6204065676309617 0.5070155479711794 0.009382329945269743 0.009859689040576413
2 0.6321344800625489 0.5015168752370117 0.007036747458952306 0.006446719757299962
2 0.656763096168882 0.48483124762988244 0.006254886630179828 0.00720515737580584
2 0.6622361219702892 0.47421312097080015 0.007818608287724784 0.008722032612817596
2 0.6593041438623924 0.4888130451270383 0.008991399530883503 0.009101251422070534
2 0.661845191555903 0.4926052332195677 0.010164190774042221 0.011376564277588168
2 0.6663408913213448 0.4943117178612059 0.007427677873338546 0.00720515737580584
2 0.6653635652853792 0.47686765263557074 0.008600469116497263 0.009480470231323474
2 0.6714229867083659 0.4825559347743648 0.008991399530883503 0.009480470231323474
2 0.6810007818608288 0.4416003033750474 0.012509773260359656 0.012514220705346985
2 0.6950742767787333 0.4417899127796739 0.011727912431587178 0.012135001896094046
2 0.6839327599687256 0.45316647705726204 0.011336982017200938 0.011376564277588168
2 0.6987881157154027 0.4453924914675768 0.01055512118842846 0.010997345468335229
2 0.7013291634089132 0.4499431171786121 0.009382329945269743 0.009480470231323474
2 0.6950742767787333 0.462836556693212 0.007818608287724784 0.007963594994311717
2 0.7302580140734949 0.40405764125900645 0.014073494917904612 0.01478953356086462
2 0.7384675527756059 0.4124004550625711 0.012509773260359656 0.012514220705346985
2 0.7412040656763096 0.4178991277967387 0.007818608287724784 0.008342813803564657
2 0.7238076622361219 0.42093287827076226 0.012118842845973418 0.012893439514599925
2 0.7281078967943706 0.4230185817216534 0.008991399530883503 0.008722032612817596
2 0.7306489444878812 0.42662116040955633 0.007818608287724784 0.006825938566552901
2 0.6464034401876466 0.5159271899886234 0.006645817044566067 0.006446719757299962
2 0.6346755277560594 0.5037921880925293 0.007427677873338546 0.00720515737580584
2 0.6387802971071149 0.5248388320060675 0.006254886630179828 0.006825938566552901
2 0.6041829554339327 0.5320439893818734 0.007427677873338546 0.006825938566552901
2 0.5584440969507428 0.5618126659082291 0.007427677873338546 0.00720515737580584
2 0.5867865519937451 0.5707243079256731 0.010164190774042221 0.009859689040576413
2 0.593236903831118 0.5373530527114145 0.008209538702111024 0.008342813803564657
2 0.5646989835809226 0.5684489950701554 0.008209538702111024 0.009101251422070534
2 0.6088741204065676 0.5358361774744027 0.008209538702111024 0.0075843761850587785
2 0.5744722439405786 0.5771710276829731 0.006645817044566067 0.006825938566552901
2 0.5826817826426895 0.5690178232840349 0.008209538702111024 0.007963594994311717
2 0.9055903049257232 0.3359878649981039 0.007427677873338546 0.0037921880925293893
2 0.8926896012509773 0.36120591581342437 0.008209538702111024 0.007963594994311717
2 0.8842845973416732 0.3428138035646568 0.00547302580140735 0.006067500948047023
2 0.8197810789679437 0.366325369738339 0.006254886630179828 0.004550625711035267
2 0.8266223612197029 0.3689799014031096 0.005863956215793589 0.005309063329541145
2 0.5774042220484754 0.5790671217292378 0.004691164972634871 0.006067500948047023
2 0.5975371383893667 0.5255972696245734 0.006645817044566067 0.006825938566552901
2 0.6018373729476153 0.5426621160409556 0.005863956215793589 0.005309063329541145
2 0.6237294761532447 0.5091012514220705 0.007427677873338546 0.006446719757299962
2 0.6270523846755277 0.5130830489192264 0.010164190774042221 0.009101251422070534
2 0.6542220484753714 0.48217671596511186 0.006645817044566067 0.00720515737580584
2 0.5629397967161845 0.5650360257868791 0.008600469116497263 0.008342813803564657
