2 0.810655090765588 0.5702755357639855 0.052565114443567484 0.064013359309769
0 0.25943172849250196 0.22028945171166156 0.1984214680347277 0.09435012524352908
0 0.3041831097079716 0.1276092401892569 0.09439621152328334 0.043696075702755355
0 0.791791633780584 0.7948789312552185 0.006945540647198106 0.018369050932368493
0 0.803078137332281 0.784441970498191 0.007103393843725336 0.01809073197884776
0 0.8427782162588793 0.5300584469802394 0.046093133385951064 0.13164486501530753
0 0.3052880820836622 0.4551906484831617 0.1676400947119179 0.11661564152518787
0 0.2906077348066298 0.3259114945727804 0.1793212312549329 0.10631784024492068
0 0.33220205209155484 0.5747286390203172 0.1286503551696922 0.07792930698580573
0 0.1404893449092344 0.22376843863067075 0.005051302288871349 0.03729473977177846
0 0.22131018153117601 0.3575006957973838 0.004104183109707972 0.02922349011967715
0 0.20560378847671665 0.3618146395769552 0.0042620363062352016 0.03172836070136376
0 0.21894238358326756 0.32438074032841635 0.0037884767166535124 0.02866685221263568
0 0.20315706393054458 0.3275814082939048 0.004419889502762431 0.031171722794322294
0 0.16282557221783742 0.2637072084608962 0.0055248618784530384 0.04425271360979683
0 0.14348855564325178 0.2680211522404676 0.005367008681925809 0.044531032563317564
0 0.15966850828729282 0.2184803785137768 0.00489344909234412 0.036738101864736986
0 0.2346487766377269 0.3209017534094072 0.0042620363062352016 0.028945171166156414
0 0.22675611681136543 0.4927637072084609 0.004577742699289661 0.03868633453938213
0 0.23701657458563535 0.354160868355135 0.003946329913180742 0.02922349011967715
0 0.30047355958958166 0.3409407180629001 0.003946329913180742 0.028945171166156414
0 0.3640094711917916 0.3271639298636237 0.0037884767166535124 0.02866685221263568
0 0.3617995264404104 0.29446145282493735 0.004104183109707972 0.027275257445032005
0 0.3481452249408051 0.33078207625939327 0.0042620363062352016 0.02922349011967715
0 0.345698500394633 0.2980795992207069 0.004104183109707972 0.028388533259114945
0 0.33235990528808207 0.3341219037016421 0.0042620363062352016 0.02978012802671862
0 0.31625887924230467 0.337879209574172 0.003946329913180742 0.029501809073197886
0 0.32999210734017365 0.30086278875591427 0.003946329913180742 0.026718619537990537
0 0.2505919494869771 0.3182577233509602 0.004577742699289661 0.02922349011967715
0 0.3142857142857143 0.3046200946284442 0.0037884767166535124 0.02866685221263568
0 0.29826361483820046 0.30809908154745336 0.003946329913180742 0.028388533259114945
0 0.28476716653512235 0.3442805455051489 0.004104183109707972 0.028388533259114945
0 0.2823204419889503 0.31116059003618146 0.003946329913180742 0.027275257445032005
0 0.2686661404893449 0.34789869190091843 0.004104183109707972 0.029501809073197886
0 0.2665351223362273 0.3149178959087114 0.003946329913180742 0.02922349011967715
0 0.25288082083662194 0.351516838296688 0.004104183109707972 0.028945171166156414
2 0.26850828729281767 0.4394656276092402 0.007892659826361484 0.03729473977177846
2 0.3259668508287293 0.42986362371277487 0.007892659826361484 0.03423323128305038
2 0.3174427782162589 0.43181185638742 0.006945540647198106 0.03145004174784303
2 0.30915548539857934 0.4315335374338993 0.008997632202052092 0.03868633453938213
2 0.30031570639305444 0.4351516838296688 0.007419100236779795 0.03423323128305038
2 0.2941594317284925 0.4408572223768439 0.007103393843725336 0.026161981630949068
2 0.2850828729281768 0.43876983022543836 0.007261247040252565 0.033119955468967434
2 0.2760063141278611 0.4423879766212079 0.005840568271507498 0.02922349011967715
2 0.2868192580899763 0.4799610353465071 0.011681136543014996 0.0392429724464236
2 0.34112075769534334 0.4269412747008071 0.007261247040252565 0.03451155023657111
2 0.27387529597474347 0.48399666017255777 0.007892659826361484 0.036738101864736986
2 0.2648776637726914 0.486362371277484 0.009155485398579322 0.043139437795713886
2 0.2526440410418311 0.4846924575563596 0.006471981057616417 0.03423323128305038
2 0.21996842936069455 0.4913721124408572 0.012154696132596685 0.03868633453938213
2 0.23141278610891872 0.4919287503478987 0.009471191791633781 0.03979961035346507
2 0.2602999210734017 0.4462844419704982 0.006945540647198106 0.02866685221263568
2 0.2517758484609313 0.4465627609240189 0.007261247040252565 0.0320066796548845
2 0.3334648776637727 0.42777623156136935 0.0077348066298342545 0.03506818814361258
2 0.34917127071823206 0.42513220150292236 0.009155485398579322 0.03423323128305038
2 0.23606945540647198 0.45101586418035067 0.005840568271507498 0.024213748956303925
2 0.3768745067087608 0.45797383801836905 0.006471981057616417 0.025327024770386862
2 0.35335438042620365 0.5713888115780684 0.010260457774269928 0.038964653492902866
2 0.3745067087608524 0.5620651266351239 0.010260457774269928 0.04926245477317005
2 0.38310970797158644 0.5578903423323128 0.008208366219415944 0.04759254105204565
2 0.3818468823993686 0.4135819649318119 0.006314127861089187 0.028945171166156414
2 0.37419100236779795 0.4185917060951851 0.005840568271507498 0.028388533259114945
2 0.3655090765588003 0.4209574172001113 0.008681925808997633 0.03590314500417478
2 0.3834254143646409 0.4620094628444197 0.007892659826361484 0.028945171166156414
2 0.36906077348066296 0.46131366546061786 0.008524072612470403 0.034789869190091846
2 0.30323599052880823 0.4773170052880601 0.008524072612470403 0.0384080155858614
2 0.36195737963693764 0.4634010576120234 0.007892659826361484 0.036738101864736986
2 0.3528808208366219 0.4677150013915948 0.006471981057616417 0.0392429724464236
2 0.344672454617206 0.46701920400779295 0.009313338595106552 0.03618146395769552
2 0.33654301499605366 0.46785416086835513 0.006945540647198106 0.030615084887280822
2 0.3282557221783741 0.47119398831060394 0.008366219415943173 0.03562482605065405
2 0.3196527229676401 0.4707765098803228 0.008208366219415944 0.033119955468967434
2 0.31239147592738753 0.47286390203172834 0.007576953433307025 0.03339827442248817
2 0.24451460142067877 0.44809351516838297 0.007261247040252565 0.030615084887280822
2 0.20623520126282557 0.32605065404954076 0.006156274664561957 0.02866685221263568
2 0.32565114443567483 0.3010019482326746 0.006945540647198106 0.03145004174784303
2 0.31239147592738753 0.34066239910937934 0.007576953433307025 0.03172836070136376
2 0.3041831097079716 0.340523239632619 0.0066298342541436465 0.02978012802671862
2 0.30220994475138124 0.3072641246868912 0.006787687450670876 0.026718619537990537
2 0.31041831097079714 0.30642916782632895 0.00489344909234412 0.025048705816866128
2 0.3205998421468035 0.33843584748121347 0.006945540647198106 0.03339827442248817
2 0.32786108918705603 0.33704425271360977 0.007261247040252565 0.03339827442248817
2 0.31791633780584055 0.30211522404675756 0.006945540647198106 0.030336765933760088
2 0.33393843725335437 0.30044531032563315 0.006471981057616417 0.02699693849151127
2 0.28602999210734015 0.30879487893125523 0.006945540647198106 0.032563317561925965
2 0.3421468034727703 0.2982187586974673 0.006787687450670876 0.027553576398552743
2 0.3495659037095501 0.2994711939883106 0.005209155485398579 0.020595602560534373
2 0.35722178374112074 0.2952964096854996 0.006945540647198106 0.027831895352073477
2 0.3358326756116811 0.3355134984692458 0.005209155485398579 0.027553576398552743
2 0.344672454617206 0.33273030893403843 0.006471981057616417 0.026440300584469802
2 0.36764009471191794 0.32966880044531033 0.005682715074980268 0.026440300584469802
2 0.35201262825572216 0.3306429167826329 0.005998421468034728 0.030058446980239354
2 0.29471191791633783 0.3085165599777345 0.005998421468034728 0.026440300584469802
2 0.2783741120757695 0.3118563874199833 0.006156274664561957 0.024770386863345394
2 0.21515390686661404 0.3211800723629279 0.006314127861089187 0.03506818814361258
2 0.2567482241515391 0.3502644030058447 0.0055248618784530384 0.02978012802671862
2 0.20986582478295185 0.3620929585304759 0.006787687450670876 0.030615084887280822
2 0.2175217048145225 0.3605622042861119 0.007892659826361484 0.03089340384080156
2 0.225414364640884 0.3570832173671027 0.007576953433307025 0.029501809073197886
2 0.23267561168113654 0.35471750626217646 0.007576953433307025 0.02866685221263568
2 0.2235201262825572 0.3256331756192597 0.006314127861089187 0.02337879209574172
2 0.2307813733228098 0.32271082660729195 0.007261247040252565 0.02811021430559421
2 0.24885556432517758 0.3536042304480935 0.008366219415943173 0.03423323128305038
2 0.23906866614048936 0.32104091288616754 0.007103393843725336 0.027553576398552743
2 0.2698500394632991 0.31074311160590035 0.007103393843725336 0.034789869190091846
2 0.24601420678768746 0.3153353743389925 0.007419100236779795 0.03506818814361258
2 0.25398579321231257 0.3172836070136376 0.006314127861089187 0.028945171166156414
2 0.2628255722178374 0.31630949067631503 0.005682715074980268 0.024213748956303925
2 0.26471981057616417 0.3481770108544392 0.0066298342541436465 0.027275257445032005
2 0.27348066298342544 0.34831617033119955 0.006471981057616417 0.033119955468967434
2 0.2808997632202052 0.34622877817979403 0.007103393843725336 0.03172836070136376
2 0.29605367008681926 0.34274979126078486 0.0077348066298342545 0.03145004174784303
2 0.3420678768745067 0.5720846089618703 0.009155485398579322 0.03979961035346507
2 0.33164956590370953 0.5745894795435569 0.007576953433307025 0.04202616198163095
2 0.3208366219415943 0.5748677984970777 0.011207576953433307 0.046479265237962704
2 0.799368587213891 0.7834678541608684 0.009471191791633781 0.025048705816866128
2 0.7940015785319653 0.7913999443362093 0.008524072612470403 0.019760645699972167
2 0.7888713496448303 0.7968271639298636 0.0077348066298342545 0.021152240467575842
2 0.7641673243883189 0.7483996660172558 0.008524072612470403 0.022265516281658782
2 0.7527229676400947 0.81060395212914 0.003946329913180742 0.020873921514055108
2 0.7346487766377269 0.8089340384080156 0.007892659826361484 0.022543835235179516
2 0.7243093922651934 0.813247982187587 0.004577742699289661 0.02337879209574172
2 0.3112865035516969 0.5822432507653771 0.006314127861089187 0.03172836070136376
2 0.9157853196527229 0.4743946562760924 0.003946329913180742 0.009184525466184246
2 0.355327545382794 0.1360979682716393 0.004104183109707972 0.01168939604787086
2 0.7042620363062352 0.8172836070136377 0.00489344909234412 0.025883662677428334
2 0.6957379636937648 0.8197884775953242 0.006156274664561957 0.021987197328138045
2 0.68318863456985 0.822710826607292 0.006314127861089187 0.02337879209574172
2 0.5067087608524072 0.8679376565544114 0.005682715074980268 0.014750904536598943
2 0.5543804262036306 0.6956582243250765 0.009471191791633781 0.032563317561925965
2 0.5429360694554065 0.7060951850821041 0.0077348066298342545 0.0328416365154467
2 0.5277032359905288 0.7123573615363207 0.004735595895816891 0.035346507097133315
2 0.5176006314127861 0.697745616476482 0.004104183109707972 0.014472585583078207
2 0.49731649565903707 0.7156971889785695 0.0042620363062352016 0.023100473142220985
2 0.47868981846882397 0.7240467575841915 0.011523283346487766 0.034789869190091846
2 0.5366219415943173 0.8952129139994434 0.010576164167324388 0.008627887559142778
2 0.47695343330702444 0.8630670748677985 0.00489344909234412 0.02393543000278319
2 0.7258089976322021 0.7564709156693571 0.005051302288871349 0.0256053437239076
2 0.5370165745856353 0.8025327024770387 0.004419889502762431 0.024213748956303925
2 0.5216258879242305 0.806429167826329 0.007103393843725336 0.026440300584469802
2 0.5000789265982636 0.8075424436404119 0.006314127861089187 0.019760645699972167
2 0.4849250197316496 0.8154745338157529 0.005998421468034728 0.0256053437239076
2 0.4728492501973165 0.7989145560812692 0.007103393843725336 0.024213748956303925
2 0.5655880031570639 0.6906484831617034 0.008839779005524863 0.032563317561925965
2 0.27647987371744276 0.5858613971611467 0.008366219415943173 0.038964653492902866
2 0.5961325966850829 0.6728360701363763 0.006471981057616417 0.03701642081825773
2 0.5475927387529598 0.7955747286390203 0.008524072612470403 0.023100473142220985
2 0.5603788476716653 0.7900083495686057 0.005051302288871349 0.024770386863345394
2 0.572533543804262 0.7854160868355134 0.005051302288871349 0.02449206790982466
2 0.7159431728492502 0.7541052045644309 0.007419100236779795 0.025883662677428334
2 0.6850039463299131 0.7631505705538547 0.008997632202052092 0.026718619537990537
2 0.7302288871349645 0.6527971054828834 0.008839779005524863 0.03089340384080156
2 0.6742699289660615 0.8206234344558865 0.0036306235201262827 0.015307542443640411
2 0.6384372533543804 0.8392708043417757 0.004577742699289661 0.01642081825772335
2 0.630939226519337 0.8318953520734762 0.005051302288871349 0.022265516281658782
2 0.6204419889502762 0.834817701085444 0.006156274664561957 0.022543835235179516
2 0.6277821625887924 0.7706651822989146 0.005367008681925809 0.026161981630949068
2 0.6118389897395422 0.7797105482883384 0.005998421468034728 0.02922349011967715
2 0.6272296764009471 0.6639298636237128 0.006471981057616417 0.03145004174784303
2 0.5921073401736385 0.8382966880044531 0.004735595895816891 0.018925688839409965
2 0.57663772691397 0.8437239075981074 0.004419889502762431 0.01864736988588923
2 0.569060773480663 0.8433064291678263 0.006314127861089187 0.0256053437239076
2 0.547119179163378 0.8517951572502087 0.005998421468034728 0.022543835235179516
2 0.5833464877663773 0.7856944057890343 0.0077348066298342545 0.0256053437239076
2 0.36053670086819256 0.331060395212914 0.008208366219415944 0.033119955468967434
2 0.3741120757695343 0.3281380462009463 0.007576953433307025 0.026718619537990537
2 0.3654301499605367 0.2923740606735319 0.005682715074980268 0.022543835235179516
2 0.3723756906077348 0.2904258279988867 0.005682715074980268 0.023657111049262453
2 0.26045777426992894 0.20317283607013636 0.0066298342541436465 0.026161981630949068
2 0.2906077348066298 0.23003061508488729 0.005367008681925809 0.01753409407180629
2 0.28374112075769536 0.23003061508488729 0.00489344909234412 0.020873921514055108
2 0.2761641673243883 0.2315613693292513 0.005840568271507498 0.02449206790982466
2 0.2697711128650355 0.23476203729473977 0.006945540647198106 0.02922349011967715
2 0.2622730860299921 0.23559699415530197 0.006156274664561957 0.026440300584469802
2 0.27411207576953434 0.2009462844419705 0.005840568271507498 0.026718619537990537
2 0.26795580110497236 0.20247703868633454 0.006471981057616417 0.024770386863345394
2 0.2559589581689029 0.23712774839966602 0.005209155485398579 0.02170887837461731
2 0.30441988950276244 0.22585583078207627 0.005209155485398579 0.025883662677428334
2 0.2483820047355959 0.2383801836905093 0.0042620363062352016 0.021430559421096576
2 0.25224940805051305 0.20498190926802115 0.005682715074980268 0.026440300584469802
2 0.22241515390686661 0.20539938769830227 0.008524072612470403 0.0384080155858614
2 0.24143646408839778 0.23921514055107151 0.0055248618784530384 0.026440300584469802
2 0.23496448303078138 0.24032841636515448 0.005209155485398579 0.025883662677428334
2 0.2339384372533544 0.20553854717506262 0.007261247040252565 0.03089340384080156
2 0.21349644830307812 0.2111049262454773 0.009313338595106552 0.0320066796548845
2 0.296921862667719 0.22836070136376288 0.006314127861089187 0.021987197328138045
2 0.31176006314127863 0.22349011967715002 0.005682715074980268 0.02449206790982466
2 0.33733228097868984 0.18786529362649595 0.005682715074980268 0.02337879209574172
2 0.3457774269928966 0.2162538268856109 0.006156274664561957 0.02337879209574172
2 0.3526440410418311 0.21360979682716394 0.005998421468034728 0.023100473142220985
2 0.3669297553275454 0.21319231839688282 0.00489344909234412 0.02170887837461731
2 0.35990528808208366 0.21597550793209017 0.005051302288871349 0.0200389646534929
2 0.3573007103393844 0.17993320345115502 0.0042620363062352016 0.022543835235179516
2 0.3511444356748224 0.1868911772891734 0.004577742699289661 0.01697745616476482
2 0.3430939226519337 0.1877261341497356 0.00489344909234412 0.022543835235179516
2 0.33859510655090763 0.219315335374339 0.006314127861089187 0.027275257445032005
2 0.28121546961325966 0.19913721124408573 0.006156274664561957 0.02699693849151127
2 0.33235990528808207 0.22001113275814083 0.0055248618784530384 0.021987197328138045
2 0.3304656669297553 0.19162259949902588 0.0042620363062352016 0.02031728360701364
2 0.32328334648776635 0.1910659615919844 0.005682715074980268 0.025327024770386862
2 0.3180741910023678 0.22112440857222376 0.006314127861089187 0.022543835235179516
2 0.30899763220205206 0.19510158641803507 0.005840568271507498 0.02393543000278319
2 0.2952644041041831 0.19774561647648206 0.006471981057616417 0.024213748956303925
2 0.2890292028413575 0.19760645699972168 0.006314127861089187 0.027275257445032005
2 0.22794001578531967 0.24408572223768438 0.007261247040252565 0.030058446980239354
2 0.22091554853985793 0.2436682438074033 0.00489344909234412 0.025883662677428334
2 0.2133385951065509 0.2453381575285277 0.0055248618784530384 0.022543835235179516
2 0.2678768745067088 0.1399944336209296 0.005051302288871349 0.022265516281658782
2 0.31452249408050514 0.1292791539103813 0.0055248618784530384 0.024213748956303925
2 0.3074191002367798 0.1292791539103813 0.005209155485398579 0.021987197328138045
2 0.30126282557221784 0.13108822710826606 0.004577742699289661 0.02393543000278319
2 0.2947908445146014 0.13289730030615085 0.005209155485398579 0.022543835235179516
2 0.2883977900552486 0.13359309768995267 0.005367008681925809 0.022265516281658782
2 0.2815311760063141 0.13623712774839966 0.0055248618784530384 0.021430559421096576
2 0.2749802683504341 0.13623712774839966 0.005051302288871349 0.024213748956303925
2 0.261878453038674 0.13915947676036738 0.004104183109707972 0.021152240467575842
2 0.20702446724546172 0.24631227386585025 0.00489344909234412 0.020595602560534373
2 0.25603788476716655 0.13957695519064847 0.004104183109707972 0.014750904536598943
2 0.32067876874506707 0.128026718619538 0.006156274664561957 0.02449206790982466
2 0.32762430939226517 0.12399109379348734 0.004577742699289661 0.01864736988588923
2 0.33322809786898183 0.12468689117728918 0.005998421468034728 0.022265516281658782
2 0.3400157853196527 0.12092958530475925 0.004735595895816891 0.019760645699972167
2 0.20015785319652724 0.24672975229613137 0.005682715074980268 0.023100473142220985
2 0.19392265193370165 0.2495129418313387 0.006471981057616417 0.02811021430559421
2 0.17940015785319652 0.25271360979682717 0.0055248618784530384 0.02449206790982466
2 0.16598263614838202 0.2550793209017534 0.005209155485398579 0.021430559421096576
2 0.14885556432517758 0.26927358753131087 0.010102604577742699 0.04703590314500417
2 0.1574585635359116 0.26523796270526023 0.008997632202052092 0.03618146395769552
2 0.13654301499605367 0.2605065404954077 0.011365430149960536 0.050097411633732256
2 0.19463299131807418 0.2133314778736432 0.005998421468034728 0.033119955468967434
2 0.17442778216258878 0.21639298636237128 0.0066298342541436465 0.034789869190091846
2 0.16424625098658246 0.21736710269969384 0.006471981057616417 0.03618146395769552
2 0.1547750591949487 0.2179237406067353 0.009313338595106552 0.04119120512106875
2 0.1453038674033149 0.22084608961870303 0.008366219415943173 0.034789869190091846
2 0.32478295185477507 0.2222376843863067 0.006471981057616417 0.022543835235179516
2 0.3165745856353591 0.19064848316170332 0.008366219415943173 0.030615084887280822
2 0.3465666929755328 0.12218202059560256 0.004577742699289661 0.016142499304202616
