1 0.764934057408844 0.36797354747283895 0.038789759503491075 0.023145961265942372
1 0.8083785880527541 0.6241143127066604 0.03801396431342126 0.017241379310344827
1 0.7406904577191621 0.4403637222484648 0.07641582622187743 0.041332073689182805
1 0.741466252909232 0.6867028814359943 0.04693560899922421 0.025271610769957487
1 0.6689294026377036 0.3354983467170524 0.02909231962761831 0.013934813415210204
1 0.6378975950349108 0.33384506376948514 0.03064391000775795 0.014407179971658007
1 0.6053141970519783 0.3333726972130373 0.028316524437548486 0.013934813415210204
1 0.660977501939488 0.18788379782711384 0.037238169123351435 0.021965044874822863
1 0.6557408844065167 0.13804912612187056 0.04460822342901474 0.02574397732640529
1 0.5391776570985259 0.14407179971658007 0.04189294026377036 0.02456306093528578
1 0.5463537626066718 0.23358526216343883 0.0360744763382467 0.01889466225791214
