1 0.07322673924136758 0.6064687852879497 0.010716108181663549 0.007259235360542023
1 0.4835005953393434 0.5333924826584933 0.017179792481714577 0.01693821584126472
1 0.5058683449566252 0.620906597838361 0.012587174689573056 0.01226004194224875
1 0.4839258377275047 0.6151798677206001 0.010205817315870046 0.009517664139377319
1 0.4789930260248342 0.22245523471527665 0.005102908657935023 0.004516857557670592
1 0.2940125871746896 0.3454589449911276 0.005273005613199524 0.005323439264397483
1 0.29954073822078586 0.34658815938054527 0.006463684300051029 0.00564607194708824
1 0.27555706752849124 0.35086304242619776 0.00442252083687702 0.004194224874979836
1 0.2878040483075353 0.33013389256331666 0.005102908657935023 0.00467817389901597
1 0.273430855587685 0.4072431037264075 0.003912229971083518 0.0037102758509437008
1 0.277513182514033 0.40079045007259234 0.004592617792141521 0.004355541216325214
1 0.2742813403640075 0.39764478141635745 0.004592617792141521 0.004516857557670592
1 0.2920564721891478 0.40087110824326505 0.004082326926348018 0.004516857557670592
1 0.2797244429324715 0.39232134215196 0.004592617792141521 0.004194224874979836
1 0.27623745534954924 0.38901435715437976 0.004082326926348018 0.0037102758509437008
1 0.28831433917332877 0.3886110663010163 0.00442252083687702 0.004194224874979836
1 0.3152747065827522 0.38159380545249233 0.0032318421500255145 0.004032908533634457
1 0.280915121619323 0.3833682852072915 0.004932811702670522 0.004355541216325214
1 0.28720870896410955 0.37707694789482177 0.004592617792141521 0.004355541216325214
1 0.2743663888416397 0.7926278432005162 0.006123490389522027 0.00564607194708824
1 0.27198503146793673 0.348201322793999 0.00442252083687702 0.004355541216325214
1 0.2682428984521177 0.34521697047910954 0.004762714747406021 0.004516857557670592
1 0.2692634801837047 0.40393611872882723 0.00442252083687702 0.004194224874979836
1 0.26628678346657597 0.40143571543797385 0.003572036060554516 0.003387643168252944
1 0.2622895050178602 0.3966768833682852 0.005443102568464024 0.005162122923052105
1 0.2670522197652662 0.39119212776254236 0.004762714747406021 0.004516857557670592
1 0.2707943527810852 0.37546378448136797 0.007824459942167036 0.00758186804323278
1 0.2629698928389182 0.36651072753669944 0.003742133015819017 0.0035489595095983223
1 0.21474740602143222 0.389982255202452 0.004932811702670522 0.005000806581706727
1 0.4709984691274026 0.5727536699467656 0.018030277258037082 0.01790611388933699
1 0.5234733798265011 0.635183094047427 0.013777853376424561 0.013389256331666398
1 0.5309576458581391 0.6618809485400872 0.013777853376424561 0.013550572673011777
1 0.5656574247320973 0.6923697370543636 0.006293587344786528 0.006775286336505888
1 0.8019220955944889 0.2777867397967414 0.018200374213301583 0.019035328278754638
1 0.6786018030277258 0.5191966446201001 0.018200374213301583 0.01693821584126472
1 0.6302092192549753 0.3969188578803033 0.014628338152747066 0.014357154379738668
1 0.6177070930430345 0.3868365865462171 0.013777853376424561 0.012905307307630263
1 0.5954243919033849 0.4064365220196806 0.006973975165844531 0.0069366026778512665
1 0.6081816635482225 0.5248427165671883 0.02432386460282361 0.023068236812389096
1 0.1556387140670182 0.6231650266171963 0.010205817315870046 0.01032424584610421