2 0.04039463886820551 0.8067833698030634 0.010796723752792257 0.045951859956236324
2 0.06533879374534624 0.976148796498906 0.006329113924050633 0.020568927789934355
2 0.06105733432613552 0.9763676148796498 0.005956813104988831 0.01925601750547046
2 0.20439314966492927 0.020787746170678335 0.008935219657483246 0.03457330415754924
2 0.24106478034251674 0.1899343544857768 0.012285927029039464 0.04201312910284464
2 0.3069620253164557 0.7665207877461707 0.02122114668652271 0.04945295404814004
2 0.2302680565897245 0.8787746170678337 0.00781831720029784 0.01312910284463895
2 0.46965748324646317 0.12954048140043764 0.007073715562174236 0.0350109409190372
2 0.4759865971705138 0.13457330415754923 0.007073715562174236 0.04682713347921225
2 0.483060312732688 0.13851203501094092 0.008562918838421444 0.045951859956236324
2 0.49032017870439315 0.14332603938730853 0.006701414743112435 0.037199124726477024
2 0.496276991809382 0.14638949671772428 0.0052122114668652275 0.028446389496717725
2 0.4564408041697692 0.19299781181619255 0.00967982129560685 0.03588621444201313
2 0.47486969471332835 0.19584245076586435 0.006329113924050633 0.024070021881838075
2 0.481198808637379 0.22669584245076588 0.006329113924050633 0.02538293216630197
2 0.47710349962769916 0.22713347921225382 0.004839910647803425 0.02188183807439825
2 0.47356664184661207 0.22713347921225382 0.004467609828741623 0.02188183807439825
2 0.4791511541325391 0.38424507658643325 0.00967982129560685 0.03326039387308534
2 0.4854802680565897 0.38424507658643325 0.008190618019359643 0.02888402625820569
2 0.486783320923306 0.6323851203501094 0.019731943410275503 0.09190371991247265
2 0.49683544303797467 0.6347921225382932 0.017498138495904692 0.07833698030634573
2 0.4465748324646314 0.3164113785557987 0.036857781087118395 0.15229759299781181
2 0.5048399106478034 0.7240700218818381 0.021593447505584513 0.06258205689277899
2 0.49497393894266567 0.724945295404814 0.013775130305286671 0.045076586433260395
2 0.5063291139240507 0.8087527352297593 0.016381236038719285 0.04113785557986871
2 0.5156366344005957 0.8024070021881838 0.02531645569620253 0.052078774617067836
2 0.5249441548771407 0.8711159737417943 0.02531645569620253 0.05645514223194748
2 0.5340655249441548 0.8680525164113786 0.02494415487714073 0.05908096280087528
2 0.07985852568875651 0.9041575492341357 0.007073715562174236 0.02538293216630197
2 0.1924795234549516 0.9608315098468271 0.01563663440059568 0.038074398249452954
2 0.5621742367833209 0.975492341356674 0.014892032762472078 0.03588621444201313
2 0.18652271034996276 0.9652078774617068 0.01340282948622487 0.03457330415754924
2 0.14501116902457187 0.07964989059080962 0.013775130305286671 0.09890590809628008
2 0.15655249441548771 0.07986870897155361 0.01526433358153388 0.09846827133479212
2 0.13011913626209978 0.18490153172866522 0.017498138495904692 0.0949671772428884
2 0.14184661206254653 0.18577680525164114 0.018615040953090096 0.09584245076586433
2 0.154132539091586 0.18599562363238512 0.02308265078183172 0.09452954048140044
2 0.12676842889054357 0.2846827133479212 0.01526433358153388 0.09671772428884026
2 0.13924050632911392 0.2857768052516411 0.01712583767684289 0.09803063457330416
2 0.1528294862248697 0.28774617067833697 0.019731943410275503 0.0975929978118162
2 0.12509307520476545 0.3925601750547046 0.01712583767684289 0.09890590809628008
2 0.1368205510052122 0.3927789934354486 0.017498138495904692 0.09584245076586433
2 0.14929262844378258 0.39474835886214443 0.022338049143708117 0.09452954048140044
2 0.14426656738644825 0.7196936542669584 0.02122114668652271 0.060831509846827135
2 0.1526433358153388 0.7172866520787746 0.01563663440059568 0.04989059080962801
2 0.15990320178704392 0.7172866520787746 0.014519731943410276 0.04814004376367615
2 0.16716306775874906 0.7135667396061269 0.016381236038719285 0.05733041575492341
2 0.1757259865971705 0.7153172866520787 0.012658227848101266 0.045951859956236324
2 0.18335815338793746 0.7146608315098468 0.013775130305286671 0.04989059080962801
2 0.1915487714072971 0.7137855579868709 0.013030528667163067 0.04463894967177243
2 0.16008935219657483 0.7897155361050329 0.016381236038719285 0.051203501094091906
2 0.16865227103499628 0.787746170678337 0.01340282948622487 0.04201312910284464
2 0.16958302308265077 0.8571115973741794 0.013775130305286671 0.045076586433260395
2 0.17833209233060313 0.8568927789934354 0.017870439314966492 0.061269146608315096
2 0.18689501116902457 0.8531728665207877 0.01340282948622487 0.045076586433260395
2 0.1948994787788533 0.8516411378555798 0.013030528667163067 0.04201312910284464
2 0.20197319434102756 0.849890590809628 0.013030528667163067 0.04201312910284464
2 0.20848845867460908 0.8448577680525164 0.014147431124348473 0.04682713347921225
2 0.21500372300819062 0.8413566739606126 0.01154132539091586 0.03894967177242888
2 0.5482129560685034 0.912472647702407 0.013775130305286671 0.03413566739606127
2 0.552494415487714 0.9770240700218819 0.01712583767684289 0.03282275711159737
2 0.1327252419955324 0.07833698030634573 0.01526433358153388 0.09890590809628008