0 0.6913615560640732 0.26188707280832096 0.16189931350114417 0.3662704309063893
2 0.409324942791762 0.4684249628528975 0.02345537757437071 0.03194650817236255
2 0.5060068649885584 0.3558692421991085 0.02688787185354691 0.022288261515601784
2 0.5288901601830663 0.38558692421991086 0.05091533180778032 0.03566121842496285
2 0.47683066361556065 0.3844725111441308 0.01887871853546911 0.017087667161961365
2 0.4593821510297483 0.3952451708766716 0.014874141876430207 0.020802377414561663
2 0.5526315789473685 0.5178306092124815 0.038901601830663615 0.05349182763744428
2 0.5211670480549199 0.524517087667162 0.04462242562929062 0.05794947994056464
2 0.5054347826086957 0.5100297176820208 0.039473684210526314 0.05423476968796434
2 0.4954233409610984 0.49294205052005946 0.043478260869565216 0.057206537890044575
2 0.48426773455377575 0.47919762258543835 0.04290617848970252 0.05943536404160475
2 0.46996567505720827 0.46173848439821696 0.04748283752860412 0.06463595839524518
2 0.4925629290617849 0.5664933135215453 0.018306636155606407 0.02600297176820208
2 0.47168192219679633 0.5709509658246656 0.044050343249427915 0.06315007429420505
2 0.46195652173913043 0.5549777117384844 0.044050343249427915 0.06092124814264487
2 0.43363844393592677 0.5141158989598811 0.03546910755148741 0.04903417533432392
2 0.42391304347826086 0.5 0.03546910755148741 0.04903417533432392
2 0.5125858123569794 0.34323922734026746 0.021739130434782608 0.01634472511144131
2 0.5134439359267735 0.3298662704309064 0.02459954233409611 0.020802377414561663
2 0.517162471395881 0.31723625557206536 0.02402745995423341 0.019316493313521546
2 0.5283180778032036 0.28046062407132244 0.02116704805491991 0.018573551263001486
2 0.5377574370709383 0.21285289747399702 0.032036613272311214 0.02451708766716196
2 0.5383295194508009 0.22734026745913818 0.02288329519450801 0.020802377414561663
2 0.5732265446224256 0.23885586924219912 0.03775743707093822 0.02897473997028232
2 0.5660755148741419 0.25334323922734026 0.031464530892448515 0.0237741456166419
2 0.5314645308924485 0.25037147102526003 0.029748283752860413 0.02823179791976226
2 0.5603546910755148 0.26968796433878156 0.02574370709382151 0.020802377414561663
2 0.5569221967963387 0.28603268945022287 0.031464530892448515 0.02526002971768202
2 0.5434782608695652 0.37035661218424965 0.03775743707093822 0.030460624071322436
2 0.523741418764302 0.2919762258543834 0.02459954233409611 0.020802377414561663
2 0.5537757437070938 0.30237741456166417 0.02517162471395881 0.022288261515601784
2 0.5503432494279176 0.31835066864784545 0.029748283752860413 0.02600297176820208
2 0.5214530892448512 0.3060921248142645 0.02345537757437071 0.020802377414561663
2 0.5489130434782609 0.3361812778603269 0.033752860411899316 0.0274888558692422
2 0.5454805491990846 0.3525260029717682 0.033752860411899316 0.0274888558692422
2 0.41104118993135014 0.4933135215453195 0.031464530892448515 0.04309063893016345
2 0.38958810068649885 0.4702823179791976 0.043478260869565216 0.06092124814264487
0 0.562929061784897 0.22919762258543833 0.14759725400457666 0.33803863298662706
2 0.3812929061784897 0.44947994056463597 0.03489702517162471 0.05052005943536404
2 0.28861556064073224 0.4962852897473997 0.039473684210526314 0.0549777117384844
2 0.27431350114416475 0.4847696879643388 0.033752860411899316 0.048291233283803865
2 0.2866132723112128 0.7083952451708767 0.012585812356979404 0.015601783060921248
2 0.3049199084668192 0.5898959881129272 0.02631578947368421 0.04011887072808321
2 0.2954805491990847 0.5780089153046062 0.02574370709382151 0.04011887072808321
2 0.2877574370709382 0.5668647845468053 0.02402745995423341 0.03566121842496285
2 0.27660183066361554 0.5572065378900446 0.02459954233409611 0.03863298662704309
2 0.26687643020594964 0.5482912332838039 0.02574370709382151 0.03863298662704309
2 0.2585812356979405 0.5356612184249628 0.020594965675057208 0.02674591381872214
2 0.2482837528604119 0.5300891530460624 0.018306636155606407 0.023031203566121844
2 0.31779176201373 0.7429420505200595 0.04633867276887872 0.06240713224368499
2 0.3123569794050343 0.7169390787518574 0.04004576659038902 0.0549777117384844
2 0.20909610983981694 0.6712481426448736 0.013157894736842105 0.018573551263001486
2 0.20623569794050342 0.662332838038633 0.013157894736842105 0.015601783060921248
2 0.25886727688787187 0.6701337295690936 0.02459954233409611 0.03566121842496285
2 0.29691075514874143 0.5107726597325408 0.032036613272311214 0.046805349182763745
2 0.3114988558352403 0.5189450222882616 0.04061784897025172 0.05572065378900446
2 0.3189359267734554 0.537147102526003 0.02917620137299771 0.041604754829123326
2 0.3618421052631579 0.6526745913818722 0.02116704805491991 0.033432392273402674
2 0.3606979405034325 0.43796433878157504 0.016590389016018305 0.02451708766716196
2 0.352116704805492 0.4320208023774146 0.017734553775743706 0.02600297176820208
2 0.3429633867276888 0.4238484398216939 0.02116704805491991 0.03194650817236255
2 0.3320938215102975 0.4026745913818722 0.015446224256292907 0.019316493313521546
2 0.3223684210526316 0.3922734026745914 0.014302059496567507 0.019316493313521546
2 0.3669908466819222 0.6690193164933135 0.031464530892448515 0.045319465081723624
2 0.41332951945080093 0.6578751857355126 0.04290617848970252 0.06463595839524518
2 0.3320938215102975 0.6181277860326895 0.02459954233409611 0.03566121842496285
2 0.40389016018306634 0.6393016344725111 0.029748283752860413 0.04234769687964339
2 0.3950228832951945 0.6229569093610698 0.033752860411899316 0.04977711738484398
2 0.38386727688787187 0.6073551263001485 0.038901601830663615 0.05423476968796434
2 0.3481121281464531 0.5746656760772659 0.02345537757437071 0.033432392273402674
2 0.3426773455377574 0.5553491827637445 0.03775743707093822 0.05572065378900446
2 0.3298054919908467 0.5486627043090639 0.03260869565217391 0.046805349182763745
2 0.5806636155606407 0.22399702823179793 0.043478260869565216 0.036404160475482915
2 0.5420480549199085 0.19836552748885586 0.03032036613272311 0.02526002971768202
2 0.5852402745995423 0.20542347696879643 0.04805491990846682 0.03789004457652303
2 0.5812356979405034 0.1849925705794948 0.029748283752860413 0.02526002971768202
0 0.2717391304347826 0.6894502228826151 0.019450800915331808 0.02674591381872214
0 0.23770022883295194 0.5148588410104011 0.017734553775743706 0.02526002971768202
0 0.38415331807780323 0.6831352154531947 0.02574370709382151 0.03789004457652303
0 0.34725400457665906 0.6341010401188707 0.019450800915331808 0.030460624071322436
0 0.36584668192219677 0.5932392273402675 0.02688787185354691 0.03937592867756315
0 0.6679061784897025 0.9153046062407132 0.07608695652173914 0.1664190193164933
2 0.8278032036613272 0.5430906389301634 0.016018306636155607 0.020802377414561663
2 0.7834668192219679 0.4390787518573551 0.04290617848970252 0.06835066864784546
2 0.8492562929061785 0.5182020802377415 0.02574370709382151 0.030460624071322436
2 0.8401029748283753 0.4825408618127786 0.03832951945080092 0.05572065378900446
2 0.8275171624713958 0.4606240713224368 0.02917620137299771 0.041604754829123326
2 0.681350114416476 0.4115898959881129 0.02631578947368421 0.0237741456166419
2 0.6850686498855835 0.3963595839524517 0.031464530892448515 0.02600297176820208
2 0.6882151029748284 0.38112927191679047 0.03318077803203661 0.02674591381872214
0 0.29033180778032036 0.712109955423477 0.017734553775743706 0.02600297176820208
0 0.28289473684210525 0.7440564635958395 0.010869565217391304 0.01411589895988113
0 0.2723112128146453 0.7321693907875185 0.011441647597254004 0.015601783060921248
0 0.18564073226544622 0.637444279346211 0.014302059496567507 0.019316493313521546
0 0.34496567505720827 0.41196136701337294 0.07551487414187644 0.0988112927191679
0 0.46310068649885583 0.46285289747399705 0.21567505720823799 0.2763744427934621
0 0.3209382151029748 0.5735512630014858 0.2128146453089245 0.2555720653789004
0 0.2374141876430206 0.6645616641901931 0.17505720823798626 0.2072808320950966
0 0.4073226544622426 0.40676077265973254 0.014874141876430207 0.020059435364041606
0 0.4513729977116705 0.5274888558692422 0.02631578947368421 0.03566121842496285
0 0.19679633867276888 0.649702823179792 0.013729977116704805 0.020059435364041606
0 0.2488558352402746 0.7050520059435365 0.011441647597254004 0.014858841010401188
0 0.19651029748283752 0.6054977711738484 0.01887871853546911 0.02823179791976226
0 0.25257437070938216 0.6679049034175334 0.017734553775743706 0.02674591381872214
0 0.23483981693363845 0.6478454680534919 0.017734553775743706 0.02823179791976226
0 0.21681922196796338 0.6274145616641902 0.019450800915331808 0.02897473997028232
0 0.22397025171624713 0.6797919762258544 0.013157894736842105 0.020802377414561663
0 0.23569794050343248 0.6931649331352154 0.013729977116704805 0.020802377414561663
2 0.6404462242562929 0.4186478454680535 0.05320366132723112 0.04086181277860327
2 0.6404462242562929 0.3967310549777117 0.041762013729977114 0.031203566121842496
2 0.6433066361556065 0.3763001485884101 0.04519450800915332 0.034918276374442794
2 0.5640732265446224 0.12109955423476969 0.019450800915331808 0.01634472511144131
2 0.7179633867276888 0.22845468053491827 0.02745995423340961 0.023031203566121844
2 0.7225400457665904 0.19427934621099555 0.02288329519450801 0.020059435364041606
2 0.7342677345537757 0.16901931649331353 0.036041189931350116 0.036404160475482915
2 0.7414187643020596 0.13595839524517087 0.03546910755148741 0.03714710252600297
2 0.6052631578947368 0.09955423476968796 0.038901601830663615 0.031203566121842496
2 0.6069794050343249 0.12221396731054977 0.05034324942791762 0.04086181277860327
2 0.5958237986270023 0.13595839524517087 0.03489702517162471 0.02674591381872214
2 0.7105263157894737 0.2812035661218425 0.034324942791762014 0.02600297176820208
2 0.5603546910755148 0.13187221396731055 0.02116704805491991 0.017087667161961365
2 0.5915331807780321 0.15304606240713226 0.036613272311212815 0.029717682020802376
2 0.585812356979405 0.16901931649331353 0.032036613272311214 0.0274888558692422
2 0.5520594965675057 0.1612184249628529 0.020594965675057208 0.019316493313521546
2 0.5517734553775744 0.17570579494799404 0.017734553775743706 0.015601783060921248
2 0.5471967963386728 0.18573551263001487 0.02345537757437071 0.020802377414561663
2 0.7142448512585813 0.24405646359583952 0.02688787185354691 0.023031203566121844
2 0.7096681922196796 0.2578008915304606 0.02459954233409611 0.020802377414561663
2 0.6484553775743707 0.3558692421991085 0.04290617848970252 0.03268945022288262
2 0.705091533180778 0.2964338781575037 0.031464530892448515 0.02526002971768202
2 0.6899313501144165 0.3614413075780089 0.02745995423340961 0.021545319465081723
2 0.6507437070938215 0.33655274888558695 0.04633867276887872 0.03268945022288262
2 0.6973684210526315 0.3287518573551263 0.02745995423340961 0.023031203566121844
2 0.6553203661327232 0.3161218424962853 0.04519450800915332 0.033432392273402674
2 0.6979405034324943 0.31315007429420505 0.02402745995423341 0.020059435364041606
2 0.664187643020595 0.2964338781575037 0.03775743707093822 0.02674591381872214
2 0.665045766590389 0.2763744427934621 0.044050343249427915 0.031203566121842496
2 0.6953661327231121 0.13595839524517087 0.044050343249427915 0.03268945022288262
2 0.6679061784897025 0.2552005943536404 0.04633867276887872 0.033432392273402674
2 0.6750572082379863 0.23699851411589895 0.04004576659038902 0.031203566121842496
2 0.6824942791762014 0.21656760772659733 0.036613272311212815 0.02897473997028232
2 0.6839244851258581 0.19576523031203566 0.03832951945080092 0.03194650817236255
2 0.6927917620137299 0.17644873699851413 0.032036613272311214 0.0274888558692422
2 0.6925057208237986 0.1549034175334324 0.039473684210526314 0.03194650817236255
2 0.23884439359267734 0.6556463595839525 0.01887871853546911 0.0274888558692422