2 0.34987277353689566 0.7178301093355761 0.02188295165394402 0.051303616484440706
2 0.3376590330788804 0.7174095878889823 0.022900763358778626 0.04878048780487805
2 0.3712468193384224 0.8172834314550042 0.03307888040712468 0.06938603868797309
2 0.3982188295165394 0.9255677039529016 0.024936386768447838 0.054667788057190914
2 0.35903307888040714 0.6759882253994953 0.036132315521628496 0.009671993271656855
2 0.35877862595419846 0.6692598822539949 0.0366412213740458 0.008830950378469302
2 0.35776081424936385 0.6627417998317914 0.03460559796437659 0.007569386038687973
2 0.35826972010178115 0.6562237174095878 0.035623409669211195 0.00798990748528175
2 0.35852417302798983 0.6494953742640874 0.036132315521628496 0.007148864592094197
2 0.3946564885496183 0.6505466778805719 0.024936386768447838 0.011774600504625737
2 0.3916030534351145 0.6446593776282591 0.022900763358778626 0.011774600504625737
2 0.3893129770992366 0.6368797308662741 0.02340966921119593 0.010513036164844407
