2 0.9650872817955112 0.3732394366197183 0.023940149625935162 0.021497405485544848
2 0.415211970074813 0.8862120088954781 0.005486284289276808 0.022979985174203115
2 0.27231920199501247 0.8739807264640475 0.004987531172069825 0.01630837657524092
2 0.26359102244389027 0.863232023721275 0.005486284289276808 0.021497405485544848
2 0.28703241895261844 0.8573017049666419 0.015461346633416459 0.014084507042253521
2 0.2915211970074813 0.8724981467753892 0.005486284289276808 0.017790956263899184
2 0.2947630922693267 0.8758339510748703 0.0059850374064837905 0.015567086730911787
2 0.2972568578553616 0.8810229799851742 0.006982543640897756 0.022979985174203115
2 0.30099750623441396 0.8821349147516679 0.006483790523690773 0.020756115641215715
2 0.30798004987531175 0.8839881393624908 0.006483790523690773 0.015567086730911787
2 0.31521197007481294 0.885470719051149 0.00798004987531172 0.02001482579688658
2 0.31870324189526184 0.8865826538176427 0.006982543640897756 0.017790956263899184
2 0.3109725685785536 0.8865826538176427 0.005486284289276808 0.014825796886582653
2 0.3947630922693267 0.8758339510748703 0.007481296758104738 0.02001482579688658
2 0.39825436408977555 0.8773165307635286 0.005486284289276808 0.01704966641957005
2 0.4019950124688279 0.8776871756856931 0.004987531172069825 0.017790956263899184
2 0.4199501246882793 0.8843587842846553 0.00798004987531172 0.031134173461823574
2 0.25885286783042394 0.868421052631579 0.00399002493765586 0.02742772424017791
2 0.2845386533665835 0.66234247590808 0.012468827930174564 0.054114158636026685
2 0.2967581047381546 0.656412157153447 0.014962593516209476 0.083765752409192
2 0.31072319201995013 0.6586360266864344 0.012967581047381545 0.06745737583395107
2 0.32418952618453867 0.6582653817642699 0.012967581047381545 0.07561156412157154
2 0.3346633416458853 0.6501111934766494 0.00997506234413965 0.04744255003706449
2 0.34588528678304237 0.6530763528539659 0.010473815461346634 0.05337286879169755
2 0.3316708229426434 0.5604151223128243 0.01596009975062344 0.10081541882876205
2 0.34364089775561096 0.5585618977020015 0.01596009975062344 0.08524833209785027
2 0.3548628428927681 0.5637509266123054 0.012468827930174564 0.06449221645663454
2 0.3653366583541147 0.5548554484803558 0.011471321695760598 0.07783543365455893
2 0.3750623441396509 0.5611564121571534 0.010972568578553617 0.05930318754633061
2 0.31022443890274315 0.48517420311341736 0.03690773067331671 0.1682727946627131
2 0.28952618453865336 0.46071163825055594 0.024438902743142144 0.09710896960711639
2 0.27630922693266835 0.46071163825055594 0.022942643391521196 0.09266123054114159
2 0.27680798004987534 0.874351371386212 0.0059850374064837905 0.025945144551519646
2 0.2593516209476309 0.8317272053372868 0.012967581047381545 0.0385470719051149
2 0.3947630922693267 0.46404744255003705 0.05236907730673317 0.026686434395848776
2 0.3229426433915212 0.8072646404744255 0.04837905236907731 0.13936249073387694
2 0.10249376558603492 0.5804299481097109 0.06832917705735661 0.08747220163083766
2 0.12344139650872818 0.5874722016308377 0.026433915211970076 0.03187546330615271
2 0.16683291770573566 0.8954781319495922 0.007481296758104738 0.020756115641215715
2 0.2695760598503741 0.9406968124536694 0.007481296758104738 0.023721275018532245
2 0.2738154613466334 0.9425500370644923 0.00798004987531172 0.02446256486286138
2 0.2798004987531172 0.9458858413639734 0.010972568578553617 0.01927353595255745
2 0.2947630922693267 0.946997776130467 0.013965087281795512 0.02446256486286138
2 0.29850374064837903 0.9525574499629355 0.011471321695760598 0.01927353595255745
2 0.30673316708229426 0.9518161601186064 0.010972568578553617 0.028169014084507043
2 0.30972568578553616 0.9655300222386953 0.011970074812967581 0.03039288361749444
2 0.31845386533665837 0.9673832468495182 0.005486284289276808 0.029651593773165306
2 0.2875311720698254 0.7642698295033358 0.04239401496259352 0.10822831727205337
2 0.27057356608478805 0.765011119347665 0.02942643391521197 0.08302446256486286
2 0.30399002493765587 0.7894736842105263 0.05236907730673317 0.13936249073387694
2 0.33865336658354117 0.816160118606375 0.040897755610972565 0.11860637509266123
2 0.2673316708229426 0.8295033358042995 0.014962593516209476 0.03558191252779837
2 0.35511221945137156 0.8402520385470719 0.07381546134663342 0.20681986656782803
2 0.3807980049875312 0.8302446256486287 0.050374064837905234 0.12305411415863603
2 0.39775561097256856 0.8346923647146034 0.044389027431421445 0.10229799851742032
2 0.3433915211970075 0.9747961452928094 0.014463840399002495 0.029651593773165306
2 0.3516209476309227 0.9773906597479615 0.00997506234413965 0.03039288361749444
2 0.35860349127182045 0.9722016308376575 0.010972568578553617 0.03187546330615271
2 0.3600997506234414 0.9873980726464048 0.00997506234413965 0.023721275018532245
2 0.3688279301745636 0.9859154929577465 0.006483790523690773 0.028169014084507043
2 0.3802992518703242 0.9140103780578206 0.017456359102244388 0.02223869532987398
2 0.38379052369077304 0.9184581171237954 0.014463840399002495 0.01927353595255745
2 0.3628428927680798 0.9128984432913269 0.018453865336658354 0.02742772424017791
2 0.35810473815461347 0.9099332839140104 0.012967581047381545 0.02001482579688658
2 0.3546134663341646 0.9062268346923648 0.011970074812967581 0.021497405485544848
2 0.2743142144638404 0.83765752409192 0.0199501246882793 0.042994810971089696
2 0.25910224438902746 0.44848035581912526 0.03341645885286783 0.12008895478131949
2 0.30149625935162094 0.5767234988880652 0.013466334164588529 0.04447739065974796
2 0.9653366583541148 0.35618977020014825 0.04039900249376559 0.039288361749444035
2 0.8256857855361596 0.5192735359525574 0.026433915211970076 0.039288361749444035
2 0.42369077306733166 0.8124536693847294 0.05236907730673317 0.11712379540400296
2 0.4394014962593516 0.8143068939955522 0.05187032418952618 0.11489992587101557
2 0.4556109725685786 0.8150481838398814 0.050374064837905234 0.10303928836174944
2 0.4683291770573566 0.8276501111934766 0.07082294264339152 0.14010378057820608
2 0.4827930174563591 0.8413639733135656 0.06683291770573566 0.13194959229058562
2 0.500997506234414 0.8550778354336546 0.07331670822942643 0.13269088213491476
2 0.5097256857855361 0.8876945885841364 0.07281795511221945 0.12972572275759822
2 0.4845386533665835 0.6215715344699778 0.04339152119700748 0.15048183839881393
2 0.49975062344139654 0.6338028169014085 0.041895261845386535 0.1497405485544848
2 0.5149625935162094 0.6471460340993328 0.044389027431421445 0.1467753891771683
2 0.4319201995012469 0.22535211267605634 0.035910224438902745 0.06968124536693847
2 0.44214463840399004 0.22201630837657524 0.01945137157107232 0.03780578206078577
2 0.5286783042394015 0.8943661971830986 0.07381546134663342 0.12824314306893997
2 0.5401496259351621 0.15159377316530764 0.035910224438902745 0.02446256486286138
2 0.8209476309226933 0.5329873980726464 0.026932668329177057 0.0385470719051149
2 0.23940149625935161 0.5233506300963677 0.00997506234413965 0.028169014084507043
2 0.8177057356608479 0.5492957746478874 0.05236907730673317 0.07412898443291327
2 0.8139650872817955 0.6979243884358785 0.035910224438902745 0.18013343217197925
2 0.8027431421446384 0.667531504818384 0.012468827930174564 0.054114158636026685
2 0.9329177057356608 0.5959970348406227 0.05336658354114713 0.0340993328391401
2 0.8895261845386534 0.5737583395107487 0.017456359102244388 0.014825796886582653
2 0.8890274314214464 0.5652335063009637 0.015461346633416459 0.012601927353595256
2 0.9194513715710724 0.5804299481097109 0.020448877805486283 0.010378057820607857
2 0.9192019950124688 0.5737583395107487 0.020947630922693267 0.014825796886582653
2 0.9172069825436409 0.56412157153447 0.014962593516209476 0.013343217197924388
2 0.9541147132169576 0.5270570793180134 0.011970074812967581 0.029651593773165306
2 0.958354114713217 0.5455893254262416 0.006483790523690773 0.028169014084507043
2 0.9695760598503741 0.6026686434395849 0.020947630922693267 0.008895478131949592
2 0.982793017456359 0.5555967383246849 0.008478802992518703 0.02742772424017791
2 0.9870324189526185 0.5570793180133432 0.00798004987531172 0.025945144551519646
2 0.23541147132169576 0.5200148257968866 0.010972568578553617 0.03039288361749444
2 0.24488778054862842 0.5207561156412157 0.012967581047381545 0.034840622683469234
2 0.2910224438902743 0.586360266864344 0.011471321695760598 0.05337286879169755
2 0.2955112219451372 0.21830985915492956 0.011471321695760598 0.039288361749444035
2 0.28204488778054865 0.5893254262416605 0.013466334164588529 0.06671608598962195
2 0.2950124688279302 0.5426241660489252 0.013466334164588529 0.0340993328391401
2 0.2890274314214464 0.5370644922164566 0.014463840399002495 0.03780578206078577
2 0.2805486284289277 0.5400296515937731 0.014463840399002495 0.0363232023721275
2 0.27107231920199504 0.541882876204596 0.013466334164588529 0.03558191252779837
2 0.2708229426433915 0.5911786508524833 0.00997506234413965 0.03780578206078577
2 0.26583541147132167 0.589696071163825 0.010972568578553617 0.040770941438102296
2 0.2735660847880299 0.6048925129725723 0.005486284289276808 0.014825796886582653
2 0.2660847880299252 0.5311341734618236 0.015461346633416459 0.04373610081541883
2 0.28204488778054865 0.7097850259451446 0.011471321695760598 0.034840622683469234
2 0.2596009975062344 0.7646404744255003 0.01945137157107232 0.05707931801334322
2 0.2528678304239402 0.838398813936249 0.00798004987531172 0.01630837657524092
2 0.3473815461346633 0.9262416604892513 0.007481296758104738 0.01704966641957005
2 0.2683291770573566 0.022979985174203115 0.018952618453865335 0.014825796886582653
2 0.30324189526184536 0.2312824314306894 0.0199501246882793 0.06671608598962195
2 0.24937655860349128 0.5263157894736842 0.014962593516209476 0.04002965159377316
2 0.3157107231920199 0.23610081541882877 0.021945137157107233 0.07635285396590066
2 0.32693266832917706 0.24499629355077834 0.02144638403990025 0.083765752409192
2 0.33840399002493765 0.2390659747961453 0.016458852867830425 0.05707931801334322
2 0.3491271820448878 0.23387694588584138 0.01596009975062344 0.04966641957005189
2 0.3553615960099751 0.23943661971830985 0.012468827930174564 0.04002965159377316
2 0.3663341645885287 0.23387694588584138 0.013466334164588529 0.03187546330615271
2 0.3571072319201995 0.2653817642698295 0.013965087281795512 0.023721275018532245
2 0.21546134663341646 0.14640474425500372 0.006982543640897756 0.03039288361749444
2 0.23042394014962594 0.12490733876945886 0.016957605985037406 0.02742772424017791
2 0.16359102244389026 0.019644180874722018 0.013965087281795512 0.01704966641957005
2 0.16483790523690772 0.026686434395848776 0.013466334164588529 0.017790956263899184
2 0.25835411471321695 0.05300222386953299 0.004987531172069825 0.015567086730911787
2 0.26109725685785534 0.5259451445515196 0.012468827930174564 0.03039288361749444
2 0.25660847880299253 0.5226093402520385 0.011471321695760598 0.028169014084507043
2 0.11271820448877805 0.5274277242401779 0.085785536159601 0.10452186805040771