2 0.6372963186481593 0.5961405926946933 0.018105009052504527 0.022053756030323914
2 0.3796016898008449 0.5630599586492074 0.04103802051901026 0.05651274982770503
2 0.42033796016898006 0.11440385940730531 0.07664453832226917 0.06891798759476224
0 0.232045866022933 0.05444521019986216 0.04043452021726011 0.053756030323914544
2 0.3340374170187085 0.2660234321157822 0.0331925165962583 0.042729152308752585
2 0.35757392878696437 0.3049620951068229 0.018708509354254676 0.024121295658166782
2 0.3083886541943271 0.3638869745003446 0.05552202776101388 0.07443142660234321
2 0.2124321062160531 0.44658855961405924 0.05793602896801448 0.07580978635423846
2 0.2383826191913096 0.46140592694693316 0.0627640313820157 0.08476912474155755
0 0.5715147857573929 0.6464507236388698 0.22812311406155703 0.3073742246726396
0 0.38744719372359687 0.5244658855961406 0.23657211828605915 0.31977946243969674
0 0.28424864212432105 0.37250172294968986 0.19312009656004828 0.26119917298414885
2 0.3023536511768256 0.6068228807718815 0.07845503922751962 0.10406616126809097
2 0.3796016898008449 0.5062026188835286 0.03379601689800845 0.04203997243280496
2 0.45232347616173807 0.47829083390764987 0.012673506336753168 0.016540317022742935
2 0.4390464695232348 0.4266023432115782 0.016294508147254073 0.02067539627842867
2 0.33796016898008446 0.2746381805651275 0.02776101388050694 0.03652653342522398
2 0.35395292697646347 0.2994486560992419 0.02715751357875679 0.03652653342522398
2 0.7223898611949306 0.7660234321157822 0.032589016294508145 0.04203997243280496
2 0.7691611345805673 0.7033080634045485 0.024743512371756187 0.03239145416953825
2 0.6722993361496681 0.832184700206754 0.036210018105009054 0.0461750516884907
2 0.6252263126131563 0.8938662991040661 0.03741701870850935 0.05099931082012405
2 0.5784550392275196 0.9572708476912474 0.0356065178032589 0.04686423156443832
2 0.4571514785757393 0.45864920744314264 0.04164152082076041 0.05444521019986216
2 0.6176825588412794 0.5568573397656789 0.028364514182257092 0.037215713301171606
2 0.6315630657815329 0.5923501033769814 0.022329511164755584 0.029634734665747762
2 0.5135787567893784 0.7567195037904894 0.056729028364514184 0.07856650585802895
2 0.48611949305974655 0.7332873880082702 0.06095353047676524 0.07994486560992418
2 0.5531080265540133 0.6347346657477602 0.06216053108026554 0.08132322536181943
2 0.5796620398310199 0.666092350103377 0.05491852745926373 0.07512060647829083
2 0.4333132166566083 0.4224672639558925 0.015691007845503924 0.019297036526533425
0 0.14755582377791188 0.17436250861474845 0.12371756185878093 0.16815988973121984