2 0.9183084239130435 0.24402433724467623 0.03294836956521739 0.027379400260756193
2 0.9201766304347826 0.23554976097348979 0.03125 0.02607561929595828
0 0.8393342391304348 0.2516297262059974 0.059103260869565216 0.05215123859191656
2 0.9695991847826086 0.26227727075184704 0.05604619565217391 0.04997827031725337
2 0.9735054347826086 0.30486744893524553 0.03736413043478261 0.03694046066927423
2 0.9707880434782609 0.31312472837896566 0.03804347826086957 0.03867883528900478
2 0.9658627717391305 0.3200782268578879 0.03158967391304348 0.03172533681008257
2 0.919327445652174 0.25445458496305956 0.034307065217391304 0.02824858757062147
2 0.9164402173913043 0.2616253802694481 0.034646739130434784 0.02607561929595828
2 0.9186480978260869 0.2737940026075619 0.049932065217391304 0.03824424163407214
2 0.9174592391304348 0.2846588439808779 0.03736413043478261 0.030421555845284658
2 0.7246942934782609 0.04954367666232073 0.033627717391304345 0.028683181225554105
2 0.7781929347826086 0.06279878313776618 0.033967391304347824 0.029117774880486745
2 0.7586616847826086 0.07301173402868318 0.033627717391304345 0.028683181225554105
