2 0.5946428571428571 0.7395397489539749 0.047857142857142855 0.042538354253835425
2 0.25142857142857145 0.5753138075313807 0.09428571428571429 0.08647140864714087
2 0.3732142857142857 0.199442119944212 0.05071428571428571 0.04602510460251046
2 0.34 0.2388423988842399 0.05 0.043933054393305436
2 0.325 0.2590655509065551 0.054285714285714284 0.045327754532775454
2 0.30607142857142855 0.2785913528591353 0.04642857142857143 0.041143654114365415
2 0.2864285714285714 0.17433751743375175 0.05142857142857143 0.04741980474198047
2 0.2742857142857143 0.19072524407252442 0.054285714285714284 0.04811715481171548
2 0.17107142857142857 0.6841004184100419 0.09357142857142857 0.08368200836820083
2 0.34785714285714286 0.655160390516039 0.06285714285714286 0.04951185495118549
2 0.16464285714285715 0.5153417015341701 0.08642857142857142 0.07531380753138076
2 0.6060714285714286 0.7524407252440726 0.04642857142857143 0.043235704323570434
2 0.22857142857142856 0.3783124128312413 0.05142857142857143 0.043933054393305436
2 0.18464285714285714 0.4417712691771269 0.052142857142857144 0.045327754532775454
2 0.22357142857142856 0.2608089260808926 0.047142857142857146 0.04184100418410042
2 0.21107142857142858 0.27510460251046026 0.045 0.0397489539748954
2 0.18392857142857144 0.31345885634588566 0.045 0.041143654114365415
2 0.1707142857142857 0.3291492329149233 0.04428571428571428 0.03905160390516039
2 0.15428571428571428 0.34762900976290095 0.045714285714285714 0.0397489539748954
2 0.115 0.3999302649930265 0.04428571428571428 0.038354253835425386
2 0.39285714285714285 0.18131101813110181 0.05285714285714286 0.043235704323570434
2 0.4060714285714286 0.1607391910739191 0.052142857142857144 0.045327754532775454
2 0.42214285714285715 0.1394700139470014 0.04857142857142857 0.04184100418410042
2 0.43642857142857144 0.12273361227336123 0.05285714285714286 0.043235704323570434
2 0.645 0.7144351464435147 0.045714285714285714 0.042538354253835425
2 0.6339285714285714 0.701534170153417 0.04928571428571429 0.043235704323570434
0 0.3796428571428571 0.18723849372384938 0.039285714285714285 0.03417015341701534
0 0.41214285714285714 0.148186889818689 0.04 0.03277545327754533
0 0.3467857142857143 0.22559274755927475 0.04214285714285714 0.03695955369595537
0 0.3132142857142857 0.2660390516039052 0.04071428571428572 0.03417015341701534
0 0.34464285714285714 0.35460251046025104 0.17357142857142857 0.13598326359832635
0 0.24785714285714286 0.344839609483961 0.04 0.03417015341701534
0 0.21607142857142858 0.38633193863319387 0.039285714285714285 0.03207810320781032
0 0.18821428571428572 0.42642956764295675 0.04071428571428572 0.03277545327754533
2 0.235 0.8301952580195258 0.05 0.07461645746164575
0 0.15678571428571428 0.46827057182705717 0.039285714285714285 0.03417015341701534
2 0.7971428571428572 0.5202231520223152 0.07857142857142857 0.10181311018131102
2 0.8321428571428572 0.5237099023709902 0.10142857142857142 0.13249651324965134
2 0.715 0.34902370990237097 0.1 0.07740585774058577
2 0.7275 0.3288005578800558 0.09785714285714285 0.07601115760111576
2 0.43214285714285716 0.698744769874477 0.11285714285714285 0.0794979079497908
2 0.10321428571428572 0.41736401673640167 0.045 0.038354253835425386