0 0.6792544178165093 0.8410522415709522 0.010167029774872912 0.043719896257873286
2 0.40135560396998304 0.11430159318266024 0.01065117404986686 0.03890329751759911
2 0.39954006293875577 0.0924416450537236 0.0060518034374243525 0.010003705075954057
2 0.5487775357056403 0.13912560207484254 0.017429193899782137 0.04038532789922193
2 0.5210602759622367 0.060392738051130046 0.02880658436213992 0.06520933679140423
0 0.7292423142096345 0.8818080770655798 0.018639554587267005 0.06150426083734717
2 0.21338658920358267 0.10874397925157465 0.008472524812394093 0.015190811411633939
2 0.21471798595981603 0.11059651722860318 0.007746308399903171 0.014449796220822526
2 0.23916727184701042 0.10967024824008892 0.006293875574921327 0.018525379770285292
2 0.7245219075284435 0.8792145238977399 0.004841442749939482 0.014820303816228233
2 0.6902687000726216 0.8532789922193404 0.005567659162430404 0.015561319007039644
2 0.6328976034858388 0.14542423119673953 0.012829823287339627 0.03001111522786217
2 0.7398934882595013 0.8284549833271582 0.00411522633744856 0.031122638014079287
2 0.6972887920600339 0.8666172656539459 0.005083514887436456 0.014079288625416821
2 0.6873638344226579 0.8506854390515005 0.0036310820624546117 0.011115227862171175
2 0.6859114015976762 0.8521674694331234 0.002662793512466715 0.008151167098925528
2 0.7181069958847737 0.8553167839940718 0.005567659162430404 0.008521674694331233
2 0.7208908254659888 0.8986661726565395 0.006293875574921327 0.018154872174879585
2 0.23335754054708302 0.14653575398295665 0.004841442749939482 0.010003705075954057
2 0.7204066811909949 0.22989996294924045 0.004357298474945534 0.006298629121896999
2 0.7242798353909465 0.23453130789181179 0.0038731541999515854 0.005187106335679882
2 0.672718470104091 0.8957021118932939 0.006293875574921327 0.010744720266765468
0 0.6548051319293149 0.8649499814746202 0.026143790849673203 0.054464616524638756
2 0.5147664003873155 0.06354205261207854 0.026870007262164125 0.0640978140051871
0 0.5526506899055919 0.1702482400889218 0.011619462599854757 0.013708781030011115
2 0.2345679012345679 0.14783253056687662 0.004357298474945534 0.00963319748054835
2 0.24231420963447106 0.13208595776213414 0.0033890099249576375 0.012226750648388292
2 0.2438876785282014 0.13264171915524267 0.0031469377874606633 0.012597258243793997
2 0.24521907528443476 0.13319748054835123 0.0038731541999515854 0.012967765839199704
2 0.2466715081094166 0.1337532419414598 0.0038731541999515854 0.012597258243793997
2 0.24812394093439846 0.13430900333456836 0.0038731541999515854 0.01148573545757688
2 0.2495763737593803 0.1357910337161912 0.0033890099249576375 0.010003705075954057
2 0.25950133139675624 0.12449055205631715 0.0019365770999757927 0.011115227862171175
2 0.2609537642217381 0.12356428306780289 0.002420721374969741 0.012226750648388292
2 0.2624061970467199 0.12300852167469434 0.0019365770999757927 0.012597258243793997
2 0.2638586298717018 0.12263801407928862 0.0019365770999757927 0.012597258243793997
2 0.2655531348341806 0.12226750648388292 0.0019365770999757927 0.012597258243793997
2 0.2672476397966594 0.12189699888847721 0.0019365770999757927 0.01333827343460541
2 0.3202614379084967 0.0892923304927751 0.009682885499878963 0.03556872915894776
