1 0.748046875 0.6708984375 0.05198317307692308 0.055338541666666664
1 0.7578125 0.73291015625 0.028245192307692308 0.029622395833333332
1 0.8013822115384616 0.6951497395833334 0.033052884615384616 0.034830729166666664
1 0.8728966346153846 0.6953125 0.03064903846153846 0.033854166666666664
1 0.6744290865384616 0.7255859375 0.02794471153846154 0.030598958333333332
1 0.6609074519230769 0.8152669270833334 0.057992788461538464 0.060221354166666664
1 0.5207331730769231 0.8167317708333334 0.057692307692307696 0.057291666666666664
1 0.33338341346153844 0.9391276041666666 0.059194711538461536 0.057942708333333336
1 0.052884615384615384 0.0947265625 0.04807692307692308 0.05078125
1 0.08037860576923077 0.12288411458333333 0.047776442307692304 0.0517578125
1 0.048978365384615384 0.14599609375 0.05829326923076923 0.062174479166666664
1 0.042367788461538464 0.060546875 0.031850961538461536 0.032552083333333336
1 0.021634615384615384 0.0791015625 0.031850961538461536 0.033854166666666664
1 0.16947115384615385 0.6507161458333334 0.028245192307692308 0.029947916666666668
1 0.302734375 0.8738606770833334 0.026141826923076924 0.027669270833333332
1 0.5321514423076923 0.8494466145833334 0.03245192307692308 0.029622395833333332
1 0.26893028846153844 0.89404296875 0.048677884615384616 0.0517578125
1 0.32361778846153844 0.8269856770833334 0.027644230769230768 0.028971354166666668
1 0.3368389423076923 0.3984375 0.04567307692307692 0.048177083333333336
1 0.37094350961538464 0.3779296875 0.024338942307692308 0.02734375
1 0.5141225961538461 0.2490234375 0.042067307692307696 0.044270833333333336
1 0.44741586538461536 0.9212239583333334 0.027644230769230768 0.03125
1 0.7543569711538461 0.57421875 0.029747596153846152 0.04296875
1 0.07076322115384616 0.062174479166666664 0.029747596153846152 0.032552083333333336