2 0.27060653188180406 0.14627556927827093 0.006220839813374806 0.013894249324585103
2 0.3092923794712286 0.3487070629100733 0.008164852255054433 0.00887688151292937
2 0.32678849144634525 0.050366653801620996 0.00505443234836703 0.011964492473948282
2 0.36119751166407466 0.15129293708992667 0.01010886469673406 0.01466615206483983
2 0.322706065318818 0.1788884600540332 0.008553654743390357 0.01273639521420301
2 0.30968118195956457 0.17618680046314164 0.008164852255054433 0.013508297954457738
2 0.2776049766718507 0.15901196449247396 0.007776049766718507 0.012350443844075647
2 0.2892690513219285 0.009455808568120417 0.0038880248833592537 0.01273639521420301
2 0.25641524105754276 0.029911231184870705 0.0042768273716951785 0.0096487842531841
2 0.27002332814930013 0.020262446931686606 0.008942457231726283 0.01273639521420301
2 0.30404354587869364 0.20822076418371285 0.008553654743390357 0.010420686993438826
2 0.2834370139968896 0.13103049015824006 0.006998444790046656 0.010420686993438826
2 0.3365085536547434 0.21208027788498648 0.008942457231726283 0.018139714395986106
2 0.26535769828926903 0.09610189116171362 0.008164852255054433 0.011578541103820918
2 0.281104199066874 0.09513701273639522 0.00933125972006221 0.011964492473948282
2 0.21597978227060652 0.1690467001157854 0.008164852255054433 0.006947124662292551
2 0.25544323483670295 0.1188730219992281 0.008553654743390357 0.013122346584330374
2 0.24183514774494558 0.18081821690467 0.008553654743390357 0.010420686993438826
2 0.2536936236391913 0.1617136240833655 0.008942457231726283 0.013122346584330374
2 0.24027993779160187 0.16248552682362022 0.005443234836702955 0.012350443844075647
2 0.2560264385692068 0.14164415283674256 0.013608087091757388 0.008490930142802007
2 0.2770217729393468 0.11482053261289077 0.006609642301710731 0.013508297954457738
2 0.3151244167962675 0.20030876109610188 0.008164852255054433 0.012350443844075647
2 0.33611975116640747 0.1478193747587804 0.0042768273716951785 0.010034735623311463
2 0.3139580093312597 0.13971439598610574 0.010497667185069984 0.010034735623311463
2 0.30073872472783825 0.1443458124276341 0.00583203732503888 0.009262832883056734
2 0.3085147744945568 0.16209957545349285 0.008942457231726283 0.015438054805094558
2 0.34350699844479005 0.176572751833269 0.007387247278382581 0.011192589733693555
2 0.2770217729393468 0.07873407950598224 0.012830482115085537 0.007719027402547279
2 0.26477449455676516 0.18390582786568893 0.004665629860031105 0.00887688151292937
2 0.27799377916018664 0.20301042068699343 0.005443234836702955 0.011578541103820918
2 0.28246500777604977 0.18969509841759938 0.015163297045101089 0.01273639521420301
2 0.28032659409020216 0.18197607101505212 0.00933125972006221 0.010420686993438826
2 0.3573094867807154 0.1379776148205326 0.015552099533437015 0.007333076032419915
2 0.359447900466563 0.09417213431107681 0.006609642301710731 0.010034735623311463
2 0.3024883359253499 0.09629486684677731 0.00933125972006221 0.00887688151292937
2 0.3510886469673406 0.04419143187958317 0.007776049766718507 0.00887688151292937
2 0.36372472783825816 0.024121960632960248 0.006609642301710731 0.010420686993438826
2 0.33359253499222397 0.10247008876881512 0.007776049766718507 0.011192589733693555
2 0.2999611197511664 0.1285218062524122 0.007387247278382581 0.010806638363566191
2 0.30404354587869364 0.12794287919722114 0.007776049766718507 0.011964492473948282
2 0.29587869362363917 0.11385565418757236 0.007776049766718507 0.010806638363566191
2 0.3005443234836703 0.0845233500578927 0.007776049766718507 0.010034735623311463
2 0.3271772939346812 0.08317252026244693 0.008164852255054433 0.011192589733693555
2 0.3188180404354588 0.0685063681976071 0.006998444790046656 0.0096487842531841
2 0.33767496111975115 0.11964492473948282 0.007387247278382581 0.010034735623311463
2 0.3269828926905132 0.1273639521420301 0.007776049766718507 0.010034735623311463
2 0.3495334370139969 0.12504824392126593 0.006220839813374806 0.010034735623311463
2 0.36216951788491447 0.20185256657661135 0.007387247278382581 0.013122346584330374
2 0.2556376360808709 0.22462369741412583 0.012830482115085537 0.006947124662292551
0 0.630248833592535 0.7157468159011965 0.11275272161741835 0.03049015824006175
2 0.11741835147744946 0.2089926669239676 0.00933125972006221 0.008104978772674644
2 0.15746500777604977 0.1520648398301814 0.006998444790046656 0.013122346584330374
2 0.1905132192846034 0.09147047472018525 0.006220839813374806 0.013122346584330374
2 0.22006220839813376 0.09359320725588575 0.013996889580093312 0.01659590891547665
2 0.21481337480559876 0.03917406406792744 0.006609642301710731 0.01659590891547665
2 0.20742612752721618 0.07043612504824392 0.00505443234836703 0.011964492473948282
2 0.18934681181959565 0.04052489386337321 0.015552099533437015 0.018525665766113468
2 0.1817651632970451 0.04399845619451949 0.012830482115085537 0.016981860285604014
2 0.15202177293934682 0.03396372057120803 0.006220839813374806 0.015438054805094558
2 0.1172239502332815 0.01659590891547665 0.0042768273716951785 0.011578541103820918
2 0.049572317262830484 0.14627556927827093 0.012830482115085537 0.016981860285604014
2 0.10672628304821151 0.1831339251254342 0.008942457231726283 0.01273639521420301
2 0.2463063763608087 0.2417985333847935 0.012052877138413685 0.014280200694712466
2 0.09564541213063764 0.16422230798919335 0.016329704510108865 0.026630644538788113
2 0.12169517884914463 0.14820532612890774 0.01088646967340591 0.01466615206483983
2 0.16368584758942456 0.09841759938247781 0.007776049766718507 0.013122346584330374
2 0.14774494556765164 0.10883828637591664 0.008553654743390357 0.010034735623311463
2 0.10983670295489892 0.11404862987263605 0.012052877138413685 0.015824006175221922
2 0.17982115085536549 0.06927827093786183 0.007387247278382581 0.01273639521420301
2 0.14132970451010887 0.05480509455808568 0.009720062208398134 0.016209957545349287
2 0.1088646967340591 0.05191045928213045 0.01088646967340591 0.01968351987649556
2 0.1864307931570762 0.2526051717483597 0.022939346811819597 0.018911617136240833
2 0.03615863141524106 0.68081821690467 0.006220839813374806 0.009262832883056734
2 0.19031881804043546 0.11694326514859128 0.007387247278382581 0.011578541103820918
2 0.19342923794712286 0.1499421072944809 0.007387247278382581 0.010420686993438826
2 0.20606531881804044 0.1358548822848321 0.007776049766718507 0.013894249324585103
2 0.20042768273716952 0.19722115013508298 0.015163297045101089 0.013122346584330374
2 0.2904354587869362 0.27363952142030107 0.0038880248833592537 0.011578541103820918
2 0.2962674961119751 0.27286761868004633 0.006220839813374806 0.0192975685063682
2 0.30190513219284604 0.27363952142030107 0.00583203732503888 0.01775376302585874
2 0.31376360808709175 0.27306059436511 0.015552099533437015 0.032805866460825936
2 0.32095645412130636 0.2719027402547279 0.015163297045101089 0.03049015824006175
2 0.3273716951788491 0.2690081049787727 0.014774494556765163 0.031648012350443844
2 0.33300933125972004 0.2663064453878811 0.014385692068429238 0.031648012350443844
2 0.2406687402799378 0.0428406020841374 0.006220839813374806 0.010034735623311463
2 0.2301710730948678 0.21208027788498648 0.007776049766718507 0.014280200694712466
2 0.22511664074650078 0.19413353917406406 0.007776049766718507 0.010806638363566191
2 0.22258942457231726 0.18023928984947896 0.00583203732503888 0.011578541103820918
2 0.22822706065318818 0.14087225009648785 0.006998444790046656 0.01466615206483983
2 0.23153188180404355 0.09996140486298727 0.006609642301710731 0.011578541103820918
2 0.2208398133748056 0.11848707062910073 0.007776049766718507 0.011578541103820918
2 0.19031881804043546 0.1756078734079506 0.006609642301710731 0.012350443844075647
2 0.17787713841368585 0.1895021227325357 0.006609642301710731 0.010806638363566191
2 0.14755054432348366 0.1842917792358163 0.009720062208398134 0.00887688151292937
2 0.14793934681181958 0.17425704361250482 0.008164852255054433 0.00887688151292937
2 0.14793934681181958 0.16653801620995753 0.008942457231726283 0.014280200694712466
2 0.15066096423017108 0.163836356619066 0.00583203732503888 0.00887688151292937
2 0.13763608087091758 0.19529139328444617 0.005443234836702955 0.013122346584330374
2 0.2511664074650078 0.20629100733307604 0.006220839813374806 0.010420686993438826
2 0.2741057542768274 0.1949054419143188 0.006998444790046656 0.008490930142802007
2 0.31240279937791604 0.16209957545349285 0.007387247278382581 0.010806638363566191
2 0.5332426127527217 0.1339251254341953 0.008942457231726283 0.0061752219220378235
0 0.5806765163297045 0.21922037823234272 0.05482115085536547 0.03473562331146276
2 0.573094867807154 0.2417985333847935 0.027216174183514776 0.02045542261675029
2 0.5717340590979783 0.2335005789270552 0.0322706065318818 0.02238517946738711
2 0.5590979782270606 0.21671169432651485 0.029548989113530325 0.00887688151292937
2 0.5219673405909798 0.13334619837900424 0.008164852255054433 0.007333076032419915
2 0.5353810264385692 0.14125820146661522 0.008553654743390357 0.006947124662292551
2 0.5334370139968896 0.13778463913546893 0.007776049766718507 0.005403319181783096
2 0.5606531881804043 0.12118873021999228 0.00933125972006221 0.006947124662292551
2 0.3588646967340591 0.06599768429177924 0.006220839813374806 0.010034735623311463
2 0.5590979782270606 0.1113469702817445 0.00933125972006221 0.007333076032419915
2 0.4856143079315708 0.18988807410266306 0.00933125972006221 0.007719027402547279
2 0.515357698289269 0.22539560015438054 0.029937791601866253 0.024700887688151294
2 0.5120528771384136 0.18660748745658048 0.025660964230171075 0.021999228097259745
2 0.5079704510108864 0.18081821690467 0.028382581648522552 0.023543033577769202
2 0.5025272161741835 0.1767657275183327 0.026049766718507 0.020841373986877652
2 0.4821150855365474 0.17174835970667696 0.016329704510108865 0.013894249324585103
2 0.4797822706065319 0.16769587032033964 0.014774494556765163 0.011964492473948282
2 0.4786158631415241 0.16229255113855653 0.015552099533437015 0.01273639521420301
2 0.4770606531881804 0.1584330374372829 0.008553654743390357 0.008104978772674644
2 0.6634914463452566 0.828251640293323 0.00583203732503888 0.010806638363566191
0 0.547045101088647 0.5955229641065226 0.24027993779160187 0.04862987263604786
0 0.5561819595645412 0.449633346198379 0.17768273716951788 0.04013894249324585
2 0.5093312597200622 0.4424932458510228 0.14152410575427682 0.04129679660362794
2 0.5118584758942457 0.7201852566576611 0.16524105754276827 0.042454650714010035
1 0.7717729393468118 0.7811655731377847 0.030326594090202177 0.04631416441528367
1 0.7741057542768274 0.8101119258973369 0.03265940902021773 0.03627942879197221
1 0.7776049766718507 0.8315322269394056 0.03343701399688958 0.037437282902354305
1 0.796461897356143 0.8224623697414126 0.026049766718507 0.0331918178309533
1 0.8059875583203733 0.8392512543419529 0.03343701399688958 0.04361250482439213
1 0.7667185069984448 0.7377460439984562 0.03421461897356143 0.04901582400617522
2 0.7418351477449455 0.7678502508683905 0.014774494556765163 0.032805866460825936
2 0.7511664074650077 0.8023928984947897 0.017107309486780714 0.0385951370127364
2 0.7569984447900466 0.8353917406406792 0.01010886469673406 0.02431493631802393
2 0.7326982892690513 0.7294480895407178 0.01594090202177294 0.04013894249324585
2 0.7037325038880249 0.6617136240833655 0.02255054432348367 0.046700115785411035
2 0.6938180404354588 0.6080663836356619 0.020606531881804044 0.0567348514087225
2 0.49941679626749613 0.15901196449247396 0.019051321928460343 0.015438054805094558
2 0.49494556765163294 0.15592435353145503 0.014774494556765163 0.011578541103820918
2 0.4597589424572317 0.19297568506368198 0.007387247278382581 0.02238517946738711
2 0.4000777604976672 0.062138170590505595 0.006998444790046656 0.011578541103820918
2 0.3979393468118196 0.12504824392126593 0.00583203732503888 0.009262832883056734
2 0.3975505443234837 0.1422230798919336 0.0042768273716951785 0.00887688151292937
2 0.3963841368584759 0.15766113469702817 0.00583203732503888 0.0096487842531841
2 0.4432348367029549 0.05094558085681204 0.003110419906687403 0.006947124662292551
2 0.4309875583203733 0.0932072558857584 0.00583203732503888 0.010420686993438826
2 0.4199066874027994 0.10189116171362408 0.004665629860031105 0.009262832883056734
2 0.40902021772939345 0.09899652643766885 0.004665629860031105 0.01273639521420301
2 0.40396578538102645 0.09147047472018525 0.005443234836702955 0.010806638363566191
2 0.41018662519440124 0.07159397915862602 0.01088646967340591 0.010420686993438826
2 0.3858864696734059 0.06812041682747974 0.0042768273716951785 0.0096487842531841
2 0.3798600311041991 0.062138170590505595 0.0038880248833592537 0.009262832883056734
2 0.3796656298600311 0.07989193361636433 0.00583203732503888 0.012350443844075647
2 0.3701399688958009 0.0878039367039753 0.005443234836702955 0.00887688151292937
2 0.3798600311041991 0.1485912774990351 0.005443234836702955 0.015438054805094558
2 0.39094090202177295 0.18660748745658048 0.008164852255054433 0.014280200694712466
2 0.38413685847589424 0.2589733693554612 0.01088646967340591 0.015438054805094558
2 0.380248833592535 0.26071015052103436 0.01010886469673406 0.015052103434967195
2 0.37674961119751166 0.2636047857969896 0.01088646967340591 0.01775376302585874
2 0.4535381026438569 0.5914704747201852 0.19401244167962675 0.04901582400617522
2 0.46325816485225507 0.6244693168660749 0.15279937791601866 0.03550752605171748
2 0.3534214618973561 0.026630644538788113 0.004665629860031105 0.010806638363566191
2 0.3975505443234837 0.05171748359706677 0.006609642301710731 0.008490930142802007
2 0.41368584758942456 0.05866460825935932 0.007776049766718507 0.013122346584330374
2 0.4556765163297045 0.18776534156696256 0.008553654743390357 0.01659590891547665
2 0.40765940902021774 0.05557699729834041 0.009720062208398134 0.02238517946738711
2 0.4671461897356143 0.18120416827479738 0.008942457231726283 0.04515631030490158
2 0.4556765163297045 0.2130451563103049 0.017884914463452566 0.03550752605171748
2 0.4494556765163297 0.21632574295638748 0.015552099533437015 0.03049015824006175
2 0.4444012441679627 0.21883442686221535 0.013219284603421462 0.02547279042840602
2 0.4385692068429238 0.21979930528753377 0.013219284603421462 0.026630644538788113
2 0.432348367029549 0.22288691624855267 0.012441679626749611 0.028174450019297567
2 0.4255443234836703 0.22288691624855267 0.014385692068429238 0.03434967194133539
2 0.3994945567651633 0.2302199922809726 0.01671850699844479 0.015824006175221922
2 0.42476671850699843 0.1509069857197993 0.006609642301710731 0.009262832883056734
2 0.44342923794712286 0.13681976071015053 0.00505443234836703 0.00887688151292937
2 0.4214618973561431 0.14415283674257043 0.006220839813374806 0.010420686993438826
2 0.43370917573872475 0.12871478193747588 0.007387247278382581 0.0096487842531841
2 0.4212674961119751 0.12890775762253956 0.00583203732503888 0.009262832883056734
2 0.42807153965785383 0.11732921651871864 0.004665629860031105 0.010034735623311463
2 0.44712286158631415 0.10671555384021614 0.004665629860031105 0.0096487842531841
2 0.4560653188180404 0.10690852952527981 0.01010886469673406 0.008490930142802007
2 0.5009720062208398 0.1125048243921266 0.009720062208398134 0.005789270551910459
2 0.4751166407465008 0.12176765727518332 0.008553654743390357 0.01273639521420301
2 0.458398133748056 0.09475106136626785 0.004665629860031105 0.011192589733693555
2 0.453149300155521 0.06368197607101506 0.00583203732503888 0.007719027402547279
2 0.40279937791601866 0.05654187572365882 0.00933125972006221 0.01968351987649556
0 0.13063763608087092 0.5831725202624469 0.04354587869362364 0.29949826321883444