2 0.7922606924643585 0.575054229934924 0.05295315682281059 0.02472885032537961
2 0.21503733876442635 0.4754880694143167 0.032247114731839784 0.0893709327548807
2 0.554989816700611 0.48720173535791755 0.008825526137135099 0.04425162689804772
2 0.558214528173795 0.3383947939262473 0.0363204344874406 0.0893709327548807
2 0.38713509843856075 0.9646420824295011 0.016632722335369995 0.05770065075921909
2 0.3698234894772573 0.32169197396963123 0.025458248472505093 0.09761388286334056
2 0.4056347589952478 0.03839479392624729 0.02376103190767142 0.05683297180043384
2 0.3718601493550577 0.040780911062906725 0.022742701968771217 0.05900216919739696
2 0.23625254582484725 0.868763557483731 0.03054989816700611 0.14880694143167028
2 0.31160896130346233 0.8047722342733189 0.019687712152070606 0.10672451193058569
2 0.3251866938221317 0.6650759219088938 0.017651052274270197 0.0841648590021692
2 0.32909029192124917 0.33535791757049893 0.030889341479972843 0.0789587852494577
2 0.34046164290563474 0.49783080260303686 0.018329938900203666 0.08633405639913232
2 0.3060081466395112 0.5481561822125813 0.020706042090970808 0.08026030368763558
2 0.2987101154107264 0.4459869848156182 0.03326544467073999 0.09891540130151844
2 0.26154107264086895 0.6002169197396963 0.02002715546503734 0.08720173535791757
2 0.19568906992532248 0.36225596529284165 0.02477936184657162 0.04945770065075922
2 0.790224032586558 0.5605206073752711 0.05363204344874406 0.02863340563991323
2 0.310081466395112 0.14533622559652928 0.02681602172437203 0.0754880694143167
2 0.22640868974881195 0.1490238611713666 0.020366598778004074 0.05422993492407809
2 0.1929735234215886 0.29718004338394793 0.022063815342837745 0.05813449023861171
2 0.18024439918533605 0.3577006507592191 0.025118805159538356 0.050759219088937095
2 0.16819416157501696 0.41431670281995664 0.019348268839103868 0.061605206073752715
2 0.16038696537678207 0.48655097613882864 0.021384928716904276 0.06464208242950109
2 0.1561439239646979 0.555531453362256 0.00746775288526816 0.0420824295010846
2 0.15020366598778004 0.5561822125813449 0.007807196198234894 0.04251626898047722
2 0.13883231500339444 0.6197396963123645 0.02376103190767142 0.04121475054229935
2 0.13000678886625933 0.6130151843817787 0.028513238289205704 0.04425162689804772
2 0.09979633401221996 0.6648590021691974 0.017651052274270197 0.027331887201735357
2 0.1104887983706721 0.6731019522776572 0.016632722335369995 0.026464208242950107
2 0.10454854039375425 0.6709327548806941 0.02172437202987101 0.03427331887201735
2 0.04446707399864223 0.7266811279826464 0.05431093007467753 0.0702819956616052
2 0.6693822131704006 0.8446854663774404 0.009504412763068567 0.04338394793926247
2 0.676510522742702 0.847939262472885 0.010183299389002037 0.049023861171366596
2 0.6907671418873048 0.8535791757049892 0.008825526137135099 0.0455531453362256
2 0.6839782756279701 0.8492407809110629 0.009504412763068567 0.04642082429501085
2 0.7793618465716226 0.5381778741865509 0.05091649694501019 0.0368763557483731
2 0.78326544467074 0.5214750542299349 0.05329260013577732 0.031236442516268982
2 0.7739307535641547 0.5036876355748373 0.04548540393754243 0.02950108459869848
2 0.7613713509843856 0.5989154013015184 0.04276985743380855 0.027331887201735357
2 0.7584860828241684 0.6088937093275488 0.04107264086897488 0.02472885032537961
2 0.7459266802443992 0.6555314533622559 0.01188051595383571 0.05639913232104121
2 0.7325186693822132 0.6587852494577007 0.015614392396469789 0.07592190889370933
2 0.7645960624575696 0.7527114967462039 0.039035980991174474 0.009544468546637744
2 0.7316700610997964 0.7349240780911063 0.030889341479972843 0.01475054229934924
2 0.7707060420909708 0.7449023861171367 0.02613713509843856 0.012147505422993492
2 0.7554310930074678 0.7685466377440348 0.039035980991174474 0.016052060737527116
2 0.7489816700610998 0.8464208242950109 0.023421588594704685 0.006941431670281995
2 0.7493211133740665 0.8396963123644252 0.02613713509843856 0.00737527114967462
2 0.7506788866259335 0.8331887201735358 0.020706042090970808 0.00824295010845987
2 0.7488119484046164 0.8253796095444685 0.024439918533604887 0.00824295010845987
2 0.7488119484046164 0.8177874186550976 0.027834351663272233 0.012147505422993492
2 0.7467752885268161 0.8084598698481562 0.034623217922606926 0.018655097613882864
2 0.7474541751527495 0.7984815618221258 0.03665987780040733 0.02386117136659436
2 0.7175831636116768 0.7954446854663775 0.004073319755600814 0.017787418655097614
2 0.7135098438560761 0.7947939262472885 0.004073319755600814 0.019956616052060738
2 0.7089273591310251 0.7943600867678958 0.0050916496945010185 0.026030368763557483
2 0.703326544467074 0.7967462039045553 0.006109979633401222 0.028199566160520606
2 0.6907671418873048 0.7544468546637744 0.006109979633401222 0.04251626898047722
2 0.7318397827562797 0.8793926247288504 0.02987101154107264 0.026898047722342732
2 0.6821113374066531 0.7911062906724512 0.012559402579769178 0.050759219088937095
2 0.6731160896130346 0.7885032537960954 0.012219959266802444 0.050759219088937095
2 0.6666666666666666 0.7837310195227766 0.006788866259334691 0.03253796095444685
2 0.6612355736591989 0.7839479392624729 0.006109979633401222 0.03470715835140998
2 0.6654786150712831 0.745119305856833 0.015953835709436523 0.04121475054229935
2 0.053462321792260695 0.7379609544468546 0.05736591989137814 0.07288503253796096