0 0.6009726132582545 0.25694156651471195 0.025083184028666498 0.07956900124326564
2 0.33043255694906576 0.5370907583920431 0.020476068594829793 0.009946125155408206
2 0.40401842846173536 0.5634065478657273 0.03660097261325825 0.013675922088686282
2 0.4027386741745585 0.5754247824285122 0.03199385717942155 0.010360547036883548
2 0.40209879703097007 0.5864069622876088 0.030714102892244688 0.014090343970161625
2 0.40222677245968774 0.597596353087443 0.026362938315843357 0.01326150020721094
0 0.4340926542103916 0.6044343141317862 0.07729715894548246 0.04434314131786158
2 0.35282825697466086 0.5774968918358889 0.019708216022523675 0.022793203481143803
2 0.3368313283849501 0.5750103605470369 0.022011773739442027 0.016162453377538334
2 0.3122600460711543 0.5675507666804808 0.01996416687995905 0.012018234562784915
2 0.31213207064243664 0.5542892664732698 0.020732019452265164 0.01118939079983423
2 0.32979267980547733 0.5279734769995856 0.020732019452265164 0.008288437629506838
2 0.39928333759918094 0.5248653128885206 0.025083184028666498 0.01699129714048902
2 0.2890964934732531 0.3460422710319105 0.07448169951369336 0.05304600082884376
2 0.297286920911185 0.3336096145876502 0.06629127207576145 0.04973062577704103
2 0.3017660609163041 0.6205967675093245 0.10084463782953673 0.06174886033982594
2 0.23329920655234196 0.25134687111479487 0.01919631430765293 0.01947782842934107
2 0.23419503455336577 0.24202237878159966 0.020987970309700538 0.01989225031081641
2 0.2068082928077809 0.3025279734769996 0.08855899667263885 0.06547865727310402
2 0.21679037624776043 0.2874015748031496 0.07627335551574098 0.059262329050973894
2 0.20463271051958024 0.23352673021135517 0.020732019452265164 0.018648984666390384
2 0.18479651906833888 0.6317861583091587 0.07832096237522396 0.04185661002900953
2 0.3999232147427694 0.533982594280978 0.02431533145636038 0.01699129714048902
2 0.3785513181469158 0.38707003729796935 0.013309444586639366 0.009946125155408206
0 0.7015613002303558 0.3031496062992126 0.04965446634246225 0.024450891007045172
2 0.7054005630918864 0.29113137173642767 0.015357051446122344 0.01118939079983423
2 0.4054261581776299 0.5482801491918773 0.033273611466598414 0.03398259428097804
0 0.3634502175582288 0.4738914214670535 0.0399283337599181 0.25735598839618734
0 0.6598413104683901 0.5138831330294239 0.1586895316099309 0.112722751761293
0 0.24417711799334527 0.6632822213012847 0.24929613514205273 0.09738914214670534
2 0.3246736626567699 0.5010360547036884 0.0565651394932173 0.02652300041442188
2 0.9623752239570003 0.824906755076668 0.01996416687995905 0.01699129714048902
2 0.7103916048118761 0.3240779113137174 0.007934476580496544 0.0074595938665561546
2 0.7110314819554645 0.3176543721508496 0.015357051446122344 0.012018234562784915
2 0.7101356539544408 0.3110236220472441 0.016124904018428463 0.0128470783257356
2 0.6996416687995904 0.91815167840862 0.022779626311748145 0.023622047244094488
0 0.397235730739698 0.756941566514712 0.034809316611210644 0.21757148777455448
2 0.6993857179421551 0.4021964359718193 0.014077297158945483 0.012018234562784915
2 0.6877399539288457 0.31848321591380024 0.019452265165088304 0.0128470783257356
2 0.6839006910673151 0.28926647326978866 0.01996416687995905 0.012432656444260257
2 0.685180445354492 0.2969332780770825 0.019452265165088304 0.0128470783257356
2 0.6480675710263629 0.498756734355574 0.061428205784489376 0.05511811023622047
2 0.6040440235474789 0.24285122254455035 0.004607115433836704 0.01077496891835889
2 0.610954696698234 0.2731040198922503 0.010749936012285641 0.03481143804392872
2 0.5971333503967239 0.2830501450476585 0.014333248016380855 0.036469125569830084
2 0.5033273611466599 0.337546622461666 0.024827233171231124 0.059262329050973894
2 0.18121320706424365 0.6564442602569416 0.10084463782953673 0.060505594695399914