1 0.8844608171466846 0.15741491085899514 0.05760214333556597 0.07495948136142626
1 0.6555592766242465 0.40235008103727715 0.058606831882116545 0.0753646677471637
1 0.6774949765572672 0.4750810372771475 0.033489618218352314 0.03768233387358185
1 0.47488278633623576 0.5482171799027553 0.048894842598794376 0.059967585089141004
1 0.45010046885465504 0.5593598055105349 0.05157401205626256 0.06361426256077796
1 0.4080709979906229 0.6039303079416531 0.055257870060281315 0.0692868719611021
1 0.3554922973878098 0.6738249594813615 0.05659745478901541 0.0713128038897893
1 0.3419290020093771 0.7027957860615883 0.03281982585398526 0.04173419773095624
1 0.315304755525787 0.7169773095623987 0.0579370395177495 0.07252836304700162
1 0.24581379772270595 0.7927471636952999 0.06095110515740121 0.07171799027552674
1 0.23894842598794375 0.8658833063209076 0.061955793703951774 0.0753646677471637
