2 0.2565789473684211 0.017553956834532373 0.03088077336197637 0.03107913669064748
2 0.20891514500537056 0.16992805755395685 0.03759398496240601 0.03251798561151079
2 0.19736842105263158 0.218705035971223 0.008055853920515575 0.00920863309352518
2 0.19052094522019333 0.20964028776978416 0.007250268528464017 0.008345323741007195
2 0.20596133190118152 0.2283453237410072 0.007518796992481203 0.008345323741007195
2 0.26651450053705694 0.13741007194244603 0.05827067669172932 0.022158273381294964
2 0.3282760472610097 0.05251798561151079 0.025510204081632654 0.02330935251798561
2 0.3500268528464017 0.054820143884892085 0.055585392051557464 0.04748201438848921
2 0.3285445757250269 0.1651798561151079 0.040010741138560686 0.03683453237410072
2 0.4185016111707841 0.2446043165467626 0.05827067669172932 0.05467625899280575
2 0.39648227712137485 0.1493525179856115 0.06041890440386681 0.055827338129496404
2 0.45394736842105265 0.19726618705035973 0.04645542427497315 0.04345323741007194
2 0.06860902255639098 0.16115107913669063 0.029269602577873255 0.03683453237410072