2 0.36542443064182195 0.3465166130760986 0.019668737060041408 0.003215434083601286
2 0.3925983436853002 0.4290460878885316 0.007763975155279503 0.00964630225080386
2 0.3832815734989648 0.4305466237942122 0.010869565217391304 0.01607717041800643
2 0.261128364389234 0.4568060021436227 0.04296066252587992 0.005573419078242229
2 0.3827639751552795 0.5305466237942122 0.010869565217391304 0.0090032154340836
2 0.3775879917184265 0.5122186495176849 0.022256728778467908 0.023794212218649517
2 0.385351966873706 0.4639871382636656 0.013975155279503106 0.00964630225080386
2 0.3612836438923395 0.3654876741693462 0.017598343685300208 0.002572347266881029
2 0.36076604554865427 0.36838156484458734 0.017598343685300208 0.003215434083601286
2 0.3651656314699793 0.37309753483386926 0.024327122153209108 0.0045016077170418
2 0.3693064182194617 0.37931404072883174 0.017080745341614908 0.003215434083601286
2 0.3687888198757764 0.3821007502679528 0.018115942028985508 0.003215434083601286
2 0.36594202898550726 0.38681672025723474 0.019668737060041408 0.0045016077170418
2 0.3669772256728778 0.3913183279742765 0.018633540372670808 0.002357984994640943
2 0.3677536231884058 0.39389067524115756 0.018115942028985508 0.0027867095391211146
2 0.369824016563147 0.3986066452304394 0.018115942028985508 0.0027867095391211146
2 0.37060041407867494 0.4012861736334405 0.018633540372670808 0.002572347266881029
2 0.37111801242236025 0.4063236870310825 0.019668737060041408 0.004072883172561629
2 0.3721532091097309 0.4098606645230439 0.019668737060041408 0.004715969989281886
2 0.38457556935817805 0.417470525187567 0.023809523809523808 0.0036441586280814577
2 0.3830227743271222 0.7887459807073955 0.06314699792960662 0.007502679528403001
2 0.5082815734989649 0.1478027867095391 0.016563146997929608 0.02422293676312969
2 0.5142339544513458 0.07877813504823152 0.011904761904761904 0.01607717041800643
2 0.5033643892339544 0.08060021436227224 0.009834368530020704 0.013290460878885316
2 0.49353002070393376 0.08135048231511254 0.010869565217391304 0.01564844587352626
2 0.5165631469979296 0.09892818863879957 0.013457556935817806 0.014790996784565916
2 0.3967391304347826 0.08981779206859593 0.03571428571428571 0.004287245444801715
2 0.5227743271221532 0.14833869239013933 0.014492753623188406 0.022293676312968917
2 0.38198757763975155 0.8020364415862808 0.043478260869565216 0.006645230439442658
2 0.5323498964803313 0.230010718113612 0.011904761904761904 0.0180064308681672
2 0.5367494824016563 0.24983922829581995 0.010351966873706004 0.014790996784565916
2 0.5509834368530021 0.37513397642015006 0.012939958592132506 0.018435155412647373
2 0.5584886128364389 0.45359056806002146 0.018633540372670808 0.020578778135048232
2 0.5605590062111802 0.4909967845659164 0.024844720496894408 0.019506966773847802
2 0.5458074534161491 0.502572347266881 0.05641821946169772 0.015219721329046088
2 0.41537267080745344 0.20793140407288319 0.011904761904761904 0.018863879957127544
2 0.40217391304347827 0.20728831725616292 0.012422360248447204 0.021007502679528403
2 0.42598343685300205 0.27995712754555196 0.017598343685300208 0.020578778135048232
2 0.4143374741200828 0.2789924973204716 0.013975155279503106 0.01822079314040729
2 0.411231884057971 0.25359056806002145 0.013975155279503106 0.01972132904608789
2 0.4174430641821946 0.3067524115755627 0.016045548654244308 0.01929260450160772
2 0.36335403726708076 0.4227224008574491 0.021739130434782608 0.023579849946409433
2 0.369824016563147 0.4566988210075027 0.020186335403726708 0.028081457663451232
2 0.3822463768115942 0.5497320471596999 0.020186335403726708 0.025509110396570205
2 0.3563664596273292 0.5963558413719185 0.018115942028985508 0.021436227224008574
2 0.3724120082815735 0.742658092175777 0.022256728778467908 0.023794212218649517
0 0.38819875776397517 0.782529474812433 0.059006211180124224 0.0045016077170418
0 0.3889751552795031 0.8071811361200428 0.06262939958592133 0.004930332261521972
0 0.3925983436853002 0.8317256162915327 0.06159420289855073 0.004715969989281886
0 0.3944099378881988 0.8565916398713826 0.06314699792960662 0.005144694533762058
0 0.3967391304347826 0.8811361200428725 0.06469979296066253 0.005787781350482315
2 0.3734472049689441 0.4844587352625938 0.021221532091097308 0.022293676312968917
2 0.5509834368530021 0.5127545551982851 0.04917184265010352 0.013290460878885316
2 0.5527950310559007 0.5488745980707396 0.056935817805383024 0.01907824222936763
2 0.39078674948240166 0.8135048231511254 0.052795031055900624 0.0090032154340836
2 0.4052795031055901 0.8272240085744909 0.025879917184265012 0.004715969989281886
2 0.3747412008281574 0.8273311897106109 0.024844720496894408 0.004930332261521972
2 0.3900103519668737 0.8359056806002143 0.025362318840579712 0.0036441586280814577
2 0.38354037267080743 0.8511254019292605 0.041407867494824016 0.006216505894962487
2 0.37914078674948243 0.8612004287245445 0.024327122153209108 0.0045016077170418
2 0.5605590062111802 0.5396570203644159 0.046583850931677016 0.022079314040728833
2 0.39337474120082816 0.14887459807073955 0.012422360248447204 0.016934619506966776
2 0.39880952380952384 0.17502679528403 0.016045548654244308 0.01907824222936763
2 0.9567805383022774 0.822400857449089 0.03881987577639751 0.00707395498392283
2 0.952639751552795 0.817470525187567 0.04606625258799172 0.007931404072883173
2 0.8687888198757764 0.8279742765273312 0.05434782608695652 0.007931404072883173
2 0.8664596273291926 0.8217577706323687 0.062111801242236024 0.00964630225080386
2 0.8737060041407867 0.860128617363344 0.033126293995859216 0.019506966773847802
2 0.8553312629399586 0.862486602357985 0.024327122153209108 0.020364415862808145
2 0.8408385093167702 0.8638799571275455 0.024327122153209108 0.024008574490889605
2 0.8281573498964804 0.8672025723472668 0.024844720496894408 0.023365487674169346
2 0.5807453416149069 0.7764201500535906 0.037267080745341616 0.03386923901393355
2 0.5786749482401656 0.622508038585209 0.018633540372670808 0.022722400857449088
2 0.3612836438923395 0.3615219721329046 0.018633540372670808 0.004072883172561629
2 0.36257763975155277 0.35894962486602355 0.019151138716356108 0.0045016077170418
2 0.3610248447204969 0.3542336548767417 0.018115942028985508 0.0036441586280814577
2 0.53027950310559 0.29314040728831725 0.018115942028985508 0.0027867095391211146
2 0.5336438923395446 0.3206859592711683 0.024844720496894408 0.004287245444801715
2 0.5341614906832298 0.3142550911039657 0.026915113871635612 0.004715969989281886
2 0.5331262939958592 0.30664523043944264 0.022774327122153208 0.004930332261521972
2 0.5359730848861284 0.3013933547695606 0.019151138716356108 0.004287245444801715
2 0.5346790890269151 0.2861736334405145 0.021739130434782608 0.0038585209003215433
2 0.5323498964803313 0.2887459807073955 0.019151138716356108 0.0038585209003215433
2 0.5320910973084886 0.29635584137191856 0.018633540372670808 0.0036441586280814577
2 0.35921325051759834 0.3517684887459807 0.017598343685300208 0.004715969989281886
2 0.5336438923395446 0.3348338692390139 0.006211180124223602 0.012004287245444802
2 0.5401138716356108 0.33429796355841374 0.007763975155279503 0.012647374062165059
2 0.5483954451345756 0.33419078242229366 0.008799171842650104 0.012861736334405145
2 0.5476190476190477 0.352518756698821 0.013457556935817806 0.017792068595927118
2 0.5367494824016563 0.3764201500535906 0.007246376811594203 0.0077170418006430866
2 0.5424430641821946 0.37534833869239015 0.005175983436853002 0.006859592711682743
2 0.537008281573499 0.39603429796355843 0.011904761904761904 0.01007502679528403
2 0.5427018633540373 0.39442658092175775 0.009834368530020704 0.010718113612004287
2 0.5491718426501035 0.39389067524115756 0.010351966873706004 0.00964630225080386
2 0.5481366459627329 0.40943193997856375 0.008281573498964804 0.011146838156484458
2 0.5390786749482401 0.4095391211146838 0.008799171842650104 0.01007502679528403
2 0.5455486542443064 0.45391211146838156 0.016563146997929608 0.0165058949624866
2 0.5618530020703933 0.6214362272240086 0.019151138716356108 0.018435155412647373
2 0.5670289855072463 0.6487674169346195 0.017080745341614908 0.01864951768488746
2 0.5841097308488613 0.6494105037513398 0.015010351966873706 0.02165058949624866
2 0.504399585921325 0.057234726688102894 0.017080745341614908 0.0030010718113612006
2 0.5243271221532091 0.20182207931404073 0.013457556935817806 0.014790996784565916
2 0.5313146997929606 0.20085744908896033 0.010869565217391304 0.013719185423365487
2 0.5049171842650103 0.06784565916398713 0.019151138716356108 0.003215434083601286
2 0.5056935817805382 0.06527331189710611 0.019668737060041408 0.0027867095391211146
2 0.5056935817805382 0.06259378349410503 0.017598343685300208 0.002572347266881029
2 0.504399585921325 0.059914255091103964 0.019151138716356108 0.003215434083601286
2 0.5049171842650103 0.05466237942122187 0.017080745341614908 0.0021436227224008574
2 0.504399585921325 0.05219721329046088 0.017080745341614908 0.0027867095391211146
2 0.5041407867494824 0.04983922829581994 0.018633540372670808 0.0036441586280814577
2 0.47127329192546585 0.04190782422293676 0.03571428571428571 0.01007502679528403
2 0.44073498964803315 0.036334405144694534 0.028467908902691512 0.007931404072883173
2 0.4107142857142857 0.030760986066452306 0.030538302277432712 0.008788853161843515
2 0.380175983436853 0.03912111468381565 0.009834368530020704 0.01307609860664523
2 0.3894927536231884 0.08360128617363344 0.019151138716356108 0.002572347266881029
2 0.39648033126293997 0.08638799571275456 0.025879917184265012 0.0030010718113612006
2 0.3946687370600414 0.09914255091103966 0.018115942028985508 0.003215434083601286
2 0.3946687370600414 0.09581993569131833 0.023291925465838508 0.0038585209003215433
2 0.39285714285714285 0.09314040728831725 0.022774327122153208 0.0027867095391211146
2 0.4057971014492754 0.23011789924973206 0.013457556935817806 0.014362272240085745
2 0.42857142857142855 0.30793140407288316 0.013457556935817806 0.014790996784565916
2 0.40398550724637683 0.3487674169346195 0.008799171842650104 0.00857449088960343
2 0.40320910973084884 0.884887459807074 0.037267080745341616 0.004715969989281886