2 0.5504601226993865 0.219067405355494 0.010122699386503068 0.01061865189289012
2 0.720398773006135 0.6971375807940905 0.031595092024539875 0.02677746999076639
2 0.9466257668711656 0.5272391505078485 0.012269938650306749 0.0221606648199446
2 0.9196319018404908 0.5203139427516159 0.016564417177914112 0.036011080332409975
2 0.9246932515337424 0.5150046168051708 0.018098159509202454 0.03647276084949215
2 0.929601226993865 0.5099261311172668 0.01871165644171779 0.03462603878116344
2 0.9349693251533743 0.5069252077562327 0.015337423312883436 0.028624192059095107
2 0.9203987730061349 0.4778393351800554 0.01932515337423313 0.034164358264081256
2 0.8708588957055214 0.3827331486611265 0.0196319018404908 0.03508771929824561
2 0.7691717791411042 0.18674976915974145 0.01687116564417178 0.02631578947368421
2 0.7653374233128835 0.1922899353647276 0.017791411042944787 0.02723915050784857
2 0.7602760736196319 0.1969067405355494 0.01871165644171779 0.02816251154201293
2 0.7507668711656442 0.15397045244690674 0.01932515337423313 0.03462603878116344
2 0.7360429447852761 0.23799630655586335 0.021779141104294478 0.02723915050784857
2 0.7930981595092025 0.7878578024007387 0.01871165644171779 0.04847645429362881
2 0.5504601226993865 0.21398891966759004 0.01625766871165644 0.017082179132040628
2 0.7826687116564417 0.7850877192982456 0.01871165644171779 0.04755309325946445
2 0.7934049079754601 0.8284856879039705 0.013190184049079755 0.03277931671283472
2 0.6642638036809816 0.6809787626962143 0.012576687116564417 0.032317636195752536
2 0.629601226993865 0.46745152354570635 0.013190184049079755 0.018005540166204988
2 0.6404907975460122 0.5593259464450601 0.01411042944785276 0.015235457063711912
2 0.6271472392638037 0.5249307479224377 0.01625766871165644 0.04247460757156048
2 0.6069018404907975 0.3432594644506002 0.015644171779141104 0.01061865189289012
2 0.6662576687116565 0.34025854108956605 0.020858895705521473 0.024007386888273315
2 0.6139570552147239 0.14035087719298245 0.01196319018404908 0.024007386888273315
2 0.6187116564417178 0.13642659279778394 0.013496932515337423 0.02631578947368421
0 0.4924846625766871 0.8268698060941828 0.019938650306748466 0.050784856879039705
0 0.4607361963190184 0.6869806094182825 0.025153374233128835 0.07848568790397045
2 0.943558282208589 0.5311634349030471 0.011656441717791411 0.02077562326869806
2 0.9565950920245399 0.5477839335180056 0.013803680981595092 0.024469067405355493
2 0.8286809815950921 0.6555863342566943 0.012576687116564417 0.034164358264081256
2 0.8648773006134969 0.6331948291782087 0.012576687116564417 0.037396121883656507
2 0.5475460122699386 0.2079870729455217 0.014723926380368098 0.017082179132040628
2 0.5569018404907975 0.20175438596491227 0.010736196319018405 0.0110803324099723
2 0.5579754601226994 0.1987534626038781 0.011656441717791411 0.011542012927054479
2 0.6122699386503068 0.3601108033240997 0.010429447852760737 0.012003693444136657
2 0.6101226993865031 0.35757156048014777 0.011042944785276074 0.009695290858725761
2 0.6088957055214724 0.35341643582640814 0.012269938650306749 0.009695290858725761
2 0.6095092024539878 0.34879963065558633 0.01411042944785276 0.01061865189289012
2 0.6434049079754601 0.5854108956602031 0.005214723926380368 0.012927054478301015
2 0.6407975460122699 0.5863342566943675 0.006134969325153374 0.012927054478301015
2 0.6441717791411042 0.5710987996306556 0.006748466257668712 0.012003693444136657
2 0.6414110429447852 0.5724838411819021 0.006134969325153374 0.014773776546629732
2 0.6383435582822086 0.5731763619575254 0.006134969325153374 0.015235457063711912
2 0.56579754601227 0.20060018467220683 0.015644171779141104 0.02723915050784857
2 0.6115030674846625 0.1433518005540166 0.015644171779141104 0.02723915050784857
2 0.6177914110429448 0.4905355493998153 0.009202453987730062 0.022622345337026777
2 0.621319018404908 0.48776546629732226 0.008895705521472393 0.022622345337026777
2 0.9496932515337423 0.5521698984302862 0.011656441717791411 0.024007386888273315
2 0.8401840490797546 0.6525854108956602 0.008588957055214725 0.029085872576177285
2 0.8075153374233128 0.66735918744229 0.008282208588957056 0.03462603878116344
0 0.4579754601226994 0.4180517082179132 0.0803680981595092 0.16297322253000923
2 0.9039877300613497 0.6119575253924284 0.0098159509202454 0.030932594644506
2 0.9467791411042945 0.5554016620498615 0.008895705521472393 0.01662049861495845
2 0.9282208588957055 0.5990304709141274 0.015950920245398775 0.019852262234533704
2 0.8837423312883436 0.6246537396121884 0.012269938650306749 0.03508771929824561
2 0.871319018404908 0.6322714681440443 0.01196319018404908 0.03277931671283472
0 0.42530674846625766 0.6632040627885504 0.07208588957055215 0.07617728531855955