2 0.9203916560238399 0.2953020134228188 0.008514261387824606 0.018303843807199512
2 0.6638995317156237 0.22605247101891396 0.015751383567475522 0.01525320317266626
2 0.6249467858663261 0.21598535692495424 0.01447424435930183 0.013422818791946308
2 0.6268624946785867 0.22117144600366076 0.015751383567475522 0.01525320317266626
2 0.6455938697318008 0.17114093959731544 0.009791400595998296 0.021354484441732765
2 0.6500638569604087 0.1693105552165955 0.009365687526607066 0.021354484441732765
2 0.6143039591315453 0.1900549115314216 0.010217113665389528 0.023794996949359364
2 0.6223925074499788 0.18547895057962172 0.010217113665389528 0.021964612568639415
2 0.6385696040868455 0.1790726052471019 0.011068539804171988 0.025015253203172667
2 0.6283524904214559 0.18273337400854178 0.011919965942954448 0.022574740695546065
2 0.6534695615155385 0.1900549115314216 0.016177096636866752 0.01525320317266626
2 0.6600681140911026 0.21171446003660768 0.015751383567475522 0.013422818791946308
2 0.6621966794380587 0.21934106162294081 0.017454235845040442 0.01647345942647956
2 0.6217539378458918 0.20439292251372787 0.01319710515112814 0.013422818791946308
2 0.6558109833971902 0.19798657718120805 0.017454235845040442 0.01647345942647956
2 0.6590038314176245 0.20469798657718122 0.018731375053214133 0.017693715680292862
2 0.6651766709237974 0.2336790726052471 0.018305661983822902 0.017083587553386213
2 0.6668795232013622 0.24069554606467358 0.017454235845040442 0.01647345942647956
2 0.6685823754789272 0.2483221476510067 0.018305661983822902 0.018303843807199512
2 0.6707109408258833 0.25747406955460644 0.019157088122605363 0.018303843807199512
2 0.6805023414218817 0.2843197071384991 0.015751383567475522 0.013422818791946308
2 0.6779480630055342 0.2788285539963392 0.015751383567475522 0.01586333129957291
2 0.6877394636015326 0.31208053691275167 0.016602809706257982 0.01525320317266626
2 0.685823754789272 0.3053691275167785 0.017879948914431672 0.01525320317266626
2 0.6234567901234568 0.20988407565588774 0.01319710515112814 0.012202562538133009
2 0.6375053214133674 0.25960951799877974 0.018305661983822902 0.014032946918852958
2 0.6828437633035335 0.29835265405735206 0.017879948914431672 0.018303843807199512
2 0.651553852703278 0.3136058572300183 0.015751383567475522 0.01464307504575961
2 0.8382290336313325 0.18364856619890177 0.010217113665389528 0.024405125076266018
2 0.7931034482758621 0.19554606467358146 0.010217113665389528 0.018913971934106162
2 0.7786292039165602 0.1394142769981696 0.01277139208173691 0.023794996949359364
2 0.7884206045125586 0.16900549115314217 0.011919965942954448 0.026845637583892617
2 0.8028948488718604 0.21720561317876755 0.01277139208173691 0.03294691885295912
2 0.6411238825031929 0.2712019524100061 0.01447424435930183 0.012812690665039659
2 0.6389953171562367 0.2663209273947529 0.01277139208173691 0.011592434411226357
2 0.6453810131971052 0.29377669310555216 0.01532567049808429 0.01525320317266626
2 0.6445295870583226 0.2849298352654057 0.01532567049808429 0.01464307504575961
2 0.6534695615155385 0.31940207443563146 0.01447424435930183 0.014032946918852958
2 0.6507024265644955 0.3071995118974985 0.0140485312899106 0.01525320317266626
2 0.6355896126011068 0.2525930445393533 0.017028522775649212 0.01464307504575961
2 0.656023839931886 0.3233679072605247 0.01532567049808429 0.01464307504575961
2 0.6585781183482333 0.33984136668700426 0.01532567049808429 0.013422818791946308
2 0.6604938271604939 0.3465527760829774 0.01489995742869306 0.013422818791946308
2 0.656023839931886 0.33557046979865773 0.01277139208173691 0.013422818791946308
2 0.6645381013197105 0.35784014643075046 0.017028522775649212 0.01647345942647956
2 0.6477224350787569 0.301098230628432 0.01489995742869306 0.01525320317266626
2 0.6426138782460622 0.27791336180597925 0.01489995742869306 0.01525320317266626
2 0.63495104299702 0.24649176327028677 0.01489995742869306 0.013422818791946308
2 0.633248190719455 0.23947528981086028 0.017454235845040442 0.01525320317266626
2 0.6304810557684121 0.23276388041488713 0.017028522775649212 0.01647345942647956
2 0.6809280544912729 0.2910311165344722 0.018305661983822902 0.017083587553386213
2 0.6732652192422307 0.26449054301403296 0.017454235845040442 0.017693715680292862
2 0.6917837377607493 0.23184868822452714 0.023839931885908897 0.021964612568639415
2 0.7471264367816092 0.25594874923733985 0.021285653469561516 0.01525320317266626
2 0.721796509152831 0.1537522879804759 0.01489995742869306 0.017083587553386213
2 0.7252022137079608 0.16198901769371568 0.015751383567475522 0.017693715680292862
2 0.7264793529161345 0.17297132397803539 0.018305661983822902 0.018913971934106162
2 0.7305236270753512 0.17876754118364857 0.01532567049808429 0.01586333129957291
2 0.7290336313324819 0.18730933496034166 0.018305661983822902 0.017083587553386213
2 0.7318007662835249 0.20042708968883466 0.018731375053214133 0.017693715680292862
2 0.7341421881651766 0.20896888346552775 0.019157088122605363 0.017693715680292862
2 0.7369093231162197 0.21720561317876755 0.018731375053214133 0.018303843807199512
2 0.7443593018305662 0.24130567419158022 0.019157088122605363 0.018913971934106162
2 0.7409535972754363 0.23276388041488713 0.021711366538952746 0.020134228187919462
2 0.7481907194550873 0.2666259914582062 0.025117071094082587 0.018303843807199512
2 0.6032354193273733 0.23184868822452714 0.022137079608343976 0.019524100061012812
2 0.7513835674755215 0.28615009151921905 0.02554278416347382 0.021964612568639415
2 0.6732652192422307 0.1781574130567419 0.015751383567475522 0.01464307504575961
2 0.6683695189442316 0.162294081757169 0.01532567049808429 0.01586333129957291
2 0.6849723286504895 0.21476510067114093 0.018731375053214133 0.018303843807199512
2 0.6809280544912729 0.19951189749847467 0.018305661983822902 0.017083587553386213
2 0.6770966368667518 0.18578401464307503 0.018305661983822902 0.017693715680292862
2 0.7075351213282248 0.28645515558267237 0.022988505747126436 0.01647345942647956
2 0.7028522775649212 0.26815131177547286 0.023839931885908897 0.023794996949359364
2 0.7002979991485738 0.25808419768151314 0.022988505747126436 0.020744356314826115
2 0.6956151553852703 0.2507626601586333 0.020434227330779056 0.019524100061012812
2 0.6066411238825032 0.2458816351433801 0.022988505747126436 0.021964612568639415
2 0.6011068539804172 0.22300183038438073 0.022988505747126436 0.020134228187919462
2 0.6756066411238825 0.27181208053691275 0.018731375053214133 0.018913971934106162
2 0.6415495955725841 0.37339841366687004 0.022988505747126436 0.024405125076266018
2 0.6892294593444018 0.3181818181818182 0.017028522775649212 0.01647345942647956
2 0.6900808854831844 0.32550335570469796 0.018731375053214133 0.017693715680292862
2 0.6926351638995317 0.33190970103721784 0.017879948914431672 0.01586333129957291
2 0.6943380161770967 0.3413666870042709 0.022137079608343976 0.021354484441732765
2 0.6398467432950191 0.36394142769981697 0.020434227330779056 0.021354484441732765
2 0.6358024691358025 0.34777303233679074 0.019157088122605363 0.019524100061012812
2 0.6300553426990209 0.324588163514338 0.018731375053214133 0.01586333129957291
2 0.6304810557684121 0.33221476510067116 0.022137079608343976 0.018913971934106162
2 0.6379310344827587 0.3544844417327639 0.020008514261387826 0.019524100061012812
2 0.6326096211153682 0.3404514948139109 0.021285653469561516 0.020744356314826115
2 0.6253724989357173 0.3090298962782184 0.020434227330779056 0.017693715680292862
2 0.5994040017028522 0.21354484441732763 0.020434227330779056 0.018303843807199512
2 0.6268624946785867 0.3181818181818182 0.021711366538952746 0.020134228187919462
2 0.6172839506172839 0.28645515558267237 0.022988505747126436 0.018913971934106162
2 0.620051085568327 0.2931665649786455 0.021711366538952746 0.022574740695546065
2 0.6226053639846744 0.3023184868822453 0.020859940400170286 0.020134228187919462
2 0.6130268199233716 0.2614399023794997 0.018731375053214133 0.01647345942647956
2 0.6174968071519795 0.2773032336790726 0.018305661983822902 0.01525320317266626
2 0.6149425287356322 0.27028676021964615 0.020008514261387826 0.017083587553386213
2 0.610046828437633 0.2553386211104332 0.020434227330779056 0.018913971934106162
2 0.5949340144742443 0.19646125686394142 0.020008514261387826 0.019524100061012812
2 0.5966368667518093 0.20469798657718122 0.020008514261387826 0.018913971934106162
2 0.8492975734355045 0.14460036607687615 0.016177096636866752 0.017083587553386213
2 0.8469561515538527 0.13483831604636973 0.0140485312899106 0.013422818791946308
2 0.8033205619412516 0.12904209884075657 0.01532567049808429 0.03233679072605247
2 0.24201787994891444 0.536607687614399 0.01319710515112814 0.01525320317266626
2 0.31800766283524906 0.5780964002440513 0.011919965942954448 0.01647345942647956
2 0.30693912303107707 0.548810250152532 0.01277139208173691 0.018913971934106162
2 0.27054065559812684 0.41702257474069554 0.0140485312899106 0.014032946918852958
2 0.29310344827586204 0.4179377669310555 0.01489995742869306 0.013422818791946308
2 0.29693486590038315 0.425869432580842 0.016602809706257982 0.018303843807199512
2 0.2875691783737761 0.48474679682733374 0.020008514261387826 0.018913971934106162
2 0.29012345679012347 0.4938987187309335 0.016602809706257982 0.01647345942647956
2 0.30225627926777354 0.5289810860280659 0.01532567049808429 0.017083587553386213
2 0.2937420178799489 0.5079316656497864 0.01447424435930183 0.014032946918852958
2 0.2773520647083865 0.44325808419768153 0.01489995742869306 0.01647345942647956
2 0.24223073648361004 0.5433190970103722 0.01532567049808429 0.01647345942647956
2 0.29757343550446996 0.5134228187919463 0.01447424435930183 0.012812690665039659
2 0.24691358024691357 0.5607077486272117 0.01362281822051937 0.01586333129957291
2 0.24925500212856536 0.5680292861500915 0.01489995742869306 0.019524100061012812
2 0.2443593018305662 0.5518608907870652 0.017879948914431672 0.020134228187919462
2 0.2388250319284802 0.5311165344722392 0.01532567049808429 0.017693715680292862
2 0.23520647083865476 0.5198291641244661 0.016602809706257982 0.01586333129957291
2 0.22115793954874416 0.4621720561317877 0.015751383567475522 0.014032946918852958
2 0.22115793954874416 0.4762050030506406 0.0140485312899106 0.01525320317266626
2 0.23137505321413368 0.5091519219035997 0.018305661983822902 0.014032946918852958
2 0.22967220093656876 0.5003050640634533 0.015751383567475522 0.01464307504575961
2 0.2277564921243082 0.487797437461867 0.01362281822051937 0.012812690665039659
2 0.30800340570455514 0.5552165954850519 0.016602809706257982 0.018303843807199512
2 0.2992762877820349 0.5210494203782794 0.01277139208173691 0.013422818791946308
2 0.8222647935291614 0.11317876754118365 0.012345679012345678 0.025015253203172667
2 0.25308641975308643 0.49938987187309336 0.01319710515112814 0.012812690665039659
2 0.46871008939974457 0.2849298352654057 0.011068539804171988 0.023184868822452714
2 0.4497658578118348 0.29621720561317877 0.010642826734780758 0.021354484441732765
2 0.43763303533418474 0.3023184868822453 0.009365687526607066 0.017693715680292862
2 0.4440187313750532 0.29743746186699205 0.008514261387824606 0.018913971934106162
2 0.5006385696040868 0.26205003050640635 0.009365687526607066 0.017693715680292862
2 0.5059599829714773 0.25991458206223306 0.008088548318433376 0.017083587553386213
2 0.51213282247765 0.2586943258084198 0.010217113665389528 0.021964612568639415
2 0.5210727969348659 0.2525930445393533 0.011068539804171988 0.021964612568639415
2 0.26394210302256277 0.5369127516778524 0.01362281822051937 0.01464307504575961
2 0.24606215410813112 0.47528981086028066 0.017028522775649212 0.01586333129957291
2 0.2509578544061303 0.4917632702867602 0.01489995742869306 0.013422818791946308
2 0.28629203916560236 0.47651006711409394 0.01489995742869306 0.01464307504575961
2 0.2556406981694338 0.5070164734594265 0.016602809706257982 0.01464307504575961
2 0.25776926351638996 0.5183038438071995 0.01319710515112814 0.012812690665039659
2 0.2658578118348233 0.5439292251372788 0.0140485312899106 0.012812690665039659
2 0.24968071519795657 0.48261134838316044 0.018305661983822902 0.01586333129957291
2 0.24052788420604512 0.4560707748627212 0.01532567049808429 0.014032946918852958
2 0.23925074499787144 0.44874923733984134 0.017879948914431672 0.017693715680292862
2 0.23648361004682844 0.4405125076266016 0.015751383567475522 0.017083587553386213
2 0.2792677735206471 0.4563758389261745 0.01532567049808429 0.013422818791946308
2 0.2792677735206471 0.4499694935936547 0.01532567049808429 0.01525320317266626
2 0.28671775223499363 0.46308724832214765 0.011494252873563218 0.013422818791946308
2 0.2607492550021286 0.6055521659548505 0.0140485312899106 0.011592434411226357
2 0.25329927628778204 0.5817571690054911 0.01362281822051937 0.01647345942647956
2 0.26479352916134524 0.6180597925564368 0.01447424435930183 0.01586333129957291
2 0.07705406555981269 0.4780353874313606 0.020434227330779056 0.021354484441732765
2 0.2884206045125585 0.6101281269066504 0.016602809706257982 0.018303843807199512
2 0.24074074074074073 0.3346552776082977 0.009791400595998296 0.018913971934106162
2 0.09748829289059174 0.43502135448444174 0.01277139208173691 0.012202562538133009
2 0.08876117496807152 0.4463087248322148 0.01319710515112814 0.012812690665039659
2 0.10515112813963388 0.411836485661989 0.011068539804171988 0.024405125076266018
2 0.1166453810131971 0.41336180597925565 0.009365687526607066 0.020134228187919462
2 0.13133248190719454 0.40390482001220257 0.010642826734780758 0.019524100061012812
2 0.19050659855257557 0.3920073215375229 0.025117071094082587 0.025015253203172667
2 0.13707960834397617 0.39749847467968275 0.011919965942954448 0.026235509456985967
2 0.07471264367816093 0.4542403904820012 0.018305661983822902 0.020134228187919462
2 0.07982120051085569 0.46339231238560097 0.018305661983822902 0.018913971934106162
2 0.2728820774797786 0.4307504575960952 0.01532567049808429 0.018303843807199512
2 0.12941677309493402 0.45118974984746796 0.02979991485738612 0.02989627821842587
2 0.05661983822903363 0.4902379499694936 0.02554278416347382 0.025015253203172667
2 0.05810983397190294 0.4762050030506406 0.032779906343124735 0.02867602196461257
2 0.05087271179225202 0.46766320927394756 0.02852277564921243 0.027455765710799267
2 0.05959982971477224 0.44325808419768153 0.05108556832694764 0.03843807199511898
2 0.09940400170285228 0.47742525930445395 0.02852277564921243 0.026235509456985967
2 0.8267347807577693 0.10738255033557047 0.008514261387824606 0.018303843807199512
2 0.8075776926351639 0.12233068944478341 0.011068539804171988 0.021354484441732765
2 0.8122605363984674 0.11928004881025016 0.011919965942954448 0.023794996949359364
2 0.8361004682843763 0.10036607687614399 0.010217113665389528 0.018913971934106162
2 0.2777777777777778 0.5851128737034778 0.01489995742869306 0.010982306284319707
2 0.27054065559812684 0.5579621720561317 0.015751383567475522 0.01525320317266626
2 0.27437207322264795 0.5759609517998779 0.01319710515112814 0.01464307504575961
2 0.21604938271604937 0.5790115924344112 0.016602809706257982 0.01464307504575961
2 0.14559386973180077 0.5149481391092129 0.01447424435930183 0.013422818791946308
2 0.14027245636441038 0.5057962172056132 0.01319710515112814 0.013422818791946308
2 0.14814814814814814 0.5353874313605858 0.01277139208173691 0.014032946918852958
2 0.15389527458492977 0.5399633923123855 0.017454235845040442 0.017083587553386213
2 0.15708812260536398 0.5482001220256254 0.018731375053214133 0.017693715680292862
2 0.15900383141762453 0.5689444783404515 0.01319710515112814 0.01647345942647956
2 0.1728395061728395 0.6131787675411836 0.01277139208173691 0.013422818791946308
2 0.17071094082588337 0.603111653447224 0.01532567049808429 0.014032946918852958
2 0.14687100893997446 0.5271507016473459 0.01362281822051937 0.01586333129957291
2 0.17730949340144742 0.62751677852349 0.01319710515112814 0.01525320317266626
2 0.15410813111962537 0.6384990848078096 0.023839931885908897 0.018913971934106162
2 0.18518518518518517 0.4853569249542404 0.017028522775649212 0.018913971934106162
2 0.19071945508727117 0.5057962172056132 0.01447424435930183 0.017083587553386213
2 0.19476372924648785 0.5179987797437462 0.0140485312899106 0.01586333129957291
2 0.19859514687100893 0.5256253813300793 0.015751383567475522 0.01647345942647956
2 0.22115793954874416 0.5988407565588774 0.016602809706257982 0.017693715680292862
2 0.2177522349936143 0.43990237949969496 0.011494252873563218 0.021964612568639415
2 0.1866751809280545 0.46278218425869433 0.008939974457215836 0.017693715680292862
2 0.19263516389953173 0.4560707748627212 0.011494252873563218 0.020134228187919462
2 0.2037037037037037 0.5451494813910921 0.01319710515112814 0.011592434411226357
2 0.2232865048957003 0.6076876143990237 0.01489995742869306 0.01464307504575961
2 0.6943380161770967 0.24130567419158022 0.022988505747126436 0.020134228187919462
2 0.6888037462750106 0.22330689444783405 0.022988505747126436 0.020744356314826115
2 0.45870583226905065 0.2910311165344722 0.009791400595998296 0.021964612568639415
2 0.4987228607918263 0.3483831604636974 0.020008514261387826 0.020744356314826115
2 0.5072371221796509 0.2843197071384991 0.0140485312899106 0.012202562538133009
2 0.5219242230736484 0.43288590604026844 0.017028522775649212 0.017693715680292862
2 0.5157513835674755 0.4261744966442953 0.021711366538952746 0.020134228187919462
2 0.5144742443593018 0.4161073825503356 0.019157088122605363 0.017083587553386213
2 0.5125585355470413 0.40390482001220257 0.019582801191996593 0.019524100061012812
2 0.5080885483184334 0.39536302623550945 0.020859940400170286 0.019524100061012812
2 0.5078756917837378 0.38682123245881633 0.018731375053214133 0.017083587553386213
2 0.5063856960408685 0.3788895668090299 0.017454235845040442 0.017083587553386213
2 0.5038314176245211 0.37095790115924343 0.018305661983822902 0.018303843807199512
2 0.501702852277565 0.35753508236729714 0.017454235845040442 0.017083587553386213
2 0.49616858237547895 0.338621110433191 0.020008514261387826 0.019524100061012812
2 0.5106428267347808 0.2989627821842587 0.015751383567475522 0.01464307504575961
2 0.49255002128565345 0.32946918852959123 0.022988505747126436 0.020744356314826115
2 0.49148573861217537 0.31970713849908483 0.020008514261387826 0.019524100061012812
2 0.4902085994040017 0.30964002440512506 0.016602809706257982 0.017693715680292862
2 0.48616432524478503 0.28737034777303233 0.01362281822051937 0.013422818791946308
2 0.48659003831417624 0.29713239780353873 0.017879948914431672 0.017083587553386213
2 0.4831843337590464 0.44112263575350824 0.020434227330779056 0.021964612568639415
2 0.4789272030651341 0.4325808419768151 0.017879948914431672 0.020744356314826115
2 0.47509578544061304 0.41702257474069554 0.020434227330779056 0.022574740695546065
2 0.4714772243507876 0.4020744356314826 0.023414218816517667 0.024405125076266018
2 0.4661558109833972 0.3926174496644295 0.018731375053214133 0.021354484441732765
2 0.5085142613878246 0.2925564368517389 0.017454235845040442 0.01647345942647956
2 0.51213282247765 0.30567419158023185 0.016177096636866752 0.01586333129957291
2 0.4614729672200937 0.3740085417937767 0.020434227330779056 0.017083587553386213
2 0.5429970200085142 0.4182428309945089 0.019157088122605363 0.017693715680292862
2 0.6394210302256279 0.48474679682733374 0.032354193273733504 0.03111653447223917
2 0.633886760323542 0.4600366076876144 0.033205619412515965 0.03050640634533252
2 0.5893997445721584 0.6461256863941428 0.025117071094082587 0.028065893837705917
2 0.5862068965517241 0.6345332519829164 0.02554278416347382 0.025625381330079317
2 0.5798212005108557 0.6119585112873703 0.02639421030225628 0.026845637583892617
2 0.5764154959557258 0.5997559487492373 0.02639421030225628 0.025625381330079317
2 0.5696040868454662 0.5719951189749848 0.0280970625798212 0.027455765710799267
2 0.566411238825032 0.5585723001830384 0.02681992337164751 0.026235509456985967
2 0.5617283950617284 0.548810250152532 0.023414218816517667 0.026235509456985967
2 0.5604512558535547 0.5359975594874924 0.02681992337164751 0.026235509456985967
2 0.5410813111962537 0.40939597315436244 0.018731375053214133 0.018303843807199512
2 0.513835674755215 0.31299572910311163 0.016177096636866752 0.01586333129957291
2 0.5374627501064283 0.4017693715680293 0.017454235845040442 0.020134228187919462
2 0.5323541932737335 0.38194020744356316 0.018305661983822902 0.017083587553386213
2 0.5308641975308642 0.3740085417937767 0.018731375053214133 0.018303843807199512
2 0.5285227756492125 0.3669920683343502 0.018305661983822902 0.01525320317266626
2 0.5261813537675607 0.35906040268456374 0.017879948914431672 0.01647345942647956
2 0.5261813537675607 0.3505186089078707 0.021285653469561516 0.020134228187919462
2 0.5223499361430396 0.3450274557657108 0.017028522775649212 0.017693715680292862
2 0.5200085142613878 0.3364856619890177 0.017454235845040442 0.018913971934106162
2 0.5176670923797361 0.3248932275777913 0.016177096636866752 0.01525320317266626
2 0.5168156662409535 0.31757169005491154 0.017879948914431672 0.01647345942647956
2 0.4648786717752235 0.3825503355704698 0.021285653469561516 0.023184868822452714
2 0.45828011919965944 0.3666870042708969 0.019157088122605363 0.018303843807199512
2 0.7139208173690932 0.31177547284929835 0.021285653469561516 0.019524100061012812
0 0.5583226905065986 0.599450884685784 0.05321413367390379 0.16534472239170225
2 0.36313324819071946 0.40939597315436244 0.02554278416347382 0.024405125076266018
2 0.3610046828437633 0.3901769371568029 0.019582801191996593 0.018913971934106162
2 0.34078331204767986 0.5710799267846248 0.022562792677735206 0.025625381330079317
2 0.3048105576841209 0.44600366076876147 0.024691358024691357 0.025625381330079317
0 0.8527032779906343 0.19310555216595485 0.031502767134951044 0.021354484441732765
0 0.5253299276287782 0.699816961561928 0.035759897828863345 0.03294691885295912
0 0.866751809280545 0.4405125076266016 0.04597701149425287 0.12080536912751678
0 0.8022562792677735 0.44966442953020136 0.05832269050659855 0.1671751067724222
0 0.7186036611323967 0.4987797437461867 0.05534269902085994 0.17388651616839537
0 0.6364410387398893 0.5494203782794387 0.0519369944657301 0.17266625991458207
0 0.7784163473818646 0.16564978645515557 0.036185610898254575 0.11043319097010372
2 0.3724989357173265 0.4368517388651617 0.023839931885908897 0.019524100061012812
0 0.7492550021285653 0.21720561317876755 0.04427415921668795 0.1476510067114094
0 0.6811409110259685 0.2458816351433801 0.0561941251596424 0.18303843807199513
0 0.6296296296296297 0.27425259304453936 0.0561941251596424 0.18730933496034166
0 0.5693912303107705 0.29743746186699205 0.06172839506172839 0.2031726662599146
0 0.5104299702000852 0.34350213544844416 0.05023414218816517 0.1720561317876754
0 0.44891443167305234 0.38102501525320315 0.06087696892294593 0.16778523489932887
0 0.3831417624521073 0.424954240390482 0.05789697743720732 0.18242830994508846
0 0.3009791400595998 0.48505186089078706 0.06300553426990209 0.20134228187919462
0 0.2473392933163048 0.5225747406955461 0.06726266496381439 0.21171446003660768
0 0.199659429544487 0.5716900549115315 0.05959982971477224 0.18059792556436852
2 0.3680289484887186 0.4283099450884686 0.02767134951042997 0.025625381330079317
2 0.37441464452958706 0.44874923733984134 0.02596849723286505 0.023794996949359364
2 0.45721583652618136 0.35387431360585725 0.02554278416347382 0.026845637583892617
2 0.3995317156236696 0.424039048200122 0.020859940400170286 0.019524100061012812
2 0.4501915708812261 0.34319707138499084 0.019157088122605363 0.018913971934106162
2 0.44614729672200937 0.32763880414887125 0.019582801191996593 0.020744356314826115
2 0.4423158790974883 0.3206223306894448 0.017879948914431672 0.01647345942647956
2 0.4255002128565347 0.49938987187309336 0.02767134951042997 0.025015253203172667
2 0.4218816517667092 0.4899328859060403 0.02554278416347382 0.023184868822452714
2 0.42039165602383993 0.47681513117754726 0.03022562792677735 0.02989627821842587
2 0.41315453384418904 0.46918852959121415 0.021711366538952746 0.023184868822452714
2 0.40953597275436354 0.45942647956070776 0.022137079608343976 0.023184868822452714
2 0.4057045551298425 0.44142769981696156 0.023839931885908897 0.021354484441732765
2 0.40293742017879947 0.43166564978645516 0.022562792677735206 0.021354484441732765
2 0.39761600681140913 0.4142769981696156 0.020434227330779056 0.021964612568639415
2 0.37845891868880377 0.4585112873703478 0.023839931885908897 0.021354484441732765
2 0.3946360153256705 0.40390482001220257 0.021285653469561516 0.023184868822452714
2 0.3901660280970626 0.3941427699816962 0.017454235845040442 0.019524100061012812
2 0.38633461047254153 0.3801098230628432 0.015751383567475522 0.018303843807199512
2 0.3829289059174117 0.3718730933496034 0.015751383567475522 0.01647345942647956
2 0.38037462750106427 0.3645515558267236 0.01489995742869306 0.014032946918852958
2 0.37845891868880377 0.3572300183038438 0.016177096636866752 0.01525320317266626
2 0.38143891017454234 0.4685784014643075 0.023839931885908897 0.021964612568639415
2 0.399318859088974 0.5173886516168396 0.017879948914431672 0.018303843807199512
2 0.3893146019582801 0.5039658328248933 0.02937420178799489 0.02928615009151922
2 0.3878246062154108 0.48901769371568027 0.023839931885908897 0.022574740695546065
2 0.6415495955725841 0.49816961561928 0.02894848871860366 0.02989627821842587
2 0.6466581524052788 0.5094569859670531 0.033205619412515965 0.034167175106772425
2 0.6470838654746701 0.5234899328859061 0.02724563644103874 0.028065893837705917
2 0.7894848871860366 0.4646125686394143 0.02681992337164751 0.022574740695546065
2 0.44338016177096634 0.41732763880414886 0.019157088122605363 0.021964612568639415
2 0.4282673478075777 0.36119585112873703 0.020434227330779056 0.019524100061012812
2 0.06641123882503193 0.546064673581452 0.02979991485738612 0.07565588773642465
2 0.9108131119625372 0.45698596705308114 0.017454235845040442 0.04148871262965223
2 0.9037888463175819 0.46674801708358754 0.016177096636866752 0.03172666259914582
2 0.8111962537249894 0.5222696766320928 0.018305661983822902 0.018303843807199512
2 0.8065134099616859 0.5149481391092129 0.021711366538952746 0.020744356314826115
2 0.8020434227330779 0.5054911531421599 0.02554278416347382 0.023794996949359364
2 0.7956577266922095 0.48718730933496035 0.02639421030225628 0.023794996949359364
2 0.7922520221370796 0.4762050030506406 0.02724563644103874 0.026235509456985967
2 0.7839506172839507 0.4441732763880415 0.024265644955300127 0.019524100061012812
2 0.45317156236696465 0.4456985967053081 0.018305661983822902 0.021354484441732765
2 0.7790549169859514 0.43654667480170833 0.02639421030225628 0.023794996949359364
2 0.7737335036185611 0.41580231848688226 0.02681992337164751 0.026235509456985967
2 0.76990208599404 0.4023794996949359 0.02767134951042997 0.02867602196461257
2 0.7664963814389102 0.38926174496644295 0.02852277564921243 0.025625381330079317
2 0.7664963814389102 0.37827943868212327 0.021711366538952746 0.020744356314826115
2 0.7305236270753512 0.5829774252593044 0.017879948914431672 0.020134228187919462
2 0.7211579395487442 0.5646735814521049 0.024691358024691357 0.02867602196461257
2 0.7166879523201363 0.5515558267236119 0.02681992337164751 0.03050640634533252
2 0.7085994040017028 0.5308114704087858 0.03022562792677735 0.03050640634533252
2 0.7002979991485738 0.5106772422208664 0.032354193273733504 0.03050640634533252
2 0.45828011919965944 0.45363026235509457 0.021711366538952746 0.023794996949359364
2 0.4393358876117497 0.3926174496644295 0.019582801191996593 0.021354484441732765
2 0.6583652618135377 0.5677242220866382 0.02681992337164751 0.02867602196461257
2 0.8397190293742018 0.3959731543624161 0.020008514261387826 0.019524100061012812
2 0.7203065134099617 0.32763880414887125 0.02639421030225628 0.025625381330079317
2 0.7164750957854407 0.3187919463087248 0.022137079608343976 0.021354484441732765
2 0.7128565346956152 0.30170835875533863 0.024265644955300127 0.023794996949359364
2 0.8888888888888888 0.4701037217815741 0.01362281822051937 0.011592434411226357
2 0.8797360578969774 0.4527150701647346 0.0140485312899106 0.017083587553386213
2 0.8835674755214985 0.46156192800488105 0.015751383567475522 0.017693715680292862
2 0.8935717326521925 0.4838316046369738 0.01447424435930183 0.01464307504575961
2 0.8659003831417624 0.4008541793776693 0.01532567049808429 0.01586333129957291
2 0.8727117922520221 0.4164124466137889 0.01532567049808429 0.01647345942647956
2 0.8684546615581098 0.40756558877364246 0.01447424435930183 0.01586333129957291
2 0.8480204342273308 0.4182428309945089 0.01532567049808429 0.014032946918852958
2 0.43656875266070666 0.38102501525320315 0.016602809706257982 0.020134228187919462
2 0.8424861643252448 0.40359975594874925 0.017028522775649212 0.01525320317266626
2 0.8669646658152406 0.47925564368517387 0.015751383567475522 0.011592434411226357
2 0.8627075351213283 0.4722391702257474 0.015751383567475522 0.017083587553386213
2 0.8529161345253299 0.43746186699206835 0.015751383567475522 0.020744356314826115
2 0.8571732652192422 0.4514948139109213 0.017454235845040442 0.020744356314826115
2 0.5187313750532141 0.7132397803538744 0.010642826734780758 0.024405125076266018
2 0.5259684972328651 0.6769371568029287 0.016602809706257982 0.027455765710799267
2 0.5191570881226054 0.6720561317876754 0.01489995742869306 0.02867602196461257
2 0.42507449978714346 0.35295912141549723 0.020859940400170286 0.021354484441732765
2 0.43082162622392506 0.37217815741305676 0.022988505747126436 0.024405125076266018
2 0.7000851426138782 0.49572910311165347 0.02596849723286505 0.025015253203172667
2 0.6960408684546615 0.48505186089078706 0.02639421030225628 0.026845637583892617
2 0.6934865900383141 0.47132397803538745 0.02724563644103874 0.025015253203172667
2 0.5555555555555556 0.5128126906650396 0.03065134099616858 0.02989627821842587
2 0.6315453384418902 0.6034167175106773 0.02937420178799489 0.026845637583892617
2 0.6292039165602384 0.5896888346552777 0.02639421030225628 0.023794996949359364
2 0.6260110685398041 0.5765710799267846 0.02681992337164751 0.024405125076266018
2 0.6206896551724138 0.5576571079926784 0.02724563644103874 0.024405125076266018
2 0.6174968071519795 0.5451494813910921 0.02767134951042997 0.025015253203172667
2 0.611749680715198 0.5250152532031727 0.0280970625798212 0.026235509456985967
2 0.6051511281396339 0.50366076876144 0.02937420178799489 0.02867602196461257
2 0.600681140911026 0.4917632702867602 0.031502767134951044 0.02928615009151922
2 0.5968497232865049 0.47925564368517387 0.033205619412515965 0.02989627821842587
2 0.6532567049808429 0.5454545454545454 0.02767134951042997 0.028065893837705917
2 0.5589612601106854 0.5234899328859061 0.02979991485738612 0.026845637583892617
2 0.6873137505321414 0.44935936546674804 0.02681992337164751 0.025015253203172667
2 0.559174116645381 0.6497864551555826 0.021711366538952746 0.024405125076266018
2 0.5532141336739038 0.6357535082367297 0.023414218816517667 0.023184868822452714
2 0.5489570029799915 0.6259914582062233 0.025117071094082587 0.025625381330079317
2 0.542571306939123 0.6067724222086638 0.02767134951042997 0.02867602196461257
2 0.5378884631758195 0.5845027455765711 0.024265644955300127 0.023184868822452714
2 0.5317156236696466 0.5762660158633313 0.031502767134951044 0.02989627821842587
2 0.5266070668369519 0.5582672361195851 0.03065134099616858 0.03050640634533252
2 0.5212856534695615 0.5469798657718121 0.033631332481907195 0.03477730323367907
2 0.6651766709237974 0.5878584502745576 0.02681992337164751 0.027455765710799267
2 0.66262239250745 0.5771812080536913 0.02852277564921243 0.028065893837705917
2 0.6336739037888464 0.6192800488102501 0.032779906343124735 0.03050640634533252
2 0.6428267347807578 0.6284319707138499 0.020434227330779056 0.021964612568639415
2 0.610046828437633 0.6525320317266626 0.04427415921668795 0.04087858450274558
2 0.7137079608343976 0.411836485661989 0.02937420178799489 0.026845637583892617
2 0.6836951894423159 0.4383770591824283 0.02724563644103874 0.026235509456985967
2 0.823541932737335 0.47895057962172055 0.018305661983822902 0.021964612568639415
2 0.8171562366964665 0.4539353264185479 0.018305661983822902 0.019524100061012812
2 0.8154533844189017 0.44356314826113485 0.020859940400170286 0.020744356314826115
2 0.8103448275862069 0.4298352654057352 0.017454235845040442 0.017693715680292862
2 0.8088548318433376 0.4203782794386821 0.017879948914431672 0.018303843807199512
2 0.8067262664963815 0.411836485661989 0.018731375053214133 0.020744356314826115
2 0.8037462750106428 0.4020744356314826 0.019582801191996593 0.020744356314826115
2 0.8020434227330779 0.3904820012202563 0.022988505747126436 0.025625381330079317
2 0.7979991485738612 0.38102501525320315 0.020008514261387826 0.021354484441732765
2 0.7922520221370796 0.36363636363636365 0.022137079608343976 0.024405125076266018
2 0.7413793103448276 0.525320317266626 0.020859940400170286 0.020744356314826115
2 0.7407407407407407 0.5137278828553996 0.024691358024691357 0.024405125076266018
2 0.7332907620263942 0.4975594874923734 0.019157088122605363 0.020134228187919462
2 0.7330779054916986 0.487797437461867 0.024691358024691357 0.022574740695546065
2 0.7318007662835249 0.47651006711409394 0.02724563644103874 0.02928615009151922
2 0.7286079182630907 0.4640024405125076 0.02852277564921243 0.03111653447223917
2 0.7237122179650916 0.45454545454545453 0.024691358024691357 0.025625381330079317
2 0.7209450830140486 0.44478340451494813 0.025117071094082587 0.025625381330079317
2 0.7186036611323967 0.4344112263575351 0.02639421030225628 0.026845637583892617
2 0.7156236696466581 0.4246491763270287 0.02554278416347382 0.024405125076266018
2 0.4633886760323542 0.28798047589993897 0.009791400595998296 0.021964612568639415
2 0.45423584504044273 0.29377669310555216 0.010217113665389528 0.021354484441732765
2 0.9259259259259259 0.29011592434411226 0.008514261387824606 0.020134228187919462
2 0.09301830566198382 0.42190359975594877 0.017454235845040442 0.017693715680292862
2 0.9233716475095786 0.4926784624771202 0.008514261387824606 0.01525320317266626
2 0.9189016602809706 0.49694935936546675 0.010642826734780758 0.020134228187919462
2 0.9071945508727118 0.5048810250152532 0.011068539804171988 0.020134228187919462
2 0.94465730097914 0.45118974984746796 0.006811409110259685 0.01647345942647956
2 0.9714772243507875 0.3404514948139109 0.008514261387824606 0.01464307504575961
2 0.9291187739463601 0.2849298352654057 0.009791400595998296 0.020744356314826115
2 0.9348659003831418 0.2830994508846858 0.010217113665389528 0.019524100061012812
2 0.9391230310770541 0.2812690665039658 0.007662835249042145 0.020744356314826115
2 0.9112388250319284 0.32367297132397804 0.015751383567475522 0.01525320317266626
2 0.9101745423584504 0.31299572910311163 0.017028522775649212 0.019524100061012812
2 0.35781183482332907 0.05491153142159853 0.011494252873563218 0.01586333129957291
2 0.24755214985100044 0.10524710189139719 0.031077054065559814 0.05552165954850519
2 0.4780757769263516 0.27760829774252593 0.011068539804171988 0.020744356314826115
2 0.7573435504469987 0.21018913971934106 0.01362281822051937 0.014032946918852958
2 0.7011494252873564 0.18181818181818182 0.011919965942954448 0.034167175106772425
2 0.7392507449978715 0.1415497254423429 0.012345679012345678 0.013422818791946308
2 0.743933588761175 0.15588773642464918 0.0140485312899106 0.014032946918852958
2 0.7420178799489144 0.14887126296522268 0.01447424435930183 0.01586333129957291
2 0.7441464452958706 0.16198901769371568 0.01277139208173691 0.014032946918852958
2 0.7469135802469136 0.1720561317876754 0.012345679012345678 0.012202562538133009
2 0.7494678586632609 0.17876754118364857 0.0140485312899106 0.01586333129957291
2 0.7547892720306514 0.1970713849908481 0.01362281822051937 0.01464307504575961
2 0.7520221370796083 0.1912751677852349 0.012345679012345678 0.014032946918852958
2 0.7562792677735206 0.2034777303233679 0.0140485312899106 0.01525320317266626
2 0.7613878246062155 0.2226967663209274 0.0140485312899106 0.013422818791946308
2 0.777139208173691 0.1900549115314216 0.012345679012345678 0.011592434411226357
2 0.766070668369519 0.23459426479560708 0.015751383567475522 0.014032946918852958
2 0.7639421030225628 0.22727272727272727 0.015751383567475522 0.012812690665039659
2 0.7684120902511707 0.24069554606467358 0.017879948914431672 0.014032946918852958
2 0.7694763729246488 0.24954240390482002 0.016602809706257982 0.01464307504575961
2 0.7767134951042997 0.2708968883465528 0.018305661983822902 0.017083587553386213
2 0.8463175819497658 0.1815131177547285 0.006811409110259685 0.01525320317266626
2 0.8499361430395913 0.17876754118364857 0.010642826734780758 0.018303843807199512
2 0.8627075351213283 0.17358145210494202 0.008088548318433376 0.017693715680292862
2 0.5570455512984248 0.21018913971934106 0.012345679012345678 0.011592434411226357
2 0.553639846743295 0.20012202562538134 0.0140485312899106 0.012202562538133009
2 0.7807577692635164 0.20012202562538134 0.011919965942954448 0.012202562538133009
2 0.7737335036185611 0.18212324588163514 0.0140485312899106 0.012812690665039659
2 0.5583226905065986 0.21568029286150092 0.01319710515112814 0.014032946918852958
2 0.8822903363133249 0.3361805979255644 0.038739889314601955 0.026845637583892617
2 0.5676883780332056 0.33770591824283097 0.019157088122605363 0.01525320317266626
2 0.5640698169433802 0.3224527150701647 0.017028522775649212 0.01525320317266626
2 0.5576841209025117 0.29774252593044537 0.01532567049808429 0.01586333129957291
2 0.5595998297147723 0.30414887126296525 0.015751383567475522 0.01647345942647956
2 0.5610898254576415 0.30964002440512506 0.016177096636866752 0.014032946918852958
2 0.5623669646658153 0.31574130567419156 0.016177096636866752 0.01525320317266626
2 0.8575989782886334 0.21842586943258085 0.037888463175819495 0.03050640634533252
2 0.8656875266070668 0.27028676021964615 0.036185610898254575 0.02928615009151922
2 0.8624946785866326 0.25625381330079317 0.04427415921668795 0.035387431360585725
2 0.870583226905066 0.2806589383770592 0.039165602383993185 0.03294691885295912
2 0.8805874840357599 0.32397803538743136 0.037888463175819495 0.03050640634533252
2 0.7730949340144743 0.1741915802318487 0.01277139208173691 0.012812690665039659
2 0.8752660706683695 0.31147040878584503 0.04257130693912303 0.03599755948749237
2 0.8697318007662835 0.29987797437461866 0.04597701149425287 0.03599755948749237
2 0.8593018305661984 0.23184868822452714 0.03959131545338442 0.03294691885295912
2 0.8842060451255853 0.34807809640024406 0.039165602383993185 0.02867602196461257
2 0.7645806726266496 0.14460036607687615 0.011068539804171988 0.010982306284319707
2 0.7658578118348234 0.15070164734594266 0.011919965942954448 0.010982306284319707
2 0.7628778203490847 0.1403294691885296 0.011919965942954448 0.013422818791946308
2 0.7816091954022989 0.20622330689444784 0.01277139208173691 0.010982306284319707
2 0.7852277564921243 0.2190359975594875 0.012345679012345678 0.013422818791946308
2 0.7826734780757769 0.21262965222696767 0.012345679012345678 0.011592434411226357
2 0.5551298424861644 0.20530811470408786 0.01277139208173691 0.010372178157413058
2 0.5595998297147723 0.2214765100671141 0.01319710515112814 0.01464307504575961
2 0.31822051936994467 0.37126296522269675 0.008088548318433376 0.017693715680292862
2 0.3948488718603661 0.3270286760219646 0.008939974457215836 0.019524100061012812
2 0.39846743295019155 0.32550335570469796 0.008514261387824606 0.018913971934106162
2 0.3820774797786292 0.33343502135448444 0.008088548318433376 0.017693715680292862
2 0.3773946360153257 0.3352654057352044 0.008939974457215836 0.017693715680292862
2 0.38676032354193274 0.33343502135448444 0.009791400595998296 0.021354484441732765
2 0.39101745423584505 0.3303843807199512 0.010642826734780758 0.021354484441732765
2 0.4069816943380162 0.32031726662599147 0.009365687526607066 0.019524100061012812
2 0.4112388250319285 0.3184868822452715 0.010217113665389528 0.020744356314826115
2 0.40293742017879947 0.3242830994508847 0.010642826734780758 0.022574740695546065
2 0.28607918263090676 0.3910921293471629 0.011919965942954448 0.021964612568639415
2 0.3018305661983823 0.3843807199511898 0.009365687526607066 0.020744356314826115
2 0.565772669220945 0.18212324588163514 0.009365687526607066 0.020134228187919462
2 0.31438910174542356 0.37492373398413664 0.008088548318433376 0.018913971934106162
2 0.3101319710515113 0.3785845027455766 0.009791400595998296 0.021354484441732765
2 0.3060876968922946 0.3822452715070165 0.010217113665389528 0.023794996949359364
2 0.2977862920391656 0.38743136058572303 0.008939974457215836 0.019524100061012812
2 0.29289059174116644 0.3901769371568029 0.010217113665389528 0.023794996949359364
2 0.353980417198808 0.3502135448444173 0.009791400595998296 0.019524100061012812
2 0.34908471690080883 0.35387431360585725 0.010217113665389528 0.019524100061012812
2 0.3450404427415922 0.35753508236729714 0.010642826734780758 0.019524100061012812
2 0.340144742443593 0.3605857230018304 0.010217113665389528 0.019524100061012812
2 0.47381864623243936 0.2812690665039658 0.010217113665389528 0.019524100061012812
2 0.5706683695189443 0.17693715680292862 0.011494252873563218 0.026845637583892617
2 0.6087696892294594 0.3889566809029896 0.018731375053214133 0.014032946918852958
2 0.5615155385270327 0.22544234289200732 0.01277139208173691 0.012812690665039659
2 0.5796083439761601 0.29011592434411226 0.01319710515112814 0.012812690665039659
2 0.5630055342699021 0.23062843197071384 0.0140485312899106 0.013422818791946308
2 0.564708386547467 0.23520439292251372 0.0140485312899106 0.012812690665039659
2 0.5661983822903364 0.24069554606467358 0.01532567049808429 0.01525320317266626
2 0.5679012345679012 0.24649176327028677 0.016177096636866752 0.01464307504575961
2 0.5693912303107705 0.25198291641244663 0.015751383567475522 0.01586333129957291
2 0.570242656449553 0.2586943258084198 0.0140485312899106 0.013422818791946308
2 0.5725840783312047 0.26327028676021963 0.01532567049808429 0.014032946918852958
2 0.5738612175393785 0.2684563758389262 0.01532567049808429 0.013422818791946308
2 0.5759897828863346 0.2782184258694326 0.01447424435930183 0.013422818791946308
2 0.5779054916985952 0.2846247712019524 0.0140485312899106 0.012812690665039659
2 0.6019582801191996 0.36943258084197683 0.01532567049808429 0.012812690665039659
2 0.5845040442741593 0.30170835875533863 0.017028522775649212 0.01525320317266626
2 0.600681140911026 0.363026235509457 0.016177096636866752 0.01464307504575961
2 0.5994040017028522 0.3572300183038438 0.01532567049808429 0.012812690665039659
2 0.5972754363558961 0.350823672971324 0.01532567049808429 0.013422818791946308
2 0.5949340144742443 0.3441122635753508 0.0140485312899106 0.01464307504575961
2 0.5893997445721584 0.32367297132397804 0.01489995742869306 0.01525320317266626
2 0.5872711792252022 0.3148261134838316 0.01489995742869306 0.01586333129957291
2 0.6053639846743295 0.37370347773032336 0.017879948914431672 0.01647345942647956
2 0.6070668369518945 0.38102501525320315 0.017879948914431672 0.014032946918852958
2 0.5917411664538101 0.32946918852959123 0.017028522775649212 0.01586333129957291
2 0.5934440187313751 0.336790726052471 0.017028522775649212 0.017083587553386213
2 0.5685398041719881 0.32977425259304455 0.015751383567475522 0.014032946918852958
2 0.5802469135802469 0.3901769371568029 0.017879948914431672 0.014032946918852958
2 0.5787569178373776 0.38316046369737644 0.017454235845040442 0.01464307504575961
2 0.39165602383993187 0.2986577181208054 0.009365687526607066 0.020134228187919462
2 0.3226905065985526 0.28615009151921905 0.008514261387824606 0.017083587553386213
2 0.33035334184759474 0.28004881025015255 0.009365687526607066 0.018303843807199512
2 0.3392933163048106 0.27394752898108604 0.008514261387824606 0.01586333129957291
2 0.3878246062154108 0.3007931665649786 0.007662835249042145 0.017083587553386213
2 0.37973605789697745 0.3075045759609518 0.010217113665389528 0.019524100061012812
2 0.37569178373776074 0.3084197681513118 0.008088548318433376 0.017693715680292862
2 0.3718603661132397 0.31025015253203175 0.008939974457215836 0.018913971934106162
2 0.4005959982971477 0.2953020134228188 0.008514261387824606 0.018303843807199512
2 0.3959131545338442 0.2968273337400854 0.007662835249042145 0.018913971934106162
2 0.3831417624521073 0.30323367907260523 0.010217113665389528 0.019524100061012812
2 0.4395487441464453 0.27181208053691275 0.009791400595998296 0.020134228187919462
2 0.30949340144742443 0.29133618059792554 0.008514261387824606 0.018913971934106162
2 0.4340144742443593 0.27547284929835264 0.010642826734780758 0.020134228187919462
2 0.42911877394636017 0.2782184258694326 0.009365687526607066 0.019524100061012812
2 0.42464878671775225 0.2806589383770592 0.009791400595998296 0.019524100061012812
2 0.4129416773094934 0.28645515558267237 0.008514261387824606 0.017693715680292862
2 0.4086845466155811 0.29011592434411226 0.009365687526607066 0.020134228187919462
2 0.4042145593869732 0.29347162904209884 0.009791400595998296 0.020744356314826115
2 0.42017879948914433 0.2846247712019524 0.010217113665389528 0.021354484441732765
2 0.4331630481055768 0.2480170835875534 0.008939974457215836 0.020134228187919462
2 0.4284802043422733 0.2510677242220866 0.008939974457215836 0.020134228187919462
2 0.418688803746275 0.25594874923733985 0.009791400595998296 0.021354484441732765
2 0.3148148148148148 0.28981086028065894 0.008088548318433376 0.019524100061012812
2 0.3016177096636867 0.29713239780353873 0.009791400595998296 0.018303843807199512
2 0.5776926351638996 0.3767541183648566 0.019582801191996593 0.017693715680292862
2 0.9184759472115794 0.5576571079926784 0.012345679012345678 0.018303843807199512
2 0.9399744572158365 0.5530811470408786 0.01362281822051937 0.018913971934106162
2 0.9340144742443593 0.5576571079926784 0.01362281822051937 0.019524100061012812
2 0.9255002128565347 0.5646735814521049 0.011068539804171988 0.01647345942647956
2 0.9237973605789698 0.5390482001220256 0.01532567049808429 0.025015253203172667
2 0.9112388250319284 0.39566809029896277 0.01489995742869306 0.042098840756558877
2 0.9333759046402724 0.5179987797437462 0.008939974457215836 0.01586333129957291
2 0.9299702000851426 0.5222696766320928 0.011494252873563218 0.019524100061012812
2 0.9367816091954023 0.513117754728493 0.010642826734780758 0.01586333129957291
2 0.9095359727543636 0.5420988407565589 0.011494252873563218 0.018913971934106162
2 0.9016602809706258 0.5494203782794387 0.01447424435930183 0.021354484441732765
2 0.9306087696892295 0.5350823672971324 0.01447424435930183 0.023184868822452714
2 0.9344401873137506 0.4582062233068944 0.011919965942954448 0.026845637583892617
2 0.9361430395913155 0.42800488102501527 0.01532567049808429 0.03355704697986577
2 0.5038314176245211 0.8017083587553386 0.06343124733929331 0.1452104942037828
2 0.6517667092379736 0.6912751677852349 0.15410813111962537 0.11348383160463697
2 0.42358450404427417 0.25381330079316655 0.008514261387824606 0.020744356314826115
2 0.3782460621541081 0.27425259304453936 0.008088548318433376 0.020134228187919462
2 0.3829289059174117 0.2736424649176327 0.009791400595998296 0.018913971934106162
2 0.5457641549595572 0.2532031726662599 0.01447424435930183 0.01464307504575961
2 0.35908897403150275 0.3187919463087248 0.008939974457215836 0.018913971934106162
2 0.35206470838654746 0.3230628431970714 0.010217113665389528 0.020134228187919462
2 0.34716900808854834 0.32580841976815134 0.008939974457215836 0.020744356314826115
2 0.5363984674329502 0.21659548505186088 0.011068539804171988 0.012202562538133009
2 0.534269902085994 0.21018913971934106 0.01277139208173691 0.012812690665039659
2 0.5389527458492975 0.21995118974984748 0.011068539804171988 0.012812690665039659
2 0.5400170285227757 0.22818791946308725 0.01319710515112814 0.013422818791946308
2 0.5419327373350362 0.23337400854179377 0.01362281822051937 0.014032946918852958
2 0.5421455938697318 0.24283099450884685 0.0140485312899106 0.01464307504575961
2 0.5451255853554704 0.2483221476510067 0.0140485312899106 0.013422818791946308
2 0.5472541507024266 0.2589993898718731 0.01489995742869306 0.01525320317266626
2 0.38654746700723713 0.26937156802928613 0.011068539804171988 0.023794996949359364
2 0.5508727117922521 0.26784624771201954 0.01532567049808429 0.013422818791946308
2 0.5523627075351213 0.27211714460036607 0.015751383567475522 0.013422818791946308
2 0.5540655598126862 0.2782184258694326 0.018305661983822902 0.01586333129957291
2 0.5527884206045126 0.28645515558267237 0.017454235845040442 0.012812690665039659
2 0.5696040868454662 0.3450274557657108 0.017879948914431672 0.014032946918852958
2 0.5708812260536399 0.3505186089078707 0.018731375053214133 0.01647345942647956
2 0.5727969348659003 0.3566198901769372 0.018305661983822902 0.017693715680292862
2 0.5749255002128565 0.362111043319097 0.016602809706257982 0.01525320317266626
2 0.5830140485312899 0.3981086028065894 0.018305661983822902 0.018913971934106162
2 0.575776926351639 0.36943258084197683 0.019157088122605363 0.017693715680292862
2 0.36334610472541506 0.31574130567419156 0.008939974457215836 0.021354484441732765
2 0.3673903788846318 0.31299572910311163 0.009365687526607066 0.020744356314826115
2 0.342911877394636 0.3279438682123246 0.008939974457215836 0.018913971934106162
2 0.305874840357599 0.3483831604636974 0.010642826734780758 0.021964612568639415
2 0.36419753086419754 0.28187919463087246 0.008088548318433376 0.018303843807199512
2 0.36845466155810985 0.2785234899328859 0.008939974457215836 0.018913971934106162
2 0.37292464878671777 0.27547284929835264 0.008514261387824606 0.021354484441732765
2 0.3005534269902086 0.3526540573520439 0.010217113665389528 0.019524100061012812
2 0.3222647935291613 0.33831604636973767 0.008514261387824606 0.017693715680292862
2 0.3260962111536824 0.33587553386211105 0.007662835249042145 0.01647345942647956
2 0.33035334184759474 0.33557046979865773 0.008514261387824606 0.019524100061012812
2 0.334610472541507 0.33374008541793776 0.009365687526607066 0.019524100061012812
2 0.3386547467007237 0.33007931665649787 0.008088548318433376 0.01586333129957291
2 0.29672200936568754 0.32001220256253815 0.010217113665389528 0.018913971934106162
2 0.3043848446147297 0.3163514338010982 0.009365687526607066 0.020134228187919462
2 0.30949340144742443 0.313300793166565 0.009365687526607066 0.021354484441732765
2 0.31396338867603235 0.3105552165954851 0.008939974457215836 0.020744356314826115
2 0.3218390804597701 0.30445393532641857 0.009365687526607066 0.021964612568639415
2 0.32630906768837803 0.3023184868822453 0.007237122179650915 0.018913971934106162
2 0.33099191145168155 0.3004881025015253 0.008939974457215836 0.020134228187919462
2 0.33546189868028947 0.29743746186699205 0.008514261387824606 0.020134228187919462
2 0.3392933163048106 0.2953020134228188 0.009365687526607066 0.021964612568639415
2 0.34716900808854834 0.28981086028065894 0.009791400595998296 0.020744356314826115
2 0.3524904214559387 0.28767541183648565 0.008514261387824606 0.020134228187919462
2 0.3563218390804598 0.2855399633923124 0.009365687526607066 0.019524100061012812
0 0.14665815240527885 0.5646735814521049 0.06087696892294593 0.18242830994508846