0 0.8811325360019526 0.237060546875 0.01952648279228704 0.0166015625
0 0.8467171100805467 0.108154296875 0.018550158652672687 0.0146484375
0 0.8522089333658774 0.1434326171875 0.01684159140834757 0.011962890625
0 0.8580668782035635 0.1845703125 0.019282401757383452 0.01513671875
0 0.8065657798389065 0.205322265625 0.050524774225042715 0.02587890625
0 0.9366609714425189 0.340576171875 0.02074688796680498 0.0234375
0 0.9040761532828899 0.2801513671875 0.01952648279228704 0.016357421875
2 0.7653160849402001 0.1732177734375 0.002196729314132292 0.002685546875
2 0.8389065169636319 0.2269287109375 0.00244081034903588 0.002197265625
2 0.8193800341713449 0.232177734375 0.001952648279228704 0.001953125
2 0.8093727117402978 0.2052001953125 0.00244081034903588 0.002685546875
2 0.8435440566268001 0.22216796875 0.003417134488650232 0.00244140625
2 0.8428118135220893 0.222900390625 0.003417134488650232 0.00244140625
2 0.8423236514522822 0.2236328125 0.002928972418843056 0.001953125
2 0.8422016109348304 0.2249755859375 0.002684891383939468 0.002197265625
2 0.840615084207957 0.2249755859375 0.003417134488650232 0.002685546875
2 0.8398828411032463 0.226806640625 0.00244081034903588 0.001953125
2 0.7673907737368807 0.1787109375 0.00244081034903588 0.001953125
2 0.838296314376373 0.22900390625 0.002684891383939468 0.00244140625
2 0.7669026116670735 0.1796875 0.00244081034903588 0.001953125
2 0.8375640712716622 0.229736328125 0.002684891383939468 0.001953125
2 0.8356114229924335 0.22998046875 0.003173053453746644 0.001953125
2 0.8354893824749817 0.2269287109375 0.00244081034903588 0.001708984375
2 0.8131559677813034 0.2069091796875 0.002684891383939468 0.002685546875
2 0.7662924090798146 0.1739501953125 0.002196729314132292 0.002685546875
2 0.8362216255796925 0.2255859375 0.002928972418843056 0.001953125
2 0.7672687332194289 0.1744384765625 0.002684891383939468 0.003173828125
2 0.7673907737368807 0.188232421875 0.001952648279228704 0.001953125
2 0.838296314376373 0.2279052734375 0.002196729314132292 0.001708984375
2 0.8110812789846229 0.205810546875 0.00244081034903588 0.0029296875
2 0.768367097876495 0.175048828125 0.00244081034903588 0.00244140625
2 0.7694654625335612 0.1756591796875 0.002684891383939468 0.003173828125
2 0.7639736392482304 0.1773681640625 0.001952648279228704 0.002197265625
2 0.8351232609226263 0.23291015625 0.002684891383939468 0.001953125
2 0.8334146936783012 0.2353515625 0.002684891383939468 0.001953125
2 0.7933854039541127 0.197021484375 0.002196729314132292 0.00244140625
2 0.7922870392970466 0.1964111328125 0.00244081034903588 0.002197265625
2 0.7898462289480107 0.1951904296875 0.00244081034903588 0.002197265625
2 0.7886258237734928 0.194580078125 0.00244081034903588 0.00244140625
2 0.7871613375640713 0.1939697265625 0.00244081034903588 0.002197265625
2 0.7859409323895533 0.193359375 0.00244081034903588 0.00244140625
2 0.7870392970466195 0.1973876953125 0.002196729314132292 0.002197265625
2 0.8209665608982182 0.2147216796875 0.002684891383939468 0.003173828125
2 0.7883817427385892 0.1978759765625 0.001464486209421528 0.001708984375
2 0.7910666341225286 0.1998291015625 0.002928972418843056 0.002685546875
2 0.7948498901635342 0.2012939453125 0.002684891383939468 0.002685546875
2 0.7645838418354893 0.177978515625 0.002196729314132292 0.001953125
2 0.762997315108616 0.1767578125 0.001952648279228704 0.001953125
2 0.7654381254576519 0.178466796875 0.001952648279228704 0.001953125
2 0.7621430314864535 0.17626953125 0.001708567244325116 0.001953125
2 0.7324871857456675 0.1595458984375 0.000976324139614352 0.001708984375
2 0.7709299487429827 0.176513671875 0.003173053453746644 0.0029296875
2 0.7439589943861362 0.16796875 0.003417134488650232 0.00244140625
2 0.7655601659751037 0.18115234375 0.002684891383939468 0.001953125
2 0.8225530876250915 0.2154541015625 0.003417134488650232 0.003173828125
2 0.7610446668293873 0.17578125 0.001952648279228704 0.00146484375
2 0.7582377349279961 0.175048828125 0.002196729314132292 0.001953125
2 0.7592140590676104 0.174560546875 0.002684891383939468 0.001953125
2 0.7637295582133268 0.1802978515625 0.001952648279228704 0.002197265625
2 0.762997315108616 0.179443359375 0.001464486209421528 0.001953125
2 0.7622650720039053 0.178955078125 0.001464486209421528 0.001953125
2 0.7605565047595801 0.1778564453125 0.001464486209421528 0.002197265625
2 0.7643397608005857 0.172607421875 0.002196729314132292 0.00244140625
2 0.7597022211374176 0.1771240234375 0.00122040517451794 0.002197265625
2 0.766048328044911 0.1802978515625 0.002684891383939468 0.001708984375
2 0.7959482548206004 0.202392578125 0.002928972418843056 0.00244140625
2 0.7886258237734928 0.20654296875 0.00244081034903588 0.001953125
2 0.7987551867219918 0.2034912109375 0.002684891383939468 0.002685546875
2 0.8197461557237002 0.210205078125 0.002684891383939468 0.00244140625
2 0.8159628996826946 0.2081298828125 0.002928972418843056 0.003173828125
2 0.760068342689773 0.1707763671875 0.00244081034903588 0.002685546875
2 0.7610446668293873 0.171142578125 0.001952648279228704 0.00244140625
2 0.743470832316329 0.1622314453125 0.001952648279228704 0.002197265625
2 0.7442030754210398 0.1627197265625 0.001952648279228704 0.002197265625
2 0.7463998047351721 0.1639404296875 0.001952648279228704 0.002197265625
2 0.7975347815474738 0.2027587890625 0.002196729314132292 0.002197265625
2 0.7578716133756407 0.1756591796875 0.00244081034903588 0.001708984375
2 0.7474981693922382 0.1641845703125 0.001708567244325116 0.002197265625
2 0.7905784720527215 0.2086181640625 0.002928972418843056 0.002197265625
2 0.7897241884305589 0.2081298828125 0.002684891383939468 0.002197265625
2 0.7875274591164266 0.2056884765625 0.002196729314132292 0.002197265625
2 0.8153526970954357 0.22998046875 0.002196729314132292 0.001953125
2 0.9450817671466927 0.3487548828125 0.008786917256529168 0.003662109375
2 0.9128630705394191 0.27685546875 0.00976324139614352 0.01318359375
2 0.816939223822309 0.208984375 0.00244081034903588 0.00244140625
2 0.820478398828411 0.2105712890625 0.002196729314132292 0.002685546875
2 0.792653160849402 0.2119140625 0.002196729314132292 0.001953125
2 0.8220649255552843 0.21142578125 0.00244081034903588 0.00244140625
2 0.8135220893336588 0.211181640625 0.003417134488650232 0.0029296875
2 0.7943617280937271 0.2135009765625 0.003173053453746644 0.002685546875
2 0.7919209177446912 0.2110595703125 0.002196729314132292 0.001708984375
2 0.7415181840371003 0.1611328125 0.001952648279228704 0.00244140625
2 0.7406639004149378 0.16064453125 0.002196729314132292 0.00244140625
2 0.7394434952404199 0.1600341796875 0.001708567244325116 0.002197265625
2 0.8505003661215523 0.22412109375 0.0061020258725897 0.00390625
2 0.8324383695386869 0.218505859375 0.004149377593360996 0.00439453125
2 0.8318281669514279 0.216064453125 0.00244081034903588 0.0029296875
2 0.8307298022943618 0.215576171875 0.002684891383939468 0.001953125
2 0.7892360263607517 0.20751953125 0.002684891383939468 0.001953125
2 0.8345130583353674 0.2318115234375 0.003417134488650232 0.001708984375
2 0.829387356602392 0.2152099609375 0.001952648279228704 0.002685546875
2 0.8268245057359043 0.2139892578125 0.002196729314132292 0.002197265625
2 0.7506712228459849 0.1658935546875 0.001708567244325116 0.002197265625
2 0.8147424945081767 0.2296142578125 0.001952648279228704 0.002197265625
2 0.8182816695142787 0.2315673828125 0.001708567244325116 0.002197265625
2 0.7503051012936295 0.1734619140625 0.003417134488650232 0.001708984375
2 0.8123016841591408 0.206298828125 0.00244081034903588 0.0029296875
2 0.7587258969978032 0.170166015625 0.002196729314132292 0.0029296875
2 0.7566512082011227 0.169189453125 0.002928972418843056 0.0029296875
2 0.7545765194044423 0.16845703125 0.002684891383939468 0.00341796875
2 0.7528679521601171 0.1668701171875 0.001708567244325116 0.002197265625
2 0.7515255064681474 0.1666259765625 0.00244081034903588 0.002685546875
2 0.7494508176714669 0.1656494140625 0.001708567244325116 0.002197265625
2 0.8257261410788381 0.2132568359375 0.00244081034903588 0.002685546875
2 0.7483524530144008 0.1650390625 0.001952648279228704 0.00244140625
2 0.7360263607517696 0.1617431640625 0.002196729314132292 0.001220703125
2 0.8177935074444715 0.2139892578125 0.00366121552355382 0.003662109375
2 0.7526238711252136 0.176025390625 0.002684891383939468 0.00146484375
2 0.8895533317061264 0.2342529296875 0.010007322431047107 0.012451171875
2 0.8013180375884794 0.2042236328125 0.00244081034903588 0.002197265625
2 0.7343177935074444 0.1597900390625 0.003173053453746644 0.001708984375
2 0.820478398828411 0.2325439453125 0.001708567244325116 0.001708984375
2 0.797412741030022 0.198974609375 0.00244081034903588 0.00244140625
2 0.8231632902123505 0.2120361328125 0.002196729314132292 0.002685546875
2 0.8212106419331218 0.2340087890625 0.001708567244325116 0.002197265625
2 0.8274347083231632 0.21826171875 0.002928972418843056 0.00341796875
2 0.7946058091286307 0.1973876953125 0.002684891383939468 0.002685546875
2 0.784964608249939 0.1927490234375 0.00244081034903588 0.002197265625
2 0.8083963876006834 0.2044677734375 0.002928972418843056 0.003173828125
2 0.8059555772516476 0.203125 0.00244081034903588 0.00244140625
2 0.802172321210642 0.2015380859375 0.002196729314132292 0.002197265625
2 0.8223090065901879 0.23388671875 0.001464486209421528 0.001953125
2 0.7351720771296071 0.1607666015625 0.002928972418843056 0.001708984375
2 0.7615328288991945 0.1781005859375 0.001464486209421528 0.002197265625
2 0.7618989504515499 0.1715087890625 0.002196729314132292 0.002685546875
2 0.7422504271418111 0.167236328125 0.002928972418843056 0.001953125
2 0.7377349279960947 0.163330078125 0.002684891383939468 0.00146484375
2 0.8206004393458628 0.228515625 0.001952648279228704 0.00244140625
2 0.8203563583109592 0.2303466796875 0.00244081034903588 0.002197265625
2 0.7372467659262876 0.162353515625 0.003173053453746644 0.00146484375
2 0.8231632902123505 0.2315673828125 0.003173053453746644 0.002685546875
2 0.8026604832804491 0.205322265625 0.003173053453746644 0.00244140625
2 0.8046131315596778 0.20703125 0.002684891383939468 0.00341796875
2 0.8077861850134245 0.208251953125 0.002684891383939468 0.0029296875
2 0.8118135220893337 0.2105712890625 0.003417134488650232 0.003173828125
2 0.825237979009031 0.218017578125 0.003905296558457408 0.00439453125
2 0.7996094703441543 0.2001953125 0.00244081034903588 0.001953125
2 0.800951916036124 0.20068359375 0.002196729314132292 0.00244140625
2 0.8630705394190872 0.1448974609375 0.010739565535757872 0.033935546875
2 0.8346350988528192 0.2333984375 0.003173053453746644 0.00244140625
2 0.8297534781547474 0.2349853515625 0.002196729314132292 0.002197265625
2 0.8292653160849403 0.23388671875 0.002196729314132292 0.001953125
2 0.8284110324627777 0.233154296875 0.001952648279228704 0.00244140625
2 0.8254820600439345 0.235595703125 0.001952648279228704 0.00244140625
2 0.8251159384915792 0.2314453125 0.002684891383939468 0.00244140625
2 0.7412741030021968 0.16650390625 0.002928972418843056 0.00146484375
2 0.7964364168904076 0.2158203125 0.001952648279228704 0.001953125
2 0.824627776421772 0.2125244140625 0.002196729314132292 0.002685546875
2 0.8537954600927508 0.1778564453125 0.003417134488650232 0.001708984375
2 0.7621430314864535 0.1837158203125 0.003173053453746644 0.002197265625
2 0.7609226263119355 0.1832275390625 0.003173053453746644 0.002197265625
2 0.7604344642421283 0.1822509765625 0.002684891383939468 0.001220703125
2 0.7593360995850622 0.181640625 0.003417134488650232 0.001953125
2 0.7581156944105443 0.1806640625 0.003905296558457408 0.00244140625
2 0.7562850866487674 0.17919921875 0.003173053453746644 0.001953125
2 0.7555528435440566 0.1783447265625 0.003173053453746644 0.001708984375
2 0.794971930680986 0.2142333984375 0.00244081034903588 0.002197265625
2 0.7536001952648279 0.1768798828125 0.002684891383939468 0.001708984375
2 0.7640956797656822 0.186279296875 0.002684891383939468 0.00244140625
2 0.83060776177691 0.235595703125 0.00244081034903588 0.00244140625
2 0.7521357090554064 0.1751708984375 0.002684891383939468 0.001708984375
2 0.8684403221869661 0.1842041015625 0.005369782767878936 0.010986328125
2 0.751159384915792 0.17431640625 0.003173053453746644 0.001953125
2 0.7628752745911642 0.1846923828125 0.002684891383939468 0.002197265625
2 0.7498169392238223 0.1724853515625 0.002928972418843056 0.001708984375
2 0.8130339272638516 0.2296142578125 0.001952648279228704 0.002197265625
2 0.748230412496949 0.171875 0.00366121552355382 0.001953125
2 0.8114474005369783 0.2291259765625 0.002684891383939468 0.002685546875
2 0.8099829143275568 0.2279052734375 0.002196729314132292 0.002197265625
2 0.809250671222846 0.2274169921875 0.003173053453746644 0.002685546875
2 0.8082743470832316 0.226318359375 0.002684891383939468 0.0029296875
2 0.8069319013912619 0.22607421875 0.00244081034903588 0.00244140625
2 0.8058335367341958 0.2247314453125 0.002684891383939468 0.002197265625
2 0.804491091042226 0.2236328125 0.00244081034903588 0.001953125
2 0.8038808884549671 0.2227783203125 0.002684891383939468 0.002197265625
2 0.8022943617280938 0.2208251953125 0.00244081034903588 0.002197265625
2 0.8005857944837687 0.2188720703125 0.003417134488650232 0.001708984375
2 0.7998535513790579 0.217529296875 0.003417134488650232 0.001953125
2 0.7981449841347328 0.216796875 0.00244081034903588 0.00244140625
2 0.7959482548206004 0.215087890625 0.001952648279228704 0.001953125
2 0.8690505247742251 0.140869140625 0.010495484500854283 0.025390625
2 0.8753966316817183 0.142333984375 0.008542836221625579 0.02734375
2 0.7479863314620454 0.1707763671875 0.002684891383939468 0.001220703125
