0 0.713623046875 0.6004638671875 0.06884765625 0.029541015625
0 0.6143798828125 0.72216796875 0.073486328125 0.02978515625
0 0.725341796875 0.4500732421875 0.1181640625 0.104248046875
0 0.644775390625 0.408447265625 0.02978515625 0.05908203125
0 0.7908935546875 0.4547119140625 0.041748046875 0.046142578125
0 0.3375244140625 0.3271484375 0.093505859375 0.10400390625
0 0.4232177734375 0.32421875 0.052001953125 0.08935546875
0 0.5029296875 0.807373046875 0.01513671875 0.01904296875
2 0.4168701171875 0.283935546875 0.011474609375 0.00244140625
2 0.70751953125 0.373291015625 0.0068359375 0.00390625
2 0.69580078125 0.6068115234375 0.009765625 0.006103515625
2 0.6552734375 0.5416259765625 0.00634765625 0.006591796875
2 0.55810546875 0.3251953125 0.0048828125 0.017578125
2 0.5628662109375 0.3387451171875 0.004150390625 0.008544921875
2 0.56005859375 0.3394775390625 0.00341796875 0.007568359375
2 0.5625 0.3507080078125 0.0048828125 0.011962890625
2 0.5594482421875 0.3511962890625 0.005126953125 0.012451171875
2 0.626220703125 0.5072021484375 0.0078125 0.005615234375
2 0.5628662109375 0.364501953125 0.004638671875 0.01171875
2 0.560302734375 0.36572265625 0.00390625 0.01220703125
2 0.7027587890625 0.3616943359375 0.005126953125 0.003173828125
2 0.704833984375 0.36572265625 0.00634765625 0.00390625
2 0.4993896484375 0.8114013671875 0.004150390625 0.005126953125
2 0.705078125 0.3670654296875 0.00634765625 0.003662109375
2 0.560302734375 0.3089599609375 0.00439453125 0.008056640625
2 0.547607421875 0.684814453125 0.01416015625 0.01220703125
2 0.5625 0.382568359375 0.005859375 0.021484375
2 0.55712890625 0.365234375 0.00439453125 0.01220703125
2 0.7061767578125 0.370849609375 0.006591796875 0.00390625
2 0.7005615234375 0.354736328125 0.004638671875 0.0029296875
2 0.7039794921875 0.36376953125 0.007080078125 0.0048828125
2 0.499755859375 0.817138671875 0.0048828125 0.00390625
2 0.49609375 0.8052978515625 0.00439453125 0.005126953125
2 0.7188720703125 0.391357421875 0.008544921875 0.00634765625
2 0.7799072265625 0.41162109375 0.006103515625 0.00439453125
2 0.77587890625 0.39892578125 0.005859375 0.00537109375
2 0.78564453125 0.39892578125 0.00634765625 0.00390625
2 0.77783203125 0.39013671875 0.005859375 0.00390625
2 0.77001953125 0.3897705078125 0.00390625 0.002197265625
2 0.7557373046875 0.41162109375 0.005615234375 0.00439453125
2 0.761962890625 0.419677734375 0.00634765625 0.005859375
2 0.5479736328125 0.5003662109375 0.010009765625 0.004638671875
2 0.7115478515625 0.493896484375 0.010009765625 0.00830078125
2 0.7635498046875 0.423583984375 0.003173828125 0.0029296875
2 0.674072265625 0.3565673828125 0.001953125 0.005615234375
2 0.5740966796875 0.39404296875 0.005126953125 0.0146484375
2 0.5633544921875 0.300048828125 0.003173828125 0.009765625
2 0.5635986328125 0.3099365234375 0.003662109375 0.011474609375
2 0.601318359375 0.7020263671875 0.0205078125 0.006103515625
2 0.593994140625 0.716552734375 0.00634765625 0.00244140625
2 0.7271728515625 0.5206298828125 0.006103515625 0.007080078125
2 0.6820068359375 0.3536376953125 0.008056640625 0.003173828125
2 0.6812744140625 0.528076171875 0.010986328125 0.0087890625
2 0.681884765625 0.3560791015625 0.0068359375 0.003662109375
2 0.6947021484375 0.355224609375 0.005615234375 0.0029296875
2 0.6953125 0.3570556640625 0.0068359375 0.003662109375
2 0.6959228515625 0.3631591796875 0.008056640625 0.004638671875
2 0.6968994140625 0.3671875 0.006103515625 0.00390625
2 0.702392578125 0.359619140625 0.005859375 0.00439453125
2 0.553955078125 0.2906494140625 0.01708984375 0.005615234375
2 0.552734375 0.2867431640625 0.015625 0.003662109375
2 0.5198974609375 0.2938232421875 0.019287109375 0.005615234375
2 0.652587890625 0.4144287109375 0.0048828125 0.012939453125
2 0.6722412109375 0.355712890625 0.003173828125 0.0048828125
2 0.676513671875 0.35595703125 0.001953125 0.00537109375
2 0.76025390625 0.368896484375 0.005859375 0.00244140625
2 0.75146484375 0.37158203125 0.0048828125 0.00146484375
2 0.732666015625 0.3743896484375 0.00439453125 0.003662109375
2 0.7373046875 0.37109375 0.0048828125 0.00537109375
2 0.72900390625 0.37109375 0.00537109375 0.005859375
2 0.729248046875 0.3663330078125 0.00439453125 0.004150390625
2 0.697509765625 0.368896484375 0.00732421875 0.00439453125
2 0.6990966796875 0.373291015625 0.009033203125 0.0048828125
2 0.6993408203125 0.3758544921875 0.007568359375 0.004150390625
2 0.555908203125 0.3526611328125 0.00390625 0.006103515625
2 0.708984375 0.541259765625 0.005859375 0.0048828125
2 0.7452392578125 0.44384765625 0.007568359375 0.005859375
2 0.73876953125 0.4364013671875 0.00634765625 0.005615234375
2 0.4307861328125 0.5015869140625 0.021728515625 0.006103515625
2 0.4493408203125 0.293701171875 0.009521484375 0.0146484375
2 0.548828125 0.5040283203125 0.01611328125 0.005126953125
2 0.628662109375 0.3984375 0.00732421875 0.02734375
2 0.634521484375 0.42626953125 0.00732421875 0.03173828125
2 0.6485595703125 0.4315185546875 0.009521484375 0.022216796875
2 0.5206298828125 0.2882080078125 0.029541015625 0.006103515625
2 0.498046875 0.488525390625 0.0234375 0.00732421875
2 0.6954345703125 0.60400390625 0.017822265625 0.009765625
2 0.760009765625 0.418212890625 0.005859375 0.00537109375
2 0.76123046875 0.4285888671875 0.005859375 0.005126953125
2 0.6934814453125 0.4019775390625 0.004638671875 0.004150390625
2 0.6939697265625 0.409423828125 0.005126953125 0.00537109375
2 0.7017822265625 0.415771484375 0.005615234375 0.0029296875
2 0.716064453125 0.4202880859375 0.0078125 0.005615234375
2 0.739990234375 0.4036865234375 0.005859375 0.005615234375
2 0.5472412109375 0.5081787109375 0.025146484375 0.008544921875
2 0.6495361328125 0.7130126953125 0.021728515625 0.008544921875
2 0.3214111328125 0.597412109375 0.034423828125 0.0361328125
2 0.1788330078125 0.5804443359375 0.022216796875 0.005126953125
2 0.416748046875 0.2818603515625 0.01123046875 0.002197265625
2 0.41650390625 0.2860107421875 0.01171875 0.002685546875
2 0.3990478515625 0.28271484375 0.022216796875 0.00390625
2 0.605224609375 0.708251953125 0.03125 0.01318359375
2 0.39453125 0.656005859375 0.02099609375 0.02392578125
2 0.46630859375 0.668212890625 0.0283203125 0.02294921875
2 0.1512451171875 0.9156494140625 0.026611328125 0.007568359375
2 0.484619140625 0.8232421875 0.01220703125 0.00830078125
2 0.3555908203125 0.3203125 0.058837890625 0.06298828125
2 0.4136962890625 0.3040771484375 0.020751953125 0.033935546875
2 0.4395751953125 0.3182373046875 0.019775390625 0.032470703125
2 0.3946533203125 0.3839111328125 0.024658203125 0.037841796875
2 0.3154296875 0.36181640625 0.025390625 0.02587890625
2 0.7498779296875 0.40380859375 0.006591796875 0.00537109375
2 0.7611083984375 0.3863525390625 0.005126953125 0.002685546875
2 0.7252197265625 0.4307861328125 0.007080078125 0.006103515625
2 0.6053466796875 0.399658203125 0.005615234375 0.00537109375
2 0.7271728515625 0.3851318359375 0.004150390625 0.005126953125
2 0.7572021484375 0.42333984375 0.005615234375 0.00390625
2 0.7496337890625 0.416748046875 0.008544921875 0.0068359375
2 0.7484130859375 0.4132080078125 0.005126953125 0.005126953125
2 0.7423095703125 0.442138671875 0.005615234375 0.00439453125
2 0.6026611328125 0.395751953125 0.007080078125 0.00732421875
2 0.7530517578125 0.37548828125 0.003662109375 0.00341796875
2 0.7464599609375 0.4456787109375 0.007080078125 0.005126953125
2 0.76708984375 0.378173828125 0.00537109375 0.00341796875
2 0.7764892578125 0.37890625 0.005126953125 0.00341796875
2 0.7528076171875 0.3590087890625 0.004638671875 0.002197265625
2 0.7449951171875 0.409423828125 0.006591796875 0.00634765625
2 0.7188720703125 0.4224853515625 0.006103515625 0.005126953125
2 0.721923828125 0.427001953125 0.0048828125 0.0048828125
2 0.7352294921875 0.38623046875 0.006103515625 0.0048828125
2 0.711181640625 0.396484375 0.00537109375 0.0048828125
2 0.5540771484375 0.365234375 0.003173828125 0.00927734375
2 0.5699462890625 0.395263671875 0.005615234375 0.01611328125
2 0.7044677734375 0.3994140625 0.005126953125 0.005859375
2 0.7701416015625 0.4805908203125 0.004150390625 0.004638671875
2 0.7528076171875 0.46533203125 0.007568359375 0.005859375
2 0.7220458984375 0.4613037109375 0.009033203125 0.007568359375
2 0.7105712890625 0.46484375 0.009033203125 0.0078125
2 0.705078125 0.4569091796875 0.01025390625 0.007568359375
2 0.7017822265625 0.44921875 0.005615234375 0.00537109375
2 0.7357177734375 0.4439697265625 0.007080078125 0.006103515625
2 0.7381591796875 0.44921875 0.007568359375 0.005859375
2 0.552001953125 0.3662109375 0.00244140625 0.00830078125
2 0.700927734375 0.403564453125 0.00537109375 0.0048828125
2 0.736083984375 0.4464111328125 0.0068359375 0.005615234375
2 0.49853515625 0.8155517578125 0.0048828125 0.003662109375
