0 0.8310461956521739 0.7512214983713354 0.08057065217391304 0.09364820846905537
0 0.7514266304347826 0.3901669381107492 0.03328804347826087 0.042141693811074916
0 0.3870923913043478 0.7128460912052117 0.08070652173913044 0.10362377850162867
2 0.3127038043478261 0.1466815960912052 0.06019021739130435 0.06616449511400652
2 0.2108695652173913 0.4854438110749186 0.18043478260869567 0.22048045602605862
2 0.8820652173913044 0.8112785016286646 0.0453804347826087 0.05374592833876222
2 0.8955163043478261 0.6377239413680782 0.04728260869565217 0.030741042345276873
2 0.9052989130434783 0.650549674267101 0.06521739130434782 0.046213355048859935
2 0.9211277173913044 0.6688721498371335 0.059646739130434785 0.022190553745928338
2 0.9294157608695652 0.6853623778501629 0.05529891304347826 0.016490228013029316
2 0.9328125 0.6995114006514658 0.0610054347826087 0.021986970684039087
2 0.9574728260869565 0.72689332247557 0.045108695652173916 0.015268729641693811
2 0.9545516304347826 0.7414495114006515 0.05421195652173913 0.02687296416938111
2 0.9596467391304347 0.7619096091205212 0.06005434782608696 0.030741042345276873
2 0.7591032608695653 0.2717833876221498 0.04565217391304348 0.08102605863192182
2 0.33036684782608694 0.25295195439739415 0.04796195652173913 0.053135179153094465
2 0.2534646739130435 0.09039087947882736 0.027853260869565216 0.030537459283387622
2 0.24789402173913044 0.09690553745928339 0.05747282608695652 0.06270358306188925
2 0.9436141304347826 0.8843648208469055 0.0125 0.01506514657980456
2 0.9414402173913043 0.8879275244299675 0.01141304347826087 0.014047231270358305
2 0.9828804347826087 0.9292548859934854 0.01875 0.024226384364820847
2 0.9511548913043478 0.7096905537459284 0.021331521739130433 0.008957654723127036
2 0.3972826086956522 0.28918973941368076 0.012771739130434783 0.015675895765472313
2 0.8830842391304348 0.6199104234527687 0.08763586956521739 0.06596091205211727
2 0.8798913043478261 0.7684242671009772 0.09157608695652174 0.10688110749185668
2 0.8799592391304348 0.788578990228013 0.09171195652173914 0.10484527687296417
2 0.8316576086956522 0.7450122149837134 0.010869565217391304 0.007939739413680782
2 0.8335597826086957 0.7502035830618893 0.010869565217391304 0.006921824104234527
2 0.9632472826086956 0.9084894136807817 0.028668478260869566 0.03440553745928339
