0 0.5322265625 0.388427734375 0.87158203125 0.068359375
2 0.50927734375 0.3648681640625 0.09619140625 0.015380859375
2 0.98046875 0.4534912109375 0.03076171875 0.007568359375
2 0.8607177734375 0.4923095703125 0.012451171875 0.009033203125
2 0.009765625 0.4486083984375 0.01904296875 0.012451171875
2 0.0120849609375 0.4544677734375 0.023681640625 0.014404296875
2 0.3663330078125 0.3707275390625 0.049560546875 0.007080078125
2 0.6217041015625 0.3602294921875 0.103759765625 0.017333984375
2 0.9305419921875 0.9310302734375 0.012451171875 0.014404296875
2 0.938720703125 0.49072265625 0.0322265625 0.0048828125
2 0.291259765625 0.3726806640625 0.0341796875 0.006103515625
2 0.2366943359375 0.3731689453125 0.038330078125 0.007568359375
2 0.142578125 0.403076171875 0.02587890625 0.005859375
2 0.143798828125 0.399169921875 0.02197265625 0.00439453125
2 0.146240234375 0.3953857421875 0.02587890625 0.004150390625
2 0.110595703125 0.3956298828125 0.02734375 0.003662109375
2 0.1085205078125 0.4000244140625 0.025146484375 0.004150390625
2 0.1077880859375 0.404541015625 0.025634765625 0.0048828125
2 0.13134765625 0.1402587890625 0.01025390625 0.030029296875
2 0.7347412109375 0.3602294921875 0.068603515625 0.010986328125
2 0.8167724609375 0.3594970703125 0.041259765625 0.007080078125
2 0.910888671875 0.3546142578125 0.09228515625 0.014404296875
2 0.8145751953125 0.47705078125 0.016357421875 0.0048828125
2 0.857177734375 0.470458984375 0.025390625 0.0048828125
2 0.8543701171875 0.4761962890625 0.038330078125 0.006591796875
2 0.896484375 0.4693603515625 0.029296875 0.007568359375
2 0.8994140625 0.4739990234375 0.03076171875 0.007568359375
2 0.952880859375 0.47314453125 0.02001953125 0.0048828125
2 0.8944091796875 0.48974609375 0.012939453125 0.00341796875