0 0.06345108695652174 0.2051099348534202 0.05434782608695652 0.05435667752442997
0 0.0654891304347826 0.14769951140065146 0.09510869565217392 0.09344462540716612
0 0.11114130434782608 0.25793973941368076 0.03777173913043478 0.03664495114006515
2 0.2927309782608696 0.06789495114006515 0.022146739130434783 0.021783387622149836
2 0.28532608695652173 0.07471498371335505 0.01847826086956522 0.019951140065146578
2 0.0375 0.07715798045602607 0.029076086956521738 0.019951140065146578
2 0.03777173913043478 0.06066775244299674 0.026358695652173914 0.013436482084690555
2 0.03403532608695652 0.049979641693811076 0.027581521739130435 0.016083061889250815
2 0.03858695652173913 0.037153908794788276 0.020652173913043477 0.012011400651465798
2 0.03879076086956522 0.023106677524429967 0.019429347826086955 0.010789902280130293
2 0.03824728260869565 0.01638843648208469 0.020244565217391305 0.012011400651465798
2 0.10047554347826088 0.2666938110749186 0.03328804347826087 0.03216612377850163
2 0.13145380434782608 0.2392100977198697 0.025679347826086957 0.02728013029315961
2 0.3023097826086957 0.06229641693811075 0.01983695652173913 0.01710097719869707
2 0.16059782608695652 0.10342019543973942 0.025543478260869567 0.02728013029315961
2 0.15625 0.22007328990228012 0.018206521739130434 0.019543973941368076
2 0.16216032608695652 0.21427117263843648 0.017255434782608697 0.017711726384364822
2 0.2796875 0.08102605863192182 0.016168478260869566 0.015472312703583062
2 0.26521739130434785 0.10036644951140065 0.017663043478260868 0.016286644951140065
2 0.2620923913043478 0.10952768729641693 0.017663043478260868 0.016286644951140065
2 0.2516304347826087 0.11176710097719869 0.025 0.020765472312703582
2 0.16480978260869567 0.2051099348534202 0.025271739130434782 0.025447882736156353
2 0.03974184782608696 0.10087540716612378 0.025679347826086957 0.013232899022801304
2 0.0390625 0.10901872964169382 0.028668478260869566 0.013640065146579805
2 0.04048913043478261 0.11675488599348534 0.026630434782608695 0.013232899022801304
2 0.034442934782608695 0.33825325732899025 0.029211956521739132 0.029112377850162866
2 0.11936141304347826 0.24603013029315962 0.033016304347826084 0.03277687296416938
2 0.08804347826086957 0.27331026058631924 0.029619565217391303 0.02992671009771987
2 0.08029891304347826 0.28359120521172637 0.029347826086956522 0.02809446254071661
2 0.07248641304347826 0.2940757328990228 0.028940217391304347 0.028705211726384364
2 0.06372282608695652 0.3046620521172638 0.026358695652173914 0.026669381107491858
2 0.05414402173913044 0.316571661237785 0.03247282608695652 0.033794788273615636
2 0.04735054347826087 0.3277687296416938 0.028940217391304347 0.028501628664495113
2 0.12588315217391305 0.14311889250814333 0.03029891304347826 0.029723127035830618
2 0.04014945652173913 0.12734120521172637 0.025135869565217392 0.016083061889250815
2 0.11426630434782609 0.15166938110749187 0.02798913043478261 0.02768729641693811
2 0.10461956521739131 0.16123778501628663 0.03206521739130435 0.030944625407166124
2 0.09422554347826087 0.17416530944625408 0.035733695652173915 0.03236970684039088
2 0.06379076086956521 0.1634771986970684 0.034375 0.039495114006514655
2 0.05400815217391304 0.15513029315960913 0.033831521739130434 0.038273615635179156
2 0.043410326086956524 0.14851384364820847 0.034375 0.0364413680781759
2 0.029619565217391303 0.14434039087947884 0.02826086956521739 0.028908794788273615
2 0.17248641304347825 0.1967630293159609 0.024592391304347826 0.024226384364820847
2 0.17887228260869564 0.19106270358306188 0.024592391304347826 0.024226384364820847
2 0.18675271739130433 0.18312296416938112 0.02296195652173913 0.022190553745928338
2 0.31161684782608695 0.016286644951140065 0.009103260869565217 0.009364820846905538
2 0.059918478260869566 0.20897801302931596 0.04103260869565217 0.05802117263843648
2 0.14898097826086956 0.10973127035830618 0.025679347826086957 0.030537459283387622
2 0.3166440217391304 0.02880700325732899 0.033016304347826084 0.038070032573289905
2 0.23369565217391305 0.13925081433224756 0.017391304347826087 0.018729641693811076
2 0.2016304347826087 0.17497964169381108 0.016304347826086956 0.021783387622149836
2 0.3222826086956522 0.021070846905537458 0.009782608695652175 0.011197068403908795
2 0.31657608695652173 0.0184242671009772 0.010326086956521738 0.009568403908794789
2 0.3604619565217391 0.013232899022801304 0.010326086956521738 0.011400651465798045
2 0.13267663043478262 0.13171824104234528 0.027853260869565216 0.030944625407166124
2 0.04714673913043478 0.1983916938110749 0.051086956521739134 0.06087133550488599
2 0.14605978260869565 0.22455211726384364 0.026630434782608695 0.025244299674267102
2 0.14164402173913043 0.23442589576547232 0.018342391304347828 0.018526058631921825
2 0.01623641304347826 0.3554560260586319 0.03192934782608696 0.033794788273615636
2 0.21148097826086956 0.15889657980456026 0.013179347826086957 0.015675895765472313
2 0.2344429347826087 0.024938925081433225 0.018342391304347828 0.018118892508143324
2 0.1439538043478261 0.12276058631921824 0.029211956521739132 0.035830618892508145
2 0.09069293478260869 0.18821254071661236 0.011820652173913043 0.010382736156351791
2 0.21630434782608696 0.15044788273615636 0.016304347826086956 0.014250814332247556
2 0.2233695652173913 0.03959690553745928 0.025815217391304348 0.02463355048859935
2 0.21650815217391303 0.14087947882736157 0.022418478260869564 0.019136807817589578
2 0.24782608695652175 0.12031758957654723 0.02092391304347826 0.018729641693811076
2 0.24048913043478262 0.1245928338762215 0.022554347826086958 0.021579804560260585
2 0.2346467391304348 0.13192182410423453 0.02282608695652174 0.020765472312703582
2 0.25027173913043477 0.013131107491856678 0.02690217391304348 0.023819218241042345
2 0.24177989130434782 0.019136807817589578 0.020244565217391305 0.02035830618892508
2 0.2283967391304348 0.03145358306188925 0.023641304347826086 0.022190553745928338
2 0.21209239130434782 0.043973941368078175 0.02092391304347826 0.021172638436482084
2 0.1077445652173913 0.18200325732899023 0.00625 0.008143322475570033
2 0.20883152173913044 0.05394951140065147 0.027445652173913045 0.026465798045602607
2 0.20190217391304346 0.06280537459283388 0.02798913043478261 0.026262214983713356
2 0.19252717391304347 0.06830211726384365 0.026630434782608695 0.02504071661237785
2 0.18682065217391305 0.07848127035830618 0.030434782608695653 0.02504071661237785
2 0.1703125 0.09660016286644951 0.03002717391304348 0.028298045602605862
2 0.03872282608695652 0.009568403908794789 0.01875 0.010993485342019544
2 0.35489130434782606 0.008855863192182411 0.010054347826086956 0.012011400651465798
2 0.31786684782608693 0.04234527687296417 0.012364130434782608 0.01017915309446254
