0 0.560546875 0.735595703125 0.01318359375 0.046875
0 0.04052734375 0.6182861328125 0.009765625 0.008056640625
0 0.045166015625 0.5648193359375 0.03955078125 0.031494140625
0 0.6591796875 0.746337890625 0.02734375 0.04833984375
0 0.09130859375 0.6138916015625 0.06005859375 0.040283203125
0 0.6695556640625 0.797607421875 0.015380859375 0.048828125
0 0.077880859375 0.621826171875 0.02099609375 0.01025390625
0 0.063232421875 0.6114501953125 0.01025390625 0.013427734375
0 0.0526123046875 0.608642578125 0.022705078125 0.02001953125
0 0.0535888671875 0.531494140625 0.057861328125 0.02880859375
0 0.7012939453125 0.8154296875 0.024658203125 0.01513671875
0 0.152099609375 0.6156005859375 0.0693359375 0.067626953125
0 0.86572265625 0.221923828125 0.00537109375 0.0380859375
0 0.0269775390625 0.5029296875 0.018310546875 0.0087890625
0 0.0625 0.474365234375 0.099609375 0.06494140625
0 0.1356201171875 0.3343505859375 0.262939453125 0.188720703125
0 0.859375 0.7506103515625 0.05126953125 0.056884765625
0 0.732421875 0.7738037109375 0.01904296875 0.023681640625
0 0.1962890625 0.651611328125 0.04248046875 0.02587890625
2 0.7230224609375 0.7955322265625 0.006103515625 0.002197265625
2 0.7364501953125 0.83251953125 0.002685546875 0.0029296875
2 0.7489013671875 0.7999267578125 0.007568359375 0.006591796875
2 0.7501220703125 0.80517578125 0.005615234375 0.00439453125
2 0.755126953125 0.806396484375 0.0048828125 0.001953125
2 0.75537109375 0.7989501953125 0.005859375 0.002685546875
2 0.744873046875 0.7935791015625 0.00537109375 0.005126953125
2 0.7607421875 0.825927734375 0.00244140625 0.0029296875
2 0.7379150390625 0.8424072265625 0.003662109375 0.003662109375
2 0.737060546875 0.8375244140625 0.0029296875 0.003173828125
2 0.7366943359375 0.8360595703125 0.003662109375 0.003662109375
2 0.7364501953125 0.8341064453125 0.003173828125 0.002685546875
2 0.7470703125 0.8045654296875 0.0029296875 0.003662109375
2 0.7481689453125 0.7974853515625 0.007080078125 0.007080078125
2 0.6495361328125 0.8099365234375 0.002685546875 0.002685546875
2 0.670166015625 0.807373046875 0.00390625 0.00146484375
2 0.6710205078125 0.804443359375 0.005615234375 0.00146484375
2 0.72216796875 0.767822265625 0.005859375 0.01220703125
2 0.7239990234375 0.78125 0.002685546875 0.00146484375
2 0.737548828125 0.8408203125 0.00390625 0.00341796875
2 0.6324462890625 0.815185546875 0.002685546875 0.0009765625
2 0.63232421875 0.8162841796875 0.00244140625 0.001220703125
2 0.6322021484375 0.8173828125 0.002685546875 0.0009765625
2 0.852783203125 0.762451171875 0.00341796875 0.001953125
2 0.7349853515625 0.82275390625 0.002197265625 0.0029296875
2 0.7373046875 0.811279296875 0.00390625 0.00244140625
2 0.7698974609375 0.8126220703125 0.002197265625 0.004638671875
2 0.654541015625 0.818603515625 0.00146484375 0.00244140625
2 0.7615966796875 0.8131103515625 0.002197265625 0.004150390625
2 0.7518310546875 0.8193359375 0.007080078125 0.00634765625
2 0.633056640625 0.8123779296875 0.00341796875 0.001220703125
2 0.7252197265625 0.8040771484375 0.004150390625 0.001708984375
2 0.7254638671875 0.804931640625 0.004150390625 0.001953125
2 0.6331787109375 0.80517578125 0.002685546875 0.00146484375
2 0.6448974609375 0.815673828125 0.002197265625 0.00341796875
2 0.651611328125 0.8165283203125 0.001953125 0.002685546875
2 0.6527099609375 0.8162841796875 0.002197265625 0.002685546875
2 0.654296875 0.8160400390625 0.00146484375 0.002685546875
2 0.6553955078125 0.8221435546875 0.001708984375 0.002685546875
2 0.7342529296875 0.819091796875 0.003173828125 0.00390625
2 0.65673828125 0.82177734375 0.00146484375 0.0029296875
2 0.7249755859375 0.802734375 0.004638671875 0.001953125
2 0.6580810546875 0.8218994140625 0.001220703125 0.003173828125
2 0.6331787109375 0.810546875 0.003173828125 0.0009765625
2 0.632568359375 0.8140869140625 0.0029296875 0.001220703125
2 0.735595703125 0.798828125 0.00732421875 0.0048828125
2 0.7303466796875 0.793701171875 0.003662109375 0.00439453125
2 0.7236328125 0.78369140625 0.00439453125 0.001953125
2 0.7239990234375 0.782470703125 0.003662109375 0.00146484375
2 0.7342529296875 0.816650390625 0.002197265625 0.00390625
2 0.669921875 0.8148193359375 0.00341796875 0.001220703125
2 0.669677734375 0.8162841796875 0.0029296875 0.001220703125
2 0.7728271484375 0.80224609375 0.005126953125 0.00146484375
2 0.723876953125 0.7613525390625 0.00146484375 0.002685546875
2 0.6697998046875 0.8087158203125 0.003662109375 0.001708984375
2 0.735107421875 0.824951171875 0.0029296875 0.00341796875
2 0.7359619140625 0.830810546875 0.002685546875 0.00341796875
2 0.7242431640625 0.7989501953125 0.004638671875 0.002197265625
2 0.72509765625 0.8001708984375 0.00341796875 0.001708984375
2 0.866455078125 0.765869140625 0.0029296875 0.00244140625
2 0.771240234375 0.7967529296875 0.00439453125 0.001708984375
2 0.76953125 0.7890625 0.00390625 0.001953125
2 0.8538818359375 0.7613525390625 0.003173828125 0.002197265625
2 0.728759765625 0.76220703125 0.00341796875 0.00732421875
2 0.8636474609375 0.7503662109375 0.002685546875 0.001708984375
2 0.63134765625 0.822998046875 0.0029296875 0.00146484375
2 0.7828369140625 0.79833984375 0.005126953125 0.001953125
2 0.789794921875 0.80908203125 0.00537109375 0.001953125
2 0.7918701171875 0.8118896484375 0.004150390625 0.001708984375
2 0.86376953125 0.769775390625 0.0029296875 0.0029296875
2 0.8642578125 0.768310546875 0.0029296875 0.00244140625
2 0.8614501953125 0.75341796875 0.002197265625 0.001953125
2 0.8695068359375 0.7630615234375 0.003173828125 0.002685546875
2 0.67138671875 0.7830810546875 0.00634765625 0.002197265625
2 0.671630859375 0.787109375 0.0068359375 0.00244140625
2 0.906494140625 0.133056640625 0.0029296875 0.001953125
2 0.633544921875 0.80908203125 0.00341796875 0.00146484375
2 0.6314697265625 0.8214111328125 0.002685546875 0.001220703125
2 0.861328125 0.771728515625 0.00341796875 0.0029296875
2 0.670166015625 0.8028564453125 0.00439453125 0.001220703125
2 0.670166015625 0.8179931640625 0.00390625 0.001220703125
2 0.6641845703125 0.810302734375 0.003662109375 0.00146484375
2 0.664306640625 0.809326171875 0.00341796875 0.0009765625
2 0.6639404296875 0.8082275390625 0.003662109375 0.000732421875
2 0.663330078125 0.8070068359375 0.00390625 0.001220703125
2 0.8526611328125 0.763671875 0.004150390625 0.001953125
2 0.663818359375 0.8055419921875 0.00390625 0.001220703125
2 0.66357421875 0.80322265625 0.00439453125 0.0009765625
2 0.6634521484375 0.802001953125 0.004638671875 0.00146484375
2 0.66357421875 0.8006591796875 0.0048828125 0.001220703125
2 0.7652587890625 0.8125 0.003173828125 0.0048828125
2 0.6318359375 0.820068359375 0.00244140625 0.0009765625
2 0.7718505859375 0.8125 0.002685546875 0.00390625
2 0.8594970703125 0.755126953125 0.002685546875 0.001953125
2 0.8751220703125 0.7379150390625 0.003173828125 0.002685546875
2 0.86083984375 0.754150390625 0.0029296875 0.001953125
2 0.8563232421875 0.75830078125 0.003173828125 0.001953125
2 0.663330078125 0.8043212890625 0.00390625 0.001220703125
2 0.80810546875 0.7813720703125 0.00341796875 0.005126953125
2 0.8507080078125 0.7652587890625 0.003662109375 0.002197265625
2 0.865478515625 0.7669677734375 0.00341796875 0.002685546875
2 0.63232421875 0.818603515625 0.0029296875 0.00146484375
2 0.750732421875 0.814208984375 0.0078125 0.0068359375
2 0.7318115234375 0.800048828125 0.002685546875 0.00341796875
2 0.5914306640625 0.1868896484375 0.014892578125 0.004150390625
2 0.867431640625 0.7464599609375 0.00341796875 0.002197265625
2 0.7281494140625 0.77099609375 0.001708984375 0.0029296875
2 0.72509765625 0.76123046875 0.00146484375 0.00244140625
2 0.876708984375 0.7354736328125 0.0029296875 0.001708984375
2 0.8740234375 0.7392578125 0.00390625 0.00244140625
2 0.773681640625 0.8118896484375 0.00244140625 0.004638671875
2 0.8729248046875 0.7403564453125 0.003662109375 0.002685546875
2 0.054931640625 0.633056640625 0.0029296875 0.00244140625
2 0.87109375 0.7413330078125 0.0029296875 0.001708984375
2 0.8695068359375 0.7445068359375 0.003662109375 0.002685546875
2 0.867919921875 0.745361328125 0.00341796875 0.00244140625
2 0.8660888671875 0.7476806640625 0.003173828125 0.002197265625
2 0.7247314453125 0.7742919921875 0.004150390625 0.002197265625
2 0.7987060546875 0.797607421875 0.004150390625 0.0048828125
2 0.864990234375 0.74951171875 0.00341796875 0.001953125
2 0.86279296875 0.7510986328125 0.0029296875 0.002197265625
2 0.862060546875 0.7523193359375 0.0029296875 0.002685546875
2 0.7720947265625 0.80078125 0.008056640625 0.001953125
2 0.7728271484375 0.803955078125 0.007080078125 0.00244140625
2 0.870361328125 0.743408203125 0.0029296875 0.00244140625
2 0.05419921875 0.6341552734375 0.0029296875 0.002197265625
2 0.06005859375 0.6265869140625 0.00341796875 0.002685546875
2 0.0609130859375 0.6251220703125 0.002685546875 0.001708984375
2 0.7308349609375 0.7786865234375 0.004638671875 0.009521484375
2 0.797607421875 0.7894287109375 0.005859375 0.003662109375
2 0.0562744140625 0.64013671875 0.001708984375 0.0029296875
2 0.2008056640625 0.6488037109375 0.003173828125 0.001708984375
2 0.2049560546875 0.6796875 0.004150390625 0.00244140625
2 0.189453125 0.682373046875 0.00244140625 0.00341796875
2 0.1951904296875 0.684326171875 0.003173828125 0.00341796875
2 0.2039794921875 0.6820068359375 0.004150390625 0.002197265625
2 0.20361328125 0.6832275390625 0.00439453125 0.002685546875
2 0.20263671875 0.6844482421875 0.00439453125 0.002685546875
2 0.2021484375 0.6868896484375 0.00390625 0.002197265625
2 0.199462890625 0.685791015625 0.001953125 0.0029296875
2 0.169677734375 0.663818359375 0.00390625 0.00244140625
2 0.1710205078125 0.66064453125 0.004150390625 0.00244140625
2 0.1712646484375 0.659423828125 0.003662109375 0.00244140625
2 0.798828125 0.785888671875 0.00390625 0.0029296875
2 0.121826171875 0.6614990234375 0.0029296875 0.003662109375
2 0.2044677734375 0.6810302734375 0.004150390625 0.002197265625
2 0.11669921875 0.65966796875 0.00244140625 0.00341796875
2 0.16845703125 0.666259765625 0.00341796875 0.0029296875
2 0.1651611328125 0.6737060546875 0.004150390625 0.002197265625
2 0.0576171875 0.63037109375 0.00244140625 0.00146484375
2 0.873046875 0.757568359375 0.00390625 0.00439453125
2 0.0728759765625 0.6375732421875 0.002685546875 0.002685546875
2 0.723388671875 0.794189453125 0.00390625 0.00146484375
2 0.7230224609375 0.7977294921875 0.005615234375 0.001708984375
2 0.0582275390625 0.6239013671875 0.003662109375 0.002685546875
2 0.051513671875 0.6380615234375 0.00244140625 0.002685546875
2 0.7359619140625 0.8035888671875 0.006591796875 0.005126953125
2 0.07275390625 0.631591796875 0.00341796875 0.001953125
2 0.2076416015625 0.6746826171875 0.004150390625 0.002685546875
2 0.208251953125 0.6734619140625 0.00439453125 0.003173828125
2 0.2091064453125 0.6715087890625 0.004638671875 0.002685546875
2 0.0677490234375 0.6390380859375 0.002685546875 0.003173828125
2 0.07763671875 0.6265869140625 0.001953125 0.002685546875
2 0.0728759765625 0.625244140625 0.002197265625 0.00244140625
2 0.088623046875 0.6336669921875 0.00244140625 0.002685546875
2 0.07763671875 0.6312255859375 0.00390625 0.002197265625
2 0.07080078125 0.63427734375 0.00390625 0.001953125
2 0.07177734375 0.6326904296875 0.0029296875 0.002197265625
2 0.0738525390625 0.63037109375 0.003173828125 0.00244140625
2 0.2042236328125 0.6533203125 0.003662109375 0.0029296875
2 0.074951171875 0.6290283203125 0.00341796875 0.002197265625
2 0.0635986328125 0.63623046875 0.003662109375 0.00244140625
2 0.0638427734375 0.6297607421875 0.002685546875 0.001708984375
2 0.0645751953125 0.6348876953125 0.003173828125 0.002197265625
2 0.0880126953125 0.630126953125 0.002197265625 0.0029296875
2 0.070068359375 0.6380615234375 0.0029296875 0.003173828125
2 0.070068359375 0.6353759765625 0.00341796875 0.002197265625
2 0.8685302734375 0.763671875 0.003173828125 0.0029296875
2 0.80615234375 0.7864990234375 0.0048828125 0.005126953125
2 0.85546875 0.760009765625 0.0029296875 0.00146484375
2 0.2059326171875 0.6502685546875 0.004638671875 0.003173828125
2 0.203125 0.655029296875 0.00341796875 0.00244140625
2 0.0908203125 0.6331787109375 0.0029296875 0.002685546875
2 0.72021484375 0.79052734375 0.00341796875 0.001953125
2 0.0650634765625 0.6336669921875 0.003173828125 0.002197265625
2 0.064697265625 0.6282958984375 0.0029296875 0.002685546875
2 0.0589599609375 0.62890625 0.002685546875 0.001953125
2 0.0565185546875 0.6263427734375 0.002685546875 0.002685546875
2 0.1910400390625 0.6827392578125 0.002685546875 0.003173828125
2 0.192626953125 0.683349609375 0.0029296875 0.0029296875
2 0.1429443359375 0.658447265625 0.004150390625 0.001953125
2 0.1708984375 0.661865234375 0.00439453125 0.00244140625
2 0.1881103515625 0.681884765625 0.002197265625 0.0029296875
2 0.6722412109375 0.78125 0.006591796875 0.00244140625
2 0.7227783203125 0.791748046875 0.004638671875 0.00146484375
2 0.0576171875 0.6248779296875 0.0029296875 0.002197265625
2 0.662109375 0.78173828125 0.00732421875 0.00244140625
2 0.6629638671875 0.7869873046875 0.006591796875 0.001708984375
2 0.6634521484375 0.7900390625 0.005615234375 0.001953125
2 0.662841796875 0.793212890625 0.00732421875 0.00146484375
2 0.6634521484375 0.7991943359375 0.005126953125 0.001708984375
2 0.86767578125 0.7647705078125 0.0029296875 0.002197265625
2 0.1651611328125 0.6722412109375 0.003662109375 0.002685546875
2 0.80029296875 0.78466796875 0.005859375 0.0048828125
2 0.1390380859375 0.6612548828125 0.003173828125 0.002685546875
2 0.20556640625 0.6788330078125 0.00390625 0.002197265625
2 0.9383544921875 0.205322265625 0.007568359375 0.00341796875
2 0.126220703125 0.655517578125 0.0029296875 0.00341796875
2 0.1461181640625 0.603515625 0.004150390625 0.005859375
2 0.1826171875 0.6805419921875 0.00244140625 0.003173828125
2 0.8865966796875 0.7413330078125 0.004150390625 0.004638671875
2 0.6632080078125 0.796142578125 0.006103515625 0.00146484375
2 0.670654296875 0.7965087890625 0.005859375 0.001708984375
2 0.6708984375 0.7947998046875 0.005859375 0.001708984375
2 0.671142578125 0.793212890625 0.005859375 0.001953125
2 0.735107421875 0.794921875 0.0068359375 0.0048828125
2 0.7440185546875 0.84375 0.003173828125 0.0068359375
2 0.185302734375 0.6812744140625 0.00244140625 0.002685546875
2 0.6630859375 0.7772216796875 0.00732421875 0.002197265625
2 0.1842041015625 0.680908203125 0.002685546875 0.00341796875
2 0.6630859375 0.797607421875 0.00634765625 0.00146484375
2 0.88330078125 0.7464599609375 0.0029296875 0.002685546875
2 0.84228515625 0.773193359375 0.0029296875 0.00244140625
2 0.6707763671875 0.805908203125 0.005615234375 0.00146484375
2 0.85888671875 0.7745361328125 0.0029296875 0.002685546875
2 0.030517578125 0.5010986328125 0.0078125 0.004638671875
2 0.0223388671875 0.50537109375 0.004150390625 0.001953125
2 0.0736083984375 0.053466796875 0.006103515625 0.00439453125
2 0.7274169921875 0.8138427734375 0.003173828125 0.001708984375
2 0.72705078125 0.8125 0.00341796875 0.001953125
2 0.7269287109375 0.8111572265625 0.003662109375 0.002197265625
2 0.6453857421875 0.8314208984375 0.004150390625 0.001708984375
2 0.1788330078125 0.679443359375 0.003173828125 0.00341796875
2 0.881103515625 0.749267578125 0.00146484375 0.00244140625
2 0.63134765625 0.8270263671875 0.00390625 0.001708984375
2 0.7398681640625 0.830078125 0.004638671875 0.00390625
2 0.6646728515625 0.814208984375 0.002685546875 0.00146484375
2 0.7337646484375 0.8143310546875 0.002685546875 0.004150390625
2 0.7470703125 0.842041015625 0.00341796875 0.0068359375
2 0.760986328125 0.828857421875 0.001953125 0.00341796875
2 0.75341796875 0.8258056640625 0.00537109375 0.001708984375
2 0.74951171875 0.8326416015625 0.00341796875 0.007080078125
2 0.7515869140625 0.8323974609375 0.002685546875 0.005126953125
2 0.7432861328125 0.836181640625 0.001708984375 0.00390625
2 0.7398681640625 0.83349609375 0.004150390625 0.00341796875
2 0.7398681640625 0.83203125 0.004638671875 0.00341796875
2 0.66552734375 0.817626953125 0.00244140625 0.00146484375
2 0.8780517578125 0.753173828125 0.001708984375 0.00244140625
2 0.6640625 0.811767578125 0.00341796875 0.0009765625
2 0.1768798828125 0.6785888671875 0.003173828125 0.003173828125
2 0.1805419921875 0.6795654296875 0.002685546875 0.003173828125
2 0.671630859375 0.784912109375 0.00634765625 0.00244140625
2 0.8707275390625 0.7615966796875 0.003173828125 0.002685546875
2 0.6658935546875 0.8197021484375 0.002685546875 0.002197265625
2 0.6722412109375 0.7796630859375 0.006591796875 0.002197265625
2 0.72314453125 0.7928466796875 0.00439453125 0.001708984375
2 0.8724365234375 0.759521484375 0.002685546875 0.00244140625
2 0.875732421875 0.755126953125 0.00341796875 0.001953125
2 0.13427734375 0.635986328125 0.00146484375 0.00244140625
2 0.6309814453125 0.8289794921875 0.003662109375 0.001220703125
2 0.6728515625 0.77783203125 0.0078125 0.001953125
2 0.049072265625 0.4840087890625 0.01611328125 0.005615234375
2 0.756591796875 0.787353515625 0.00390625 0.00634765625
2 0.6339111328125 0.7972412109375 0.003173828125 0.001708984375
2 0.6336669921875 0.7991943359375 0.003173828125 0.001220703125
2 0.783447265625 0.80419921875 0.0029296875 0.0009765625
2 0.8968505859375 0.7080078125 0.001708984375 0.00244140625
2 0.8983154296875 0.7098388671875 0.003173828125 0.002197265625
2 0.7081298828125 0.8048095703125 0.001708984375 0.004638671875
2 0.1859130859375 0.665283203125 0.003662109375 0.00244140625
2 0.70458984375 0.826904296875 0.001953125 0.00341796875
2 0.65234375 0.8240966796875 0.00146484375 0.003173828125
2 0.63427734375 0.795654296875 0.0029296875 0.00146484375
2 0.7530517578125 0.7872314453125 0.002685546875 0.005615234375
2 0.3057861328125 0.4805908203125 0.004638671875 0.005615234375
2 0.864990234375 0.6278076171875 0.056640625 0.044189453125
2 0.93212890625 0.55712890625 0.0693359375 0.05322265625
2 0.5257568359375 0.4598388671875 0.006591796875 0.005126953125
2 0.859130859375 0.41259765625 0.02392578125 0.07861328125
2 0.6710205078125 0.4388427734375 0.160400390625 0.022216796875
2 0.8101806640625 0.49560546875 0.011474609375 0.00341796875
2 0.7852783203125 0.4947509765625 0.018310546875 0.005126953125
2 0.716796875 0.491455078125 0.01806640625 0.00537109375
2 0.68310546875 0.489013671875 0.01025390625 0.0029296875
2 0.0247802734375 0.4696044921875 0.006103515625 0.004150390625
2 0.712646484375 0.807861328125 0.0029296875 0.0048828125
2 0.0335693359375 0.4522705078125 0.003662109375 0.004150390625
2 0.7261962890625 0.8089599609375 0.004150390625 0.002197265625
2 0.6300048828125 0.8330078125 0.002685546875 0.0009765625
2 0.6378173828125 0.8428955078125 0.005126953125 0.001220703125
2 0.6361083984375 0.8297119140625 0.003662109375 0.001220703125
2 0.6358642578125 0.83203125 0.003662109375 0.00146484375
2 0.638671875 0.834228515625 0.00439453125 0.001953125
2 0.6373291015625 0.8377685546875 0.003662109375 0.001220703125
2 0.6396484375 0.829833984375 0.00341796875 0.001953125
2 0.89892578125 0.716064453125 0.00341796875 0.001953125
2 0.6466064453125 0.8280029296875 0.003662109375 0.001708984375
2 0.6455078125 0.8350830078125 0.00390625 0.001220703125
2 0.6302490234375 0.8345947265625 0.002685546875 0.001220703125
2 0.7095947265625 0.8050537109375 0.002197265625 0.007568359375
2 0.8604736328125 0.772705078125 0.002685546875 0.00244140625
2 0.030029296875 0.4619140625 0.00732421875 0.00439453125
2 0.0281982421875 0.477783203125 0.013427734375 0.00732421875
2 0.6942138671875 0.8046875 0.003173828125 0.009765625
2 0.6953125 0.814453125 0.00390625 0.00146484375
2 0.6943359375 0.820556640625 0.0068359375 0.00244140625
2 0.6956787109375 0.8167724609375 0.005615234375 0.002197265625
2 0.7056884765625 0.81494140625 0.003173828125 0.00830078125
2 0.8988037109375 0.713134765625 0.003173828125 0.0009765625
2 0.7056884765625 0.805419921875 0.002685546875 0.00634765625
2 0.17529296875 0.67822265625 0.00244140625 0.0029296875
2 0.7391357421875 0.8258056640625 0.005615234375 0.004638671875
2 0.10546875 0.6209716796875 0.005859375 0.002197265625
2 0.343505859375 0.208251953125 0.00390625 0.00341796875
2 0.8984375 0.7117919921875 0.00390625 0.001220703125
2 0.725830078125 0.8076171875 0.00390625 0.001953125
2 0.0731201171875 0.4595947265625 0.009521484375 0.006103515625
2 0.8480224609375 0.4967041015625 0.004150390625 0.001708984375
2 0.3126220703125 0.40966796875 0.002685546875 0.00390625
2 0.281982421875 0.4085693359375 0.0029296875 0.002685546875
2 0.2158203125 0.4022216796875 0.0029296875 0.003662109375
2 0.0345458984375 0.4576416015625 0.009033203125 0.005126953125
2 0.123779296875 0.0968017578125 0.00537109375 0.002685546875
2 0.1778564453125 0.6741943359375 0.003173828125 0.002197265625
2 0.3231201171875 0.24658203125 0.002197265625 0.0029296875
2 0.708251953125 0.8367919921875 0.00439453125 0.002197265625
2 0.3455810546875 0.3048095703125 0.002197265625 0.005126953125
2 0.0921630859375 0.4849853515625 0.002685546875 0.004638671875
2 0.1953125 0.069580078125 0.005859375 0.00341796875
2 0.2408447265625 0.1136474609375 0.006103515625 0.004150390625
2 0.0653076171875 0.205810546875 0.004638671875 0.001953125
2 0.1124267578125 0.60986328125 0.006103515625 0.0029296875
2 0.111328125 0.6112060546875 0.005859375 0.002197265625
2 0.110595703125 0.612548828125 0.00634765625 0.0029296875
2 0.1097412109375 0.6141357421875 0.006591796875 0.003173828125
2 0.10888671875 0.615478515625 0.0068359375 0.0029296875
2 0.8990478515625 0.7144775390625 0.003662109375 0.001220703125
2 0.646484375 0.82958984375 0.00341796875 0.001953125
2 0.0999755859375 0.6068115234375 0.002197265625 0.003173828125
2 0.65771484375 0.8389892578125 0.001953125 0.002685546875
2 0.1363525390625 0.63671875 0.002197265625 0.0029296875
2 0.135498046875 0.6357421875 0.001953125 0.00341796875
2 0.858642578125 0.35107421875 0.00537109375 0.013671875
2 0.691650390625 0.806396484375 0.00146484375 0.0048828125
2 0.093017578125 0.476806640625 0.00244140625 0.00439453125
2 0.655029296875 0.84423828125 0.001953125 0.00341796875
2 0.23388671875 0.2315673828125 0.0029296875 0.001220703125
2 0.64453125 0.8436279296875 0.00390625 0.001220703125
2 0.644775390625 0.8453369140625 0.00390625 0.001220703125
2 0.6580810546875 0.8348388671875 0.001708984375 0.002685546875
2 0.65771484375 0.8424072265625 0.00146484375 0.002685546875
2 0.644775390625 0.842041015625 0.00390625 0.0009765625
2 0.7286376953125 0.8427734375 0.004638671875 0.001953125
2 0.7283935546875 0.840087890625 0.004150390625 0.001953125
2 0.727783203125 0.8375244140625 0.00390625 0.002685546875
2 0.777099609375 0.79248046875 0.00244140625 0.00390625
2 0.869384765625 0.209716796875 0.0029296875 0.0068359375
2 0.8790283203125 0.2113037109375 0.005126953125 0.011474609375
2 0.8848876953125 0.2108154296875 0.004638671875 0.010986328125
2 0.043212890625 0.4471435546875 0.00390625 0.002685546875
2 0.6446533203125 0.840087890625 0.003662109375 0.00146484375
2 0.6448974609375 0.8370361328125 0.003662109375 0.001708984375
2 0.1064453125 0.618408203125 0.005859375 0.0029296875
2 0.0477294921875 0.5240478515625 0.005126953125 0.006103515625
2 0.6739501953125 0.776123046875 0.010009765625 0.0029296875
2 0.159423828125 0.6461181640625 0.00732421875 0.004150390625
2 0.0909423828125 0.6044921875 0.003662109375 0.00439453125
2 0.129150390625 0.634521484375 0.001953125 0.0029296875
2 0.089111328125 0.60400390625 0.0029296875 0.00439453125
2 0.0858154296875 0.6026611328125 0.003173828125 0.004150390625
2 0.0841064453125 0.602294921875 0.003173828125 0.00390625
2 0.08251953125 0.6016845703125 0.00390625 0.004638671875
2 0.08056640625 0.60107421875 0.0029296875 0.00439453125
2 0.079345703125 0.600341796875 0.00244140625 0.00341796875
2 0.0743408203125 0.5914306640625 0.004638671875 0.007080078125
2 0.1041259765625 0.623779296875 0.006103515625 0.0029296875
2 0.0875244140625 0.6033935546875 0.003173828125 0.005615234375
2 0.0943603515625 0.60498046875 0.002197265625 0.00341796875
2 0.8533935546875 0.4969482421875 0.004150390625 0.002197265625
2 0.8956298828125 0.707763671875 0.002197265625 0.00244140625
2 0.898193359375 0.7081298828125 0.00146484375 0.002685546875
2 0.1737060546875 0.677734375 0.002685546875 0.0029296875
2 0.171142578125 0.6767578125 0.00244140625 0.0029296875
2 0.169677734375 0.6763916015625 0.001953125 0.002685546875
2 0.1868896484375 0.681640625 0.001708984375 0.0029296875
2 0.0374755859375 0.5643310546875 0.006103515625 0.005126953125
2 0.004638671875 0.5667724609375 0.00634765625 0.004638671875
2 0.007568359375 0.569091796875 0.005859375 0.0048828125
2 0.0926513671875 0.605224609375 0.003662109375 0.0048828125
2 0.0960693359375 0.605712890625 0.002197265625 0.0029296875
2 0.076904296875 0.59228515625 0.00439453125 0.0068359375
2 0.85595703125 0.7777099609375 0.0029296875 0.002685546875
2 0.8446044921875 0.771728515625 0.003173828125 0.00244140625
2 0.12548828125 0.632080078125 0.0029296875 0.00390625
2 0.7847900390625 0.812744140625 0.004638671875 0.001953125
2 0.7847900390625 0.78466796875 0.002685546875 0.0048828125
2 0.7813720703125 0.783935546875 0.002685546875 0.0048828125
2 0.7786865234375 0.7850341796875 0.002685546875 0.003662109375
2 0.76904296875 0.7855224609375 0.001953125 0.004638671875
2 0.7330322265625 0.8092041015625 0.002197265625 0.003173828125
2 0.732421875 0.802490234375 0.00341796875 0.00390625
2 0.7332763671875 0.811767578125 0.002685546875 0.00439453125
2 0.8597412109375 0.7735595703125 0.002685546875 0.002197265625
2 0.09716796875 0.60595703125 0.00244140625 0.00341796875
2 0.848388671875 0.767333984375 0.00341796875 0.00244140625
2 0.787841796875 0.783203125 0.00244140625 0.0048828125
2 0.8309326171875 0.4959716796875 0.006591796875 0.002197265625
2 0.12646484375 0.6334228515625 0.001953125 0.003173828125
2 0.002685546875 0.513427734375 0.00439453125 0.00439453125
2 0.1328125 0.6358642578125 0.00244140625 0.002685546875
2 0.1314697265625 0.6353759765625 0.002197265625 0.003173828125
2 0.0928955078125 0.5982666015625 0.004150390625 0.005615234375
2 0.0775146484375 0.5999755859375 0.004150390625 0.005126953125
2 0.0986328125 0.606201171875 0.0029296875 0.00341796875
2 0.2060546875 0.6783447265625 0.00439453125 0.003662109375
2 0.20703125 0.6767578125 0.00439453125 0.00244140625
2 0.2073974609375 0.6759033203125 0.004150390625 0.002197265625
2 0.1390380859375 0.6373291015625 0.002685546875 0.003173828125
2 0.8572998046875 0.7762451171875 0.002685546875 0.002197265625
2 0.664794921875 0.81591796875 0.0029296875 0.00146484375
2 0.858154296875 0.775146484375 0.0029296875 0.00244140625
2 0.8477783203125 0.768798828125 0.004150390625 0.00244140625
2 0.633544921875 0.802978515625 0.0029296875 0.00146484375
2 0.7257080078125 0.8060302734375 0.004150390625 0.002197265625
2 0.6337890625 0.80029296875 0.00341796875 0.0009765625
2 0.008056640625 0.5604248046875 0.00537109375 0.004638671875
2 0.1556396484375 0.6431884765625 0.003173828125 0.003662109375
2 0.137939453125 0.63671875 0.00244140625 0.00341796875
2 0.0235595703125 0.571533203125 0.006103515625 0.0048828125
2 0.853515625 0.7806396484375 0.0029296875 0.002685546875
2 0.0860595703125 0.59619140625 0.003662109375 0.00537109375
2 0.0181884765625 0.5777587890625 0.005615234375 0.005126953125
2 0.013671875 0.57373046875 0.005859375 0.00537109375
2 0.0103759765625 0.57177734375 0.007080078125 0.00537109375
2 0.005615234375 0.5889892578125 0.0078125 0.005615234375
2 0.1307373046875 0.634765625 0.002685546875 0.00390625
2 0.015869140625 0.5654296875 0.00732421875 0.00537109375
2 0.105712890625 0.6197509765625 0.005859375 0.002197265625
2 0.043701171875 0.5230712890625 0.00439453125 0.004150390625
2 0.037109375 0.5194091796875 0.00634765625 0.006591796875
2 0.85498046875 0.778564453125 0.0029296875 0.00244140625
2 0.8531494140625 0.7816162109375 0.003173828125 0.002197265625
2 0.0838623046875 0.6348876953125 0.002197265625 0.002685546875
2 0.074462890625 0.598388671875 0.0029296875 0.00390625
2 0.1134033203125 0.605224609375 0.003662109375 0.0048828125
2 0.1112060546875 0.6033935546875 0.004638671875 0.006591796875
2 0.0404052734375 0.583740234375 0.007568359375 0.005859375
2 0.10595703125 0.6024169921875 0.00439453125 0.005126953125
2 0.104248046875 0.6016845703125 0.00341796875 0.005126953125
2 0.020263671875 0.5692138671875 0.0068359375 0.005126953125
2 0.099609375 0.6004638671875 0.00439453125 0.006103515625
2 0.088623046875 0.59619140625 0.00439453125 0.00537109375
2 0.0452880859375 0.5238037109375 0.004150390625 0.004638671875
2 0.026123046875 0.5208740234375 0.00390625 0.001708984375
2 0.0418701171875 0.5679931640625 0.005615234375 0.004150390625
2 0.0218505859375 0.5701904296875 0.006103515625 0.005126953125
2 0.0333251953125 0.5792236328125 0.006103515625 0.005615234375
2 0.0301513671875 0.5765380859375 0.006103515625 0.005126953125
2 0.0281982421875 0.5753173828125 0.006103515625 0.004638671875
2 0.0263671875 0.5743408203125 0.005859375 0.005126953125
2 0.0223388671875 0.580810546875 0.006103515625 0.0048828125
2 0.0240478515625 0.58203125 0.005615234375 0.00439453125
2 0.023193359375 0.5101318359375 0.00341796875 0.004150390625
2 0.043701171875 0.6351318359375 0.00244140625 0.003173828125
2 0.047119140625 0.6368408203125 0.00244140625 0.003662109375
2 0.1036376953125 0.627197265625 0.009033203125 0.0029296875
2 0.065673828125 0.531005859375 0.00830078125 0.0087890625
2 0.8759765625 0.7364501953125 0.00341796875 0.001708984375
2 0.0421142578125 0.6351318359375 0.001708984375 0.003173828125
2 0.0294189453125 0.5577392578125 0.005615234375 0.004638671875
2 0.0079345703125 0.5169677734375 0.004150390625 0.005126953125
2 0.150146484375 0.6395263671875 0.00341796875 0.004638671875
2 0.0048828125 0.5147705078125 0.0048828125 0.005615234375
2 0.1407470703125 0.637451171875 0.002685546875 0.00390625
2 0.0811767578125 0.5946044921875 0.003662109375 0.005615234375
2 0.115966796875 0.60546875 0.00439453125 0.00537109375
2 0.103271484375 0.6246337890625 0.00634765625 0.002197265625
2 0.0333251953125 0.5885009765625 0.005615234375 0.004150390625
2 0.02490234375 0.55322265625 0.0048828125 0.00390625
2 0.0274658203125 0.5557861328125 0.005126953125 0.004150390625
2 0.0308837890625 0.5596923828125 0.005615234375 0.004638671875
2 0.0526123046875 0.5145263671875 0.006103515625 0.005126953125
2 0.0325927734375 0.560791015625 0.005615234375 0.0048828125
2 0.0347900390625 0.5802001953125 0.006103515625 0.005126953125
2 0.0364990234375 0.5814208984375 0.006103515625 0.005615234375
2 0.0382080078125 0.582763671875 0.006103515625 0.00537109375
2 0.02685546875 0.5843505859375 0.005859375 0.004638671875
2 0.0108642578125 0.5614013671875 0.006103515625 0.005615234375
2 0.009033203125 0.5946044921875 0.00830078125 0.004638671875
2 0.0301513671875 0.5865478515625 0.005615234375 0.004638671875
2 0.19580078125 0.6778564453125 0.00341796875 0.002197265625
2 0.146240234375 0.6689453125 0.0029296875 0.00390625
2 0.0313720703125 0.5135498046875 0.006103515625 0.006591796875
2 0.1229248046875 0.53515625 0.006103515625 0.005859375
2 0.1397705078125 0.6092529296875 0.003662109375 0.004638671875
2 0.132080078125 0.619140625 0.0029296875 0.00439453125
2 0.1376953125 0.60888671875 0.00341796875 0.0048828125
2 0.161376953125 0.628173828125 0.00439453125 0.00537109375
2 0.1571044921875 0.6268310546875 0.003662109375 0.005126953125
2 0.1531982421875 0.625732421875 0.003173828125 0.0048828125
2 0.14892578125 0.6243896484375 0.00341796875 0.005126953125
2 0.145263671875 0.6234130859375 0.00341796875 0.004638671875
2 0.1431884765625 0.6231689453125 0.002685546875 0.004150390625
2 0.0860595703125 0.634033203125 0.003173828125 0.0029296875
2 0.1416015625 0.6220703125 0.00439453125 0.00537109375
2 0.1339111328125 0.619873046875 0.003173828125 0.00439453125
2 0.1397705078125 0.628173828125 0.002685546875 0.00390625
2 0.0350341796875 0.589599609375 0.004638671875 0.00390625
2 0.0458984375 0.6051025390625 0.00390625 0.003173828125
2 0.0487060546875 0.6031494140625 0.004638671875 0.003662109375
2 0.060302734375 0.6114501953125 0.00341796875 0.002197265625
2 0.1644287109375 0.609619140625 0.004150390625 0.00537109375
2 0.157470703125 0.606689453125 0.0048828125 0.00634765625
2 0.150390625 0.60498046875 0.00439453125 0.005859375
2 0.201904296875 0.65673828125 0.00390625 0.0029296875
2 0.1395263671875 0.6220703125 0.003662109375 0.00439453125
2 0.180419921875 0.641357421875 0.00146484375 0.0029296875
2 0.0318603515625 0.5875244140625 0.005126953125 0.004638671875
2 0.1182861328125 0.605712890625 0.004150390625 0.00634765625
2 0.1827392578125 0.64208984375 0.001708984375 0.0029296875
2 0.845703125 0.7701416015625 0.0029296875 0.002197265625
2 0.19140625 0.6400146484375 0.00390625 0.004638671875
2 0.13818359375 0.6280517578125 0.0029296875 0.004150390625
2 0.04296875 0.60693359375 0.0048828125 0.00439453125
2 0.136474609375 0.627197265625 0.00341796875 0.00439453125
2 0.2010498046875 0.658447265625 0.003662109375 0.00244140625
2 0.1339111328125 0.62646484375 0.002685546875 0.00341796875
2 0.188232421875 0.6385498046875 0.00390625 0.004150390625
2 0.1287841796875 0.6253662109375 0.003662109375 0.004638671875
2 0.1966552734375 0.6419677734375 0.003662109375 0.003662109375
2 0.05029296875 0.614013671875 0.0029296875 0.00146484375
2 0.1951904296875 0.640380859375 0.003662109375 0.0048828125
2 0.189697265625 0.639404296875 0.00341796875 0.00439453125
2 0.142822265625 0.629150390625 0.00341796875 0.00439453125
2 0.15673828125 0.590087890625 0.00439453125 0.00537109375
2 0.168701171875 0.5943603515625 0.0048828125 0.006591796875
2 0.144287109375 0.64599609375 0.001953125 0.00390625
2 0.0450439453125 0.6064453125 0.004150390625 0.00341796875
2 0.042236328125 0.6083984375 0.00390625 0.00341796875
2 0.1563720703125 0.63330078125 0.003173828125 0.00439453125
2 0.046142578125 0.6116943359375 0.0029296875 0.002197265625
2 0.154541015625 0.6324462890625 0.00341796875 0.004150390625
2 0.1932373046875 0.6402587890625 0.003662109375 0.004150390625
2 0.0499267578125 0.602294921875 0.004150390625 0.00341796875
2 0.141357421875 0.62841796875 0.0029296875 0.00439453125
2 0.15087890625 0.63134765625 0.0029296875 0.00439453125
2 0.1309814453125 0.625244140625 0.003173828125 0.0048828125
2 0.0616455078125 0.5889892578125 0.004150390625 0.003662109375
2 0.1536865234375 0.590576171875 0.005615234375 0.0068359375
2 0.1495361328125 0.58837890625 0.004150390625 0.00537109375
2 0.1478271484375 0.6300048828125 0.003173828125 0.003662109375
2 0.1309814453125 0.6424560546875 0.005126953125 0.002197265625
2 0.224609375 0.6112060546875 0.001953125 0.003662109375
2 0.010986328125 0.5980224609375 0.00732421875 0.004638671875
2 0.046875 0.61083984375 0.00244140625 0.00244140625
2 0.0450439453125 0.61474609375 0.002685546875 0.00244140625
2 0.041259765625 0.609375 0.00439453125 0.00341796875
2 0.0443115234375 0.614013671875 0.002685546875 0.00244140625
2 0.0548095703125 0.5980224609375 0.003662109375 0.003662109375
2 0.1429443359375 0.6103515625 0.003662109375 0.00439453125
2 0.05224609375 0.6004638671875 0.00439453125 0.004150390625
2 0.056640625 0.6146240234375 0.00390625 0.001708984375
2 0.0623779296875 0.6085205078125 0.003662109375 0.002197265625
2 0.0616455078125 0.6094970703125 0.003662109375 0.002197265625
2 0.16748046875 0.60986328125 0.0048828125 0.00634765625
2 0.0611572265625 0.610595703125 0.003662109375 0.001953125
2 0.0596923828125 0.6126708984375 0.003662109375 0.001708984375
2 0.058837890625 0.61376953125 0.00341796875 0.00244140625
2 0.1492919921875 0.6121826171875 0.004150390625 0.004638671875
2 0.1451416015625 0.6109619140625 0.004638671875 0.005126953125
2 0.08251953125 0.63525390625 0.00244140625 0.00341796875
2 0.193603515625 0.66259765625 0.00244140625 0.0029296875
2 0.186767578125 0.6378173828125 0.00390625 0.005126953125
2 0.1419677734375 0.652587890625 0.003173828125 0.00390625
2 0.2138671875 0.6522216796875 0.001953125 0.003173828125
2 0.1461181640625 0.6541748046875 0.005615234375 0.003173828125
2 0.1474609375 0.6519775390625 0.00537109375 0.003173828125
2 0.1468505859375 0.650146484375 0.005615234375 0.00244140625
2 0.147705078125 0.6484375 0.0048828125 0.00244140625
2 0.202880859375 0.6710205078125 0.00390625 0.002197265625
2 0.123779296875 0.6622314453125 0.00244140625 0.004150390625
2 0.1270751953125 0.662841796875 0.003173828125 0.00390625
2 0.2015380859375 0.664794921875 0.002685546875 0.00390625
2 0.122314453125 0.65478515625 0.00244140625 0.00390625
2 0.1397705078125 0.652099609375 0.003173828125 0.00439453125
2 0.0479736328125 0.6102294921875 0.003173828125 0.002685546875
2 0.1353759765625 0.6513671875 0.002685546875 0.0048828125
2 0.1319580078125 0.65185546875 0.003662109375 0.0048828125
2 0.130126953125 0.65673828125 0.0029296875 0.00390625
2 0.120361328125 0.654052734375 0.001953125 0.00341796875
2 0.128173828125 0.6639404296875 0.00341796875 0.003662109375
2 0.1256103515625 0.6624755859375 0.003173828125 0.003662109375
2 0.201904296875 0.6732177734375 0.00341796875 0.002197265625
2 0.201416015625 0.67431640625 0.00341796875 0.001953125
2 0.138427734375 0.656005859375 0.00341796875 0.00439453125
2 0.1962890625 0.6754150390625 0.00341796875 0.001708984375
2 0.211181640625 0.651123046875 0.0029296875 0.00244140625
2 0.1737060546875 0.6666259765625 0.003173828125 0.002197265625
2 0.1922607421875 0.662109375 0.002685546875 0.00341796875
2 0.1138916015625 0.6473388671875 0.003173828125 0.003662109375
2 0.190185546875 0.6611328125 0.0029296875 0.0029296875
2 0.181640625 0.6669921875 0.00341796875 0.001953125
2 0.180419921875 0.6695556640625 0.0029296875 0.002197265625
2 0.194580078125 0.668212890625 0.00390625 0.00244140625
2 0.150634765625 0.6573486328125 0.0048828125 0.002685546875
2 0.1494140625 0.6585693359375 0.005859375 0.003173828125
2 0.13671875 0.6602783203125 0.00244140625 0.003173828125
2 0.196044921875 0.6768798828125 0.0029296875 0.002197265625
2 0.19677734375 0.6632080078125 0.0029296875 0.003662109375
2 0.080810546875 0.627685546875 0.001953125 0.0029296875
2 0.183349609375 0.659423828125 0.0029296875 0.00341796875
2 0.1983642578125 0.663818359375 0.003173828125 0.00341796875
2 0.184814453125 0.65966796875 0.001953125 0.0029296875
2 0.18603515625 0.6602783203125 0.001953125 0.002685546875
2 0.1876220703125 0.660400390625 0.002197265625 0.00341796875
2 0.2005615234375 0.667724609375 0.004150390625 0.00244140625
2 0.2003173828125 0.6689453125 0.003173828125 0.001953125
2 0.199462890625 0.6697998046875 0.00341796875 0.002197265625
2 0.198486328125 0.6719970703125 0.00390625 0.002197265625
2 0.1976318359375 0.6739501953125 0.004150390625 0.003173828125
2 0.1116943359375 0.6513671875 0.003662109375 0.00390625
2 0.1328125 0.625732421875 0.00341796875 0.00390625
2 0.1949462890625 0.6785888671875 0.003173828125 0.002197265625
2 0.201904296875 0.6429443359375 0.0029296875 0.004150390625
2 0.213623046875 0.646728515625 0.001953125 0.00341796875
2 0.180908203125 0.668212890625 0.00341796875 0.001953125
2 0.190185546875 0.6766357421875 0.00341796875 0.002685546875
2 0.1912841796875 0.674072265625 0.003173828125 0.0029296875
2 0.19189453125 0.6722412109375 0.00341796875 0.001708984375
2 0.11376953125 0.65185546875 0.00244140625 0.00390625
2 0.115478515625 0.6527099609375 0.00244140625 0.004150390625
2 0.117431640625 0.6529541015625 0.00244140625 0.004150390625
2 0.1187744140625 0.653564453125 0.002685546875 0.00439453125
2 0.0809326171875 0.6358642578125 0.002197265625 0.003173828125
2 0.10986328125 0.65771484375 0.0029296875 0.00390625
2 0.18701171875 0.6756591796875 0.00341796875 0.002685546875
2 0.1917724609375 0.6663818359375 0.002685546875 0.002197265625
2 0.1939697265625 0.6806640625 0.003173828125 0.00244140625
2 0.171142578125 0.5958251953125 0.005859375 0.007568359375
2 0.1822509765625 0.664306640625 0.003173828125 0.001953125
2 0.1829833984375 0.6630859375 0.004150390625 0.00244140625
2 0.2091064453125 0.6671142578125 0.002685546875 0.003662109375
2 0.1986083984375 0.68017578125 0.003173828125 0.001953125
2 0.0821533203125 0.62841796875 0.002197265625 0.00341796875
2 0.1148681640625 0.6591796875 0.002685546875 0.00390625
2 0.1600341796875 0.6688232421875 0.007080078125 0.003662109375
2 0.8450927734375 0.7760009765625 0.003662109375 0.002197265625
2 0.1885986328125 0.672607421875 0.003173828125 0.00244140625
2 0.189697265625 0.677978515625 0.0029296875 0.001953125
2 0.1947021484375 0.679931640625 0.003173828125 0.00244140625
2 0.0633544921875 0.61572265625 0.003173828125 0.00244140625
2 0.0662841796875 0.6263427734375 0.003662109375 0.002197265625
2 0.0692138671875 0.6278076171875 0.003173828125 0.002197265625
2 0.204345703125 0.66552734375 0.00244140625 0.00341796875
2 0.0511474609375 0.63232421875 0.004150390625 0.00244140625
2 0.050537109375 0.63330078125 0.00390625 0.00244140625
2 0.0501708984375 0.6341552734375 0.004150390625 0.002685546875
2 0.180419921875 0.599365234375 0.0068359375 0.0087890625
2 0.1763916015625 0.5963134765625 0.004150390625 0.006591796875
2 0.07763671875 0.6368408203125 0.001953125 0.002685546875
2 0.05224609375 0.6312255859375 0.00341796875 0.002685546875
2 0.0556640625 0.6270751953125 0.0029296875 0.002197265625
2 0.0589599609375 0.636962890625 0.003173828125 0.001953125
2 0.118408203125 0.6607666015625 0.0029296875 0.003662109375
2 0.0601806640625 0.6351318359375 0.003173828125 0.002197265625
2 0.06103515625 0.6334228515625 0.00341796875 0.002197265625
2 0.0626220703125 0.6319580078125 0.003173828125 0.001708984375
2 0.1822509765625 0.66552734375 0.003173828125 0.001953125
2 0.1951904296875 0.6663818359375 0.003173828125 0.002197265625
2 0.189697265625 0.6695556640625 0.0029296875 0.002685546875
2 0.199462890625 0.650634765625 0.00341796875 0.001953125
2 0.053466796875 0.629638671875 0.00390625 0.0029296875
2 0.1888427734375 0.6710205078125 0.003173828125 0.002197265625
2 0.079833984375 0.6363525390625 0.00244140625 0.003662109375
2 0.186279296875 0.6768798828125 0.00341796875 0.002197265625
2 0.0296630859375 0.628662109375 0.003173828125 0.0029296875
2 0.2152099609375 0.6475830078125 0.003173828125 0.004150390625
2 0.1951904296875 0.6568603515625 0.002685546875 0.001708984375
2 0.1832275390625 0.6707763671875 0.003662109375 0.002685546875
2 0.185302734375 0.667236328125 0.00390625 0.00244140625
2 0.191162109375 0.66748046875 0.00390625 0.0029296875
2 0.1129150390625 0.658935546875 0.002685546875 0.00341796875
2 0.203125 0.6651611328125 0.00244140625 0.003662109375
2 0.2076416015625 0.666259765625 0.002685546875 0.00341796875
2 0.1981201171875 0.651611328125 0.004150390625 0.00244140625
2 0.1929931640625 0.6702880859375 0.003173828125 0.002685546875
2 0.1939697265625 0.66943359375 0.003662109375 0.00244140625
2 0.1966552734375 0.656005859375 0.003662109375 0.00244140625
2 0.1748046875 0.665283203125 0.00341796875 0.00244140625
2 0.1810302734375 0.675048828125 0.003662109375 0.001953125
2 0.173095703125 0.66796875 0.00341796875 0.00244140625
2 0.2008056640625 0.67529296875 0.003173828125 0.001953125
2 0.1722412109375 0.669677734375 0.003173828125 0.00244140625
2 0.171142578125 0.6708984375 0.0029296875 0.001953125
2 0.206298828125 0.665771484375 0.0029296875 0.00390625
2 0.170654296875 0.6732177734375 0.0029296875 0.001708984375
2 0.19921875 0.6783447265625 0.00390625 0.002197265625
2 0.1966552734375 0.6529541015625 0.004638671875 0.002197265625
2 0.0633544921875 0.607421875 0.003173828125 0.00146484375
2 0.1048583984375 0.62255859375 0.006103515625 0.00244140625
2 0.182373046875 0.6727294921875 0.00390625 0.002197265625
2 0.1788330078125 0.6728515625 0.003173828125 0.001953125
2 0.03271484375 0.549072265625 0.00732421875 0.005859375
2 0.0330810546875 0.6253662109375 0.003173828125 0.002685546875
2 0.0306396484375 0.5452880859375 0.009521484375 0.005615234375
2 0.025634765625 0.537841796875 0.00732421875 0.00439453125
2 0.0760498046875 0.5986328125 0.002685546875 0.00341796875
2 0.0728759765625 0.5980224609375 0.003173828125 0.004150390625
2 0.032470703125 0.6265869140625 0.00341796875 0.003173828125
2 0.0343017578125 0.61474609375 0.004150390625 0.00341796875
2 0.040283203125 0.6170654296875 0.00341796875 0.002685546875
2 0.044677734375 0.570556640625 0.00634765625 0.0048828125
2 0.0399169921875 0.6207275390625 0.003173828125 0.002197265625
2 0.034912109375 0.625 0.00341796875 0.00244140625
2 0.0313720703125 0.6282958984375 0.002685546875 0.002685546875
2 0.1998291015625 0.6771240234375 0.003662109375 0.002197265625
2 0.0279541015625 0.62890625 0.003662109375 0.00244140625
2 0.0362548828125 0.5523681640625 0.006591796875 0.006103515625
2 0.059814453125 0.5704345703125 0.00732421875 0.006103515625
2 0.065185546875 0.5731201171875 0.01025390625 0.008056640625
2 0.060546875 0.58154296875 0.0048828125 0.00390625
2 0.0582275390625 0.580810546875 0.006103515625 0.0048828125
2 0.02734375 0.522705078125 0.00390625 0.00341796875
2 0.035888671875 0.623046875 0.00439453125 0.00341796875
2 0.1875 0.6739501953125 0.00341796875 0.002685546875
2 0.083740234375 0.6285400390625 0.001953125 0.003173828125
2 0.06787109375 0.629150390625 0.0029296875 0.001953125
2 0.066162109375 0.63232421875 0.00341796875 0.001953125
2 0.0762939453125 0.6373291015625 0.002197265625 0.002197265625
2 0.1568603515625 0.6141357421875 0.003173828125 0.005126953125
2 0.034423828125 0.55078125 0.00732421875 0.005859375
2 0.0377197265625 0.5537109375 0.007080078125 0.005859375
2 0.027587890625 0.630126953125 0.00390625 0.00244140625
2 0.186767578125 0.6434326171875 0.001953125 0.002685546875
2 0.1417236328125 0.602294921875 0.003662109375 0.00537109375
2 0.15234375 0.6129150390625 0.00390625 0.004638671875
2 0.035888671875 0.6143798828125 0.00390625 0.003173828125
2 0.16650390625 0.6177978515625 0.00341796875 0.005126953125
2 0.16064453125 0.615234375 0.0029296875 0.00439453125
2 0.1585693359375 0.6151123046875 0.003662109375 0.005615234375
2 0.1544189453125 0.61376953125 0.004150390625 0.00537109375
2 0.050048828125 0.5350341796875 0.005859375 0.006103515625
2 0.1492919921875 0.630859375 0.002685546875 0.00390625
2 0.1461181640625 0.6295166015625 0.002685546875 0.003173828125
2 0.21240234375 0.6513671875 0.001953125 0.0029296875
2 0.163818359375 0.59326171875 0.00439453125 0.00634765625
2 0.1851806640625 0.6434326171875 0.002197265625 0.003173828125
2 0.190185546875 0.644775390625 0.001953125 0.00341796875
2 0.1644287109375 0.616943359375 0.004638671875 0.005859375
2 0.04248046875 0.61279296875 0.0029296875 0.001953125
2 0.1060791015625 0.6085205078125 0.003173828125 0.001708984375
2 0.0667724609375 0.6064453125 0.002685546875 0.00146484375
2 0.0482177734375 0.5343017578125 0.005615234375 0.006103515625
2 0.0106201171875 0.517822265625 0.003173828125 0.00439453125
2 0.0509033203125 0.5750732421875 0.006103515625 0.005126953125
2 0.074951171875 0.6173095703125 0.00244140625 0.002685546875
2 0.2152099609375 0.65283203125 0.002685546875 0.00390625
2 0.1444091796875 0.62939453125 0.002685546875 0.00390625
2 0.0672607421875 0.630615234375 0.002685546875 0.001953125
2 0.049072265625 0.6097412109375 0.00244140625 0.002197265625
2 0.0516357421875 0.6082763671875 0.004150390625 0.002685546875
2 0.0584716796875 0.568603515625 0.008056640625 0.0068359375
2 0.0472412109375 0.5601806640625 0.008544921875 0.007080078125
2 0.0458984375 0.53271484375 0.0048828125 0.005859375
2 0.0411376953125 0.5299072265625 0.004150390625 0.004638671875
2 0.0810546875 0.6185302734375 0.001953125 0.003173828125
2 0.0548095703125 0.6051025390625 0.003173828125 0.002685546875
2 0.054443359375 0.53662109375 0.005859375 0.00634765625
2 0.052734375 0.606201171875 0.0029296875 0.001953125
2 0.0523681640625 0.607421875 0.003173828125 0.001953125
2 0.069091796875 0.6072998046875 0.00341796875 0.001220703125
2 0.0498046875 0.6087646484375 0.0029296875 0.002685546875
2 0.1038818359375 0.611572265625 0.003662109375 0.001953125
2 0.098876953125 0.61767578125 0.00634765625 0.00390625
2 0.1961669921875 0.646484375 0.002197265625 0.0029296875
2 0.194091796875 0.6458740234375 0.001953125 0.002685546875
2 0.1927490234375 0.6453857421875 0.001708984375 0.002685546875
2 0.0244140625 0.5357666015625 0.0068359375 0.004150390625
2 0.068603515625 0.544189453125 0.00634765625 0.0068359375
2 0.075927734375 0.55029296875 0.0087890625 0.01171875
2 0.0572509765625 0.5655517578125 0.007080078125 0.005615234375
2 0.0675048828125 0.6094970703125 0.003662109375 0.001708984375
2 0.0562744140625 0.603515625 0.003173828125 0.00244140625
2 0.072509765625 0.6160888671875 0.00244140625 0.003173828125
2 0.0711669921875 0.6162109375 0.001708984375 0.00244140625
2 0.1041259765625 0.6092529296875 0.003662109375 0.002197265625
2 0.0699462890625 0.61572265625 0.001708984375 0.0029296875
2 0.0645751953125 0.6141357421875 0.003173828125 0.002197265625
2 0.0650634765625 0.613037109375 0.004150390625 0.001953125
2 0.030029296875 0.5235595703125 0.00341796875 0.003662109375
2 0.0657958984375 0.612548828125 0.003662109375 0.001953125
2 0.0667724609375 0.6102294921875 0.003662109375 0.001708984375
2 0.068115234375 0.608642578125 0.00341796875 0.001953125
2 0.052734375 0.576171875 0.0048828125 0.00439453125
2 0.0784912109375 0.61865234375 0.001708984375 0.00244140625
2 0.079833984375 0.618896484375 0.00146484375 0.0029296875
2 0.0555419921875 0.604248046875 0.003173828125 0.001953125
2 0.0587158203125 0.601806640625 0.003662109375 0.00244140625
2 0.0350341796875 0.5269775390625 0.005126953125 0.004638671875
2 0.1016845703125 0.6136474609375 0.005126953125 0.002685546875
2 0.032958984375 0.52587890625 0.00537109375 0.0048828125
2 0.06640625 0.611328125 0.00390625 0.001953125
2 0.0595703125 0.539306640625 0.00537109375 0.00634765625
2 0.0618896484375 0.540771484375 0.006103515625 0.00634765625
2 0.07373046875 0.61669921875 0.001953125 0.0029296875
2 0.0760498046875 0.61767578125 0.002197265625 0.0029296875
2 0.07763671875 0.6180419921875 0.001953125 0.002685546875
2 0.031005859375 0.524658203125 0.00439453125 0.00439453125
2 0.0394287109375 0.528564453125 0.003173828125 0.00390625
2 0.0247802734375 0.6322021484375 0.003173828125 0.002197265625
2 0.0234375 0.6328125 0.00390625 0.0029296875
2 0.0418701171875 0.6123046875 0.003173828125 0.00244140625
2 0.1007080078125 0.6148681640625 0.005126953125 0.002685546875
2 0.05859375 0.5986328125 0.0029296875 0.0029296875
2 0.0634765625 0.5421142578125 0.005859375 0.006591796875
2 0.099609375 0.6162109375 0.005859375 0.00244140625
2 0.0821533203125 0.619384765625 0.002197265625 0.0029296875
2 0.0972900390625 0.6204833984375 0.005615234375 0.002685546875
2 0.096923828125 0.623046875 0.00439453125 0.00244140625
2 0.0966796875 0.6243896484375 0.00390625 0.002197265625
2 0.09619140625 0.6258544921875 0.00390625 0.001708984375
2 0.0877685546875 0.6217041015625 0.001708984375 0.002685546875
2 0.1021728515625 0.6123046875 0.004638671875 0.00244140625
2 0.08642578125 0.6214599609375 0.001953125 0.003173828125
2 0.06396484375 0.6063232421875 0.0029296875 0.001708984375
2 0.04345703125 0.6134033203125 0.0029296875 0.002197265625
2 0.098876953125 0.618896484375 0.00537109375 0.0029296875
2 0.0576171875 0.538330078125 0.0048828125 0.00537109375
2 0.02880859375 0.5230712890625 0.0029296875 0.003173828125
2 0.6966552734375 0.489990234375 0.009521484375 0.00244140625
