0 0.7633056640625 0.389404296875 0.031005859375 0.111328125
0 0.2864990234375 0.4892578125 0.034912109375 0.03173828125
0 0.4212646484375 0.046142578125 0.044677734375 0.08544921875
0 0.4188232421875 0.6038818359375 0.041748046875 0.098876953125
0 0.33447265625 0.5484619140625 0.0673828125 0.061279296875
0 0.8153076171875 0.730712890625 0.045654296875 0.06640625
2 0.4237060546875 0.4261474609375 0.010498046875 0.009521484375
2 0.3984375 0.4329833984375 0.01220703125 0.010009765625
2 0.3623046875 0.7562255859375 0.00341796875 0.004638671875
2 0.235107421875 0.5755615234375 0.00927734375 0.010009765625
2 0.1983642578125 0.5264892578125 0.005615234375 0.005126953125
2 0.199462890625 0.5279541015625 0.00537109375 0.005615234375
2 0.20068359375 0.535400390625 0.00634765625 0.0068359375
2 0.3809814453125 0.4412841796875 0.010986328125 0.010986328125
2 0.3782958984375 0.4384765625 0.013427734375 0.01171875
2 0.3760986328125 0.4356689453125 0.012939453125 0.011962890625
2 0.3741455078125 0.4327392578125 0.011962890625 0.011962890625
2 0.24609375 0.098388671875 0.005859375 0.01025390625
2 0.2762451171875 0.0445556640625 0.003173828125 0.007080078125
2 0.2745361328125 0.1265869140625 0.004638671875 0.012939453125
2 0.2747802734375 0.11328125 0.003173828125 0.005859375
2 0.346435546875 0.7547607421875 0.00244140625 0.005615234375
2 0.2359619140625 0.1478271484375 0.009521484375 0.019775390625
2 0.221435546875 0.2139892578125 0.00634765625 0.010986328125
2 0.2181396484375 0.2135009765625 0.005126953125 0.010498046875
2 0.28173828125 0.04736328125 0.00439453125 0.01025390625
2 0.2962646484375 0.251708984375 0.007080078125 0.01513671875
2 0.3179931640625 0.7562255859375 0.004638671875 0.004150390625
2 0.27587890625 0.2816162109375 0.00439453125 0.009521484375
2 0.2781982421875 0.2828369140625 0.003173828125 0.009033203125
2 0.2281494140625 0.56787109375 0.008544921875 0.00830078125
2 0.2220458984375 0.5045166015625 0.006591796875 0.007080078125
2 0.2474365234375 0.360595703125 0.017822265625 0.005859375
2 0.247802734375 0.364013671875 0.01953125 0.0068359375
2 0.19482421875 0.2684326171875 0.00830078125 0.016357421875
2 0.724609375 0.85107421875 0.03466796875 0.0732421875
2 0.807373046875 0.5345458984375 0.025390625 0.079833984375
2 0.1866455078125 0.307373046875 0.003662109375 0.01123046875
2 0.245849609375 0.35791015625 0.01806640625 0.005859375
2 0.351806640625 0.755126953125 0.00244140625 0.00634765625
2 0.1883544921875 0.5230712890625 0.005615234375 0.005615234375
2 0.2916259765625 0.534423828125 0.014404296875 0.01318359375
2 0.2818603515625 0.2835693359375 0.003662109375 0.009521484375
2 0.289306640625 0.5322265625 0.01416015625 0.0126953125
2 0.2515869140625 0.5025634765625 0.012451171875 0.013427734375
2 0.23486328125 0.494873046875 0.01416015625 0.013671875
2 0.2872314453125 0.0531005859375 0.003173828125 0.005615234375
2 0.2728271484375 0.0439453125 0.003173828125 0.00830078125
2 0.2152099609375 0.212158203125 0.005615234375 0.0107421875
2 0.3350830078125 0.781982421875 0.007080078125 0.0078125
2 0.2763671875 0.29052734375 0.00390625 0.00927734375
2 0.2847900390625 0.2840576171875 0.003662109375 0.008544921875
2 0.3145751953125 0.7589111328125 0.003662109375 0.002685546875
2 0.284912109375 0.4949951171875 0.01123046875 0.011962890625
2 0.353759765625 0.7554931640625 0.001953125 0.005126953125
2 0.3157958984375 0.7579345703125 0.004150390625 0.003662109375
2 0.337646484375 0.7542724609375 0.0029296875 0.006103515625
2 0.3359375 0.7530517578125 0.00244140625 0.004638671875
2 0.3338623046875 0.753662109375 0.002197265625 0.00439453125
2 0.3306884765625 0.7525634765625 0.002197265625 0.004150390625
2 0.327880859375 0.7520751953125 0.001953125 0.005126953125
2 0.3251953125 0.751953125 0.001953125 0.00537109375
2 0.27880859375 0.29248046875 0.00439453125 0.0087890625
2 0.32177734375 0.7525634765625 0.00439453125 0.005126953125
2 0.2823486328125 0.293701171875 0.004638671875 0.0107421875
2 0.252685546875 0.077880859375 0.00537109375 0.00830078125
2 0.2069091796875 0.51953125 0.006591796875 0.00634765625
2 0.2098388671875 0.2022705078125 0.010986328125 0.005615234375
2 0.156494140625 0.4334716796875 0.02099609375 0.007080078125
2 0.157470703125 0.4249267578125 0.0185546875 0.006591796875
2 0.328857421875 0.7821044921875 0.00341796875 0.004638671875
2 0.4429931640625 0.762451171875 0.011474609375 0.017578125
2 0.3748779296875 0.7847900390625 0.008056640625 0.010009765625
2 0.230224609375 0.56591796875 0.0087890625 0.00830078125
2 0.2734375 0.29052734375 0.0048828125 0.0087890625
2 0.3575439453125 0.756103515625 0.002197265625 0.005859375
2 0.3150634765625 0.7701416015625 0.003662109375 0.004150390625
2 0.2291259765625 0.16748046875 0.007568359375 0.015625
2 0.328857421875 0.774658203125 0.00341796875 0.00537109375
2 0.343505859375 0.75439453125 0.0029296875 0.0068359375
2 0.3409423828125 0.7554931640625 0.002685546875 0.005126953125
2 0.3392333984375 0.7545166015625 0.002197265625 0.005126953125
2 0.3114013671875 0.762451171875 0.004150390625 0.00390625
2 0.327392578125 0.781005859375 0.00341796875 0.00537109375
2 0.34521484375 0.779541015625 0.01318359375 0.01171875
2 0.3341064453125 0.7767333984375 0.004150390625 0.005615234375
2 0.33251953125 0.7764892578125 0.00390625 0.004638671875
2 0.3299560546875 0.775634765625 0.003662109375 0.00537109375
2 0.359375 0.756103515625 0.001953125 0.00537109375
2 0.3238525390625 0.7779541015625 0.003173828125 0.004638671875
2 0.3133544921875 0.7606201171875 0.005126953125 0.003662109375
2 0.3270263671875 0.77392578125 0.004150390625 0.00634765625
2 0.3170166015625 0.7716064453125 0.003662109375 0.005615234375
2 0.3212890625 0.7757568359375 0.0087890625 0.010009765625
2 0.3197021484375 0.773193359375 0.006591796875 0.00732421875
2 0.3089599609375 0.766357421875 0.004150390625 0.0048828125
2 0.3253173828125 0.779052734375 0.003173828125 0.00439453125
2 0.35546875 0.7559814453125 0.001953125 0.004638671875
2 0.2984619140625 0.05029296875 0.004150390625 0.0068359375
2 0.2276611328125 0.368408203125 0.015380859375 0.00732421875
2 0.2801513671875 0.4007568359375 0.013427734375 0.005615234375
2 0.38525390625 0.781982421875 0.02490234375 0.02880859375
2 0.2833251953125 0.4129638671875 0.015380859375 0.005126953125
2 0.1920166015625 0.2896728515625 0.008544921875 0.018310546875
2 0.325439453125 0.564453125 0.0224609375 0.02099609375
2 0.4300537109375 0.5926513671875 0.013916015625 0.031005859375
2 0.4158935546875 0.57177734375 0.027587890625 0.05517578125
2 0.399658203125 0.61572265625 0.0185546875 0.03173828125
2 0.4630126953125 0.697998046875 0.040771484375 0.08056640625
2 0.308349609375 0.5654296875 0.0224609375 0.021484375
2 0.38330078125 0.732421875 0.021484375 0.037109375
2 0.282470703125 0.6329345703125 0.02880859375 0.027587890625
2 0.40771484375 0.382080078125 0.0166015625 0.02197265625
2 0.266845703125 0.412841796875 0.01708984375 0.0068359375
2 0.312255859375 0.6055908203125 0.0244140625 0.024169921875
2 0.2791748046875 0.3021240234375 0.005615234375 0.010498046875
2 0.196044921875 0.29736328125 0.00927734375 0.02197265625
2 0.188232421875 0.2879638671875 0.0087890625 0.017822265625
2 0.28076171875 0.4102783203125 0.01318359375 0.004638671875
2 0.279052734375 0.4075927734375 0.01220703125 0.004638671875
2 0.225830078125 0.365478515625 0.0166015625 0.0068359375
2 0.2791748046875 0.40478515625 0.012939453125 0.00439453125
2 0.2432861328125 0.4122314453125 0.005615234375 0.013916015625
2 0.81982421875 0.458740234375 0.0107421875 0.03466796875
2 0.22802734375 0.452880859375 0.02880859375 0.03173828125
2 0.244384765625 0.3546142578125 0.01904296875 0.006591796875
2 0.260498046875 0.333740234375 0.0087890625 0.02099609375
2 0.263916015625 0.334716796875 0.0068359375 0.01611328125
2 0.2674560546875 0.3358154296875 0.007568359375 0.015869140625
2 0.5855712890625 0.7818603515625 0.047607421875 0.091064453125
2 0.5364990234375 0.7215576171875 0.037353515625 0.069580078125
2 0.5035400390625 0.8040771484375 0.022216796875 0.043212890625
2 0.5377197265625 0.3109130859375 0.066162109375 0.108642578125
2 0.667236328125 0.36865234375 0.029296875 0.0615234375
2 0.6851806640625 0.3079833984375 0.019287109375 0.039794921875
2 0.4056396484375 0.4039306640625 0.022216796875 0.019287109375
2 0.749267578125 0.3841552734375 0.02783203125 0.077392578125
2 0.739990234375 0.3115234375 0.013671875 0.0126953125
2 0.355224609375 0.2720947265625 0.01904296875 0.028564453125
2 0.714111328125 0.3150634765625 0.013671875 0.010498046875
2 0.4185791015625 0.4166259765625 0.010498046875 0.009033203125
2 0.4156494140625 0.4154052734375 0.016845703125 0.016357421875
2 0.412353515625 0.41357421875 0.0205078125 0.0185546875
2 0.28125 0.490234375 0.021484375 0.02001953125
2 0.408935546875 0.409912109375 0.01953125 0.017578125
2 0.267822265625 0.403076171875 0.01220703125 0.00439453125
2 0.2677001953125 0.40625 0.011474609375 0.00439453125
2 0.266357421875 0.409423828125 0.013671875 0.00537109375
2 0.2962646484375 0.3973388671875 0.010986328125 0.005615234375
2 0.3148193359375 0.402099609375 0.013916015625 0.00634765625
2 0.4788818359375 0.195556640625 0.041748046875 0.0654296875
2 0.3973388671875 0.429931640625 0.015869140625 0.01171875
2 0.3143310546875 0.39892578125 0.008056640625 0.00390625
2 0.3319091796875 0.2503662109375 0.027099609375 0.014404296875
2 0.365234375 0.29541015625 0.013671875 0.01904296875
2 0.420166015625 0.419677734375 0.0107421875 0.0087890625
2 0.3140869140625 0.395751953125 0.011962890625 0.005859375
2 0.3052978515625 0.395263671875 0.008544921875 0.00390625
2 0.1834716796875 0.3070068359375 0.003662109375 0.010498046875
2 0.336181640625 0.5401611328125 0.0205078125 0.020263671875
2 0.1937255859375 0.3350830078125 0.006103515625 0.011474609375
2 0.1895751953125 0.331787109375 0.006103515625 0.0126953125
2 0.26171875 0.3524169921875 0.0078125 0.017822265625
2 0.2591552734375 0.35107421875 0.007568359375 0.01708984375
2 0.407958984375 0.406982421875 0.017578125 0.01611328125
2 0.279541015625 0.48779296875 0.0146484375 0.013671875
2 0.276123046875 0.4866943359375 0.01513671875 0.014404296875
2 0.2601318359375 0.4898681640625 0.018798828125 0.018798828125
2 0.75244140625 0.779541015625 0.02783203125 0.05126953125
2 0.33056640625 0.391357421875 0.0126953125 0.00390625
2 0.3419189453125 0.3927001953125 0.009033203125 0.012451171875
2 0.3394775390625 0.3963623046875 0.007080078125 0.010986328125
2 0.34521484375 0.40673828125 0.0087890625 0.01123046875
2 0.3970947265625 0.364013671875 0.012939453125 0.0205078125
2 0.3818359375 0.32470703125 0.029296875 0.0439453125
2 0.3880615234375 0.3194580078125 0.023193359375 0.035400390625
2 0.3096923828125 0.244140625 0.017822265625 0.0107421875
2 0.3505859375 0.1307373046875 0.0419921875 0.077392578125
2 0.4241943359375 0.06787109375 0.025146484375 0.048828125
2 0.3795166015625 0.044921875 0.040771484375 0.07666015625
2 0.2633056640625 0.0482177734375 0.009521484375 0.016845703125
2 0.2576904296875 0.062744140625 0.007080078125 0.01171875
2 0.291015625 0.07763671875 0.0126953125 0.017578125
2 0.287841796875 0.1015625 0.0068359375 0.01806640625
2 0.3907470703125 0.4241943359375 0.018310546875 0.015869140625
2 0.4208984375 0.42333984375 0.013671875 0.01171875
2 0.430908203125 0.7938232421875 0.02099609375 0.039306640625
2 0.388427734375 0.4212646484375 0.0185546875 0.016357421875
2 0.393798828125 0.427001953125 0.021484375 0.01708984375
2 0.361083984375 0.433837890625 0.0126953125 0.0166015625
2 0.354248046875 0.4195556640625 0.0087890625 0.013916015625
2 0.3477783203125 0.405029296875 0.009033203125 0.01171875
2 0.2503662109375 0.0855712890625 0.004638671875 0.007568359375