0 0.931901391261899 0.354248046875 0.037100317305345375 0.03466796875
0 0.9039541127654381 0.41357421875 0.05443007078350012 0.05126953125
0 0.8595313644129852 0.4603271484375 0.04661947766658531 0.040283203125
0 0.9539907249206737 0.3607177734375 0.04710763973639248 0.044189453125
0 0.22321210641933123 0.88671875 0.05443007078350012 0.02587890625
0 0.22516475469855993 0.9093017578125 0.029533805223334146 0.005615234375
0 0.3736880644373932 0.5013427734375 0.01464486209421528 0.008544921875
0 0.4694898706370515 0.916259765625 0.023675860385648034 0.0107421875
0 0.41603612399316575 0.790771484375 0.02660483280449109 0.04638671875
0 0.01440078105931169 0.24365234375 0.026848913839394677 0.02392578125
0 0.06834268977300463 0.4417724609375 0.025872589699780325 0.005615234375
0 0.0630949475225775 0.426513671875 0.02660483280449109 0.0048828125
0 0.06407127166219184 0.045654296875 0.047595801806199656 0.03173828125
0 0.9304369050524774 0.49755859375 0.08396387600683426 0.02978515625
0 0.9486209421527947 0.48046875 0.05979985355137906 0.02197265625
0 0.9600927507932634 0.465576171875 0.057359043202343175 0.02099609375
0 0.9696119111545033 0.4501953125 0.05443007078350012 0.01953125
0 0.1806199658286551 0.8345947265625 0.034659506956309497 0.034423828125
2 0.43214547229680256 0.7520751953125 0.03636807420063461 0.020751953125
2 0.042592140590676106 0.440673828125 0.0061020258725897 0.001953125
2 0.5450329509397119 0.64892578125 0.003417134488650232 0.00341796875
2 0.6668293873566024 0.6383056640625 0.004393458628264584 0.002685546875
2 0.675982426165487 0.6348876953125 0.003173053453746644 0.002197265625
2 0.6961191115450329 0.6243896484375 0.003905296558457408 0.002197265625
2 0.7066145960458873 0.61767578125 0.004393458628264584 0.0029296875
2 0.7645838418354893 0.5970458984375 0.004149377593360996 0.003173828125
2 0.7548206004393458 0.595703125 0.005613863802782524 0.0029296875
2 0.7423724676592629 0.6009521484375 0.006590187942396876 0.004150390625
2 0.7361484012692214 0.60400390625 0.006346106907493288 0.00341796875
2 0.7269953624603368 0.6075439453125 0.004149377593360996 0.002685546875
2 0.7147913107151574 0.613525390625 0.003173053453746644 0.001953125
2 0.7112521357090554 0.615234375 0.004393458628264584 0.0029296875
2 0.2953380522333415 0.26953125 0.003417134488650232 0.001953125
2 0.3741762265072004 0.4984130859375 0.004393458628264584 0.003173828125
2 0.07651940444227484 0.03125 0.009030998291432755 0.001953125
2 0.3087625091530388 0.3778076171875 0.005369782767878936 0.003173828125
2 0.04783988284110324 0.4217529296875 0.001952648279228704 0.001708984375
2 0.04954845008542836 0.4234619140625 0.00244081034903588 0.001708984375
2 0.043934586282645835 0.4158935546875 0.002928972418843056 0.002685546875
2 0.26873321942885037 0.2540283203125 0.003905296558457408 0.003173828125
2 0.006956309494752257 0.3782958984375 0.005613863802782524 0.003173828125
2 0.003417134488650232 0.3687744140625 0.004393458628264584 0.003173828125
2 0.007078350012204052 0.3717041015625 0.00488162069807176 0.004150390625
2 0.012692213814986576 0.3753662109375 0.006834268977300464 0.005126953125
2 0.06114229924334879 0.3988037109375 0.003173053453746644 0.003173828125
2 0.05626067854527703 0.3978271484375 0.002684891383939468 0.003173828125
2 0.07847205272150354 0.0274658203125 0.005125701732975348 0.002197265625
2 0.260068342689773 0.4429931640625 0.00366121552355382 0.003173828125
2 0.6941664632658042 0.549560546875 0.003417134488650232 0.00244140625
2 0.6534049304369051 0.643798828125 0.003417134488650232 0.00244140625
2 0.6983158408591652 0.5478515625 0.004393458628264584 0.00244140625
2 0.6996582865511349 0.546630859375 0.00366121552355382 0.00244140625
2 0.6867219917012448 0.5572509765625 0.00951916036123993 0.005615234375
2 0.557481083719795 0.6298828125 0.002928972418843056 0.0029296875
2 0.5590676104466683 0.62548828125 0.002196729314132292 0.0029296875
2 0.6574322675128143 0.56982421875 0.007566512082011228 0.00439453125
2 0.6502318769831584 0.572998046875 0.006834268977300464 0.00390625
2 0.644007810593117 0.575927734375 0.006590187942396876 0.00390625
2 0.6347327312667805 0.577880859375 0.007566512082011228 0.001953125
2 0.5401513302416402 0.6561279296875 0.006346106907493288 0.005615234375
2 0.5618745423480596 0.620361328125 0.003417134488650232 0.00439453125
2 0.5644373932145472 0.61376953125 0.004149377593360996 0.0048828125
2 0.6643885770075665 0.566650390625 0.006834268977300464 0.00341796875
2 0.6709787649499633 0.563720703125 0.008298755186721992 0.0048828125
2 0.6783011959970711 0.560546875 0.007810593116914816 0.00439453125
2 0.9144495972662924 0.4910888671875 0.0061020258725897 0.004638671875
2 0.7051501098364658 0.5484619140625 0.00732243104710764 0.004150390625
2 0.9131071515743227 0.4974365234375 0.006346106907493288 0.005126953125
2 0.8310959238467172 0.498291015625 0.010251403465950696 0.0087890625
2 0.6966072736148401 0.552734375 0.010739565535757872 0.005859375
2 0.833536734195753 0.5601806640625 0.004393458628264584 0.002685546875
2 0.7992433487917989 0.575439453125 0.007566512082011228 0.00439453125
2 0.7948498901635342 0.57958984375 0.004637539663168172 0.00390625
2 0.6618257261410788 0.6395263671875 0.004149377593360996 0.003173828125
2 0.6598730778618501 0.6402587890625 0.00366121552355382 0.002685546875
2 0.6584085916524286 0.641357421875 0.004637539663168172 0.00341796875
2 0.6553575787161338 0.64306640625 0.003905296558457408 0.0029296875
2 0.6521845252623871 0.6448974609375 0.003905296558457408 0.002685546875
2 0.03978520868928484 0.4454345703125 0.012692213814986576 0.001708984375
2 0.543202343177935 0.651611328125 0.002684891383939468 0.0029296875
2 0.12924090798144985 0.0084228515625 0.002684891383939468 0.002197265625
2 0.4333658774713205 0.5147705078125 0.003173053453746644 0.002685546875
2 0.015255064681474249 0.1566162109375 0.004637539663168172 0.002197265625
2 0.020868928484256772 0.1656494140625 0.004149377593360996 0.001220703125
2 0.036001952648279226 0.44287109375 0.005613863802782524 0.001953125
2 0.020990969001708566 0.1668701171875 0.004393458628264584 0.001708984375
2 0.02318769831584086 0.17041015625 0.00244081034903588 0.0009765625
2 0.00488162069807176 0.178466796875 0.002928972418843056 0.00244140625
2 0.007200390529655845 0.1796875 0.002196729314132292 0.00244140625
2 0.00976324139614352 0.1810302734375 0.003905296558457408 0.002197265625
2 0.021967293141322917 0.1683349609375 0.003417134488650232 0.001220703125
2 0.1868440322186966 0.84326171875 0.002684891383939468 0.0029296875
2 0.18147424945081767 0.844482421875 0.003173053453746644 0.001953125
2 0.47241884305589454 0.946533203125 0.00366121552355382 0.0009765625
2 0.050158652672687334 0.4454345703125 0.003173053453746644 0.004638671875
2 0.4967049060288016 0.597900390625 0.013668537954600928 0.0078125
2 0.48633146204539907 0.975830078125 0.01586526726873322 0.001953125
2 0.4821820844520381 0.977294921875 0.005613863802782524 0.00146484375
2 0.48291432755674885 0.9676513671875 0.008054674151818403 0.005615234375
2 0.4748596534049304 0.9444580078125 0.00951916036123993 0.001708984375
2 0.47705638271906275 0.9549560546875 0.005125701732975348 0.006591796875
2 0.45399072492067366 0.8712158203125 0.0122040517451794 0.008056640625
2 0.4261654869416646 0.8607177734375 0.021967293141322917 0.008056640625
2 0.24762020990969003 0.7713623046875 0.01440078105931169 0.004638671875
2 0.10019526482792288 0.5203857421875 0.003173053453746644 0.002685546875
2 0.10056138638027826 0.5389404296875 0.00244081034903588 0.002685546875
2 0.10043934586282646 0.5430908203125 0.002196729314132292 0.003173828125
2 0.0446668293873566 0.4088134765625 0.00732243104710764 0.002197265625
2 0.11349768123016842 0.0172119140625 0.005369782767878936 0.002685546875
2 0.039663168171833046 0.4493408203125 0.007078350012204052 0.002197265625
2 0.03649011471808641 0.4407958984375 0.002684891383939468 0.002685546875
2 0.05931169148157188 0.439208984375 0.006834268977300464 0.00146484375
2 0.1342445691969734 0.0078125 0.003417134488650232 0.0029296875
2 0.13131559677813034 0.0159912109375 0.004393458628264584 0.002685546875
2 0.13546497437149133 0.01318359375 0.003417134488650232 0.00244140625
2 0.13900414937759337 0.01171875 0.002196729314132292 0.001953125
2 0.1401025140346595 0.0111083984375 0.001952648279228704 0.001708984375
2 0.14144495972662924 0.0108642578125 0.001708567244325116 0.001220703125
2 0.1361972174762021 0.00634765625 0.001952648279228704 0.001953125
2 0.13790578472052722 0.0062255859375 0.002928972418843056 0.002197265625
2 0.02660483280449109 0.067138671875 0.002928972418843056 0.00244140625
2 0.013302416402245545 0.2469482421875 0.008054674151818403 0.004150390625
2 0.07627532340737125 0.438720703125 0.007566512082011228 0.001953125
2 0.06809860873810104 0.428955078125 0.008298755186721992 0.001953125
2 0.05674884061508421 0.428955078125 0.007078350012204052 0.00146484375
2 0.11471808640468635 0.018310546875 0.00488162069807176 0.001953125
2 0.05796924578960215 0.423095703125 0.008054674151818403 0.001953125
2 0.05760312423724676 0.421630859375 0.006834268977300464 0.00146484375
2 0.37539663168171833 0.469970703125 0.00976324139614352 0.0107421875
2 0.28984622894801076 0.38623046875 0.009030998291432755 0.00244140625
2 0.30632169880400295 0.275634765625 0.006834268977300464 0.00341796875
2 0.03978520868928484 0.4368896484375 0.00976324139614352 0.003662109375
2 0.040395411276543815 0.438720703125 0.008542836221625579 0.0029296875
2 0.039663168171833046 0.4095458984375 0.002196729314132292 0.002685546875
2 0.038930925067122285 0.41259765625 0.002684891383939468 0.0029296875
2 0.03612399316573102 0.4178466796875 0.002928972418843056 0.002685546875
2 0.045765194044422745 0.4185791015625 0.002684891383939468 0.002197265625
2 0.05504027337075909 0.4366455078125 0.00366121552355382 0.003662109375
2 0.5490602880156212 0.638671875 0.003173053453746644 0.00390625
2 0.9981693922382231 0.428955078125 0.003173053453746644 0.0009765625
2 0.48486697583597754 0.7203369140625 0.0427141811081279 0.025634765625
2 0.9522821576763485 0.47802734375 0.003173053453746644 0.0029296875
2 0.9574078594093239 0.4443359375 0.002684891383939468 0.00244140625
2 0.9375152550646815 0.45751953125 0.002928972418843056 0.00244140625
2 0.9808396387600683 0.4508056640625 0.001708567244325116 0.001708984375
2 0.9536246033683183 0.4610595703125 0.004393458628264584 0.003173828125
2 0.9697339516719551 0.45263671875 0.001464486209421528 0.001953125
2 0.9622894801073957 0.449951171875 0.002684891383939468 0.00244140625
2 0.9400781059311691 0.4578857421875 0.003173053453746644 0.002685546875
2 0.970954356846473 0.4869384765625 0.003417134488650232 0.002685546875
2 0.9681474249450818 0.4866943359375 0.002684891383939468 0.002685546875
2 0.9602147913107152 0.48486328125 0.003905296558457408 0.00341796875
2 0.9572858188918721 0.484130859375 0.003905296558457408 0.00341796875
2 0.9272638515987308 0.4769287109375 0.003905296558457408 0.003173828125
2 0.9329997559189651 0.4781494140625 0.00366121552355382 0.003662109375
2 0.956797656822065 0.3477783203125 0.005369782767878936 0.002197265625
2 0.9718086404686356 0.4825439453125 0.00366121552355382 0.003173828125
2 0.9762020990969001 0.4488525390625 0.00366121552355382 0.003173828125
2 0.9521601171588967 0.353759765625 0.00488162069807176 0.00146484375
2 0.9549670490602881 0.3502197265625 0.005613863802782524 0.001708984375
2 0.9530144007810593 0.3525390625 0.004149377593360996 0.0009765625
2 0.9741274103002197 0.48291015625 0.002928972418843056 0.00244140625
2 0.949597266292409 0.4774169921875 0.003173053453746644 0.002685546875
2 0.964486209421528 0.450927734375 0.004149377593360996 0.00341796875
2 0.9458140102514034 0.4466552734375 0.003417134488650232 0.002685546875
2 0.9482548206004393 0.4473876953125 0.003417134488650232 0.002685546875
2 0.9513058335367341 0.4482421875 0.00366121552355382 0.0029296875
2 0.9535025628508665 0.44873046875 0.004637539663168172 0.00390625
2 0.9481327800829875 0.4599609375 0.00366121552355382 0.0029296875
2 0.9697339516719551 0.4647216796875 0.00244081034903588 0.002197265625
2 0.9664388577007567 0.4810791015625 0.003173053453746644 0.002685546875
2 0.9749816939223822 0.4661865234375 0.003173053453746644 0.002685546875
2 0.9596045887234562 0.345703125 0.00366121552355382 0.0009765625
2 0.4207957041737857 0.521240234375 0.03173053453746644 0.015625
2 0.24493531852575054 0.76708984375 0.0183060776177691 0.00439453125
2 0.2355381986819624 0.9493408203125 0.01806199658286551 0.031982421875
2 0.949597266292409 0.4422607421875 0.003173053453746644 0.002685546875
2 0.9520380766414449 0.443115234375 0.00366121552355382 0.0029296875
2 0.9978032706858677 0.420654296875 0.003417134488650232 0.00146484375
2 0.9974371491335123 0.4088134765625 0.002196729314132292 0.002197265625
2 0.9187210153771052 0.38671875 0.001464486209421528 0.001953125
2 0.9164022455455211 0.3712158203125 0.004637539663168172 0.002197265625
2 0.9465462533561142 0.3597412109375 0.003905296558457408 0.002197265625
2 0.9475225774957285 0.357666015625 0.00488162069807176 0.00244140625
2 0.9488650231876983 0.3568115234375 0.004637539663168172 0.001708984375
2 0.9608249938979742 0.3443603515625 0.00366121552355382 0.001220703125
2 0.9553331706126434 0.4664306640625 0.00244081034903588 0.002685546875
2 0.9663168171833049 0.340087890625 0.003417134488650232 0.00244140625
2 0.9566756163046132 0.338623046875 0.003173053453746644 0.00244140625
2 0.9843788137661704 0.4503173828125 0.003417134488650232 0.002685546875
2 0.9470344154259214 0.3587646484375 0.004393458628264584 0.002197265625
2 0.9804735172077129 0.455078125 0.003417134488650232 0.0029296875
2 0.9560654137173542 0.4493408203125 0.00244081034903588 0.001708984375
2 0.9627776421772029 0.445556640625 0.002684891383939468 0.00244140625
2 0.9637539663168172 0.480712890625 0.00366121552355382 0.00390625
2 0.9441054430070783 0.4761962890625 0.00244081034903588 0.002197265625
2 0.9279960947034416 0.47265625 0.003417134488650232 0.0029296875
2 0.9380034171344886 0.461669921875 0.001952648279228704 0.001953125
2 0.9366609714425189 0.4613037109375 0.001708567244325116 0.001708984375
2 0.9506956309494752 0.4603271484375 0.003905296558457408 0.003173828125
2 0.9541127654381255 0.351318359375 0.003417134488650232 0.00146484375
2 0.9543568464730291 0.44384765625 0.003417134488650232 0.0029296875
2 0.9707102758115694 0.506103515625 0.00244081034903588 0.00244140625
2 0.6963631925799365 0.0740966796875 0.00244081034903588 0.002685546875
2 0.9705882352941176 0.44775390625 0.003173053453746644 0.0029296875
2 0.9675372223578228 0.463623046875 0.00488162069807176 0.0048828125
2 0.9652184525262387 0.462646484375 0.005125701732975348 0.0048828125
2 0.9471564559433732 0.4765625 0.005613863802782524 0.0048828125
2 0.9726629240907981 0.4647216796875 0.006346106907493288 0.004638671875
2 0.9661947766658531 0.46923828125 0.005613863802782524 0.00537109375
2 0.9635098852819136 0.46826171875 0.005613863802782524 0.0048828125
2 0.9527703197461557 0.4659423828125 0.004637539663168172 0.004150390625
2 0.9610690749328777 0.4676513671875 0.004637539663168172 0.004150390625
2 0.9500854283622162 0.4654541015625 0.005613863802782524 0.005126953125
2 0.9615572370026849 0.479736328125 0.004637539663168172 0.0048828125
2 0.9589943861361973 0.4791259765625 0.00488162069807176 0.004638671875
2 0.9622894801073957 0.46240234375 0.004637539663168172 0.00439453125
2 0.9690017085672443 0.4698486328125 0.00488162069807176 0.005126953125
2 0.9830363680742006 0.456298828125 0.005613863802782524 0.0048828125
2 0.8158408591652428 0.0548095703125 0.00366121552355382 0.001708984375
2 0.8170612643397608 0.0555419921875 0.003173053453746644 0.001708984375
2 0.81632902123505 0.0599365234375 0.00366121552355382 0.002197265625
2 0.9598486697583598 0.4454345703125 0.00366121552355382 0.002685546875
2 0.5685867708079082 0.02197265625 0.004149377593360996 0.0029296875
2 0.8446424212838662 0.4833984375 0.003173053453746644 0.00390625
2 0.7616548694166463 0.091796875 0.004149377593360996 0.00244140625
2 0.7555528435440566 0.090087890625 0.004149377593360996 0.00244140625
2 0.7374908469611912 0.0908203125 0.002196729314132292 0.00244140625
2 0.5648035147669026 0.036376953125 0.001952648279228704 0.00244140625
2 0.7346839150597999 0.0860595703125 0.00244081034903588 0.002197265625
2 0.9875518672199171 0.4510498046875 0.006346106907493288 0.004150390625
2 0.9343422016109348 0.46142578125 0.003417134488650232 0.0029296875
2 0.9334879179887723 0.473388671875 0.005125701732975348 0.00390625
2 0.9621674395899439 0.4864501953125 0.005857944837686112 0.005126953125
2 0.959116426653649 0.462158203125 0.004149377593360996 0.00341796875
2 0.9394679033439102 0.462890625 0.002928972418843056 0.00244140625
2 0.9459360507688552 0.4813232421875 0.004637539663168172 0.004150390625
2 0.9450817671466927 0.464111328125 0.00244081034903588 0.00244140625
2 0.9718086404686356 0.469970703125 0.00366121552355382 0.00390625
2 0.9582621430314865 0.4666748046875 0.003417134488650232 0.003173828125
2 0.9563094947522578 0.4615478515625 0.004393458628264584 0.003173828125
2 0.979253112033195 0.44970703125 0.00488162069807176 0.00341796875
2 0.9781547473761288 0.45458984375 0.004637539663168172 0.00390625
2 0.9253112033195021 0.472412109375 0.00488162069807176 0.00390625
2 0.9805955577251647 0.4884033203125 0.006590187942396876 0.002685546875
2 0.9650964120087869 0.4864501953125 0.00488162069807176 0.004638671875
2 0.9516719550890895 0.4832763671875 0.00488162069807176 0.004150390625
2 0.10190383207224799 0.5233154296875 0.002684891383939468 0.002685546875
2 0.9422748352453014 0.4632568359375 0.002684891383939468 0.002685546875
2 0.9483768611178911 0.4825439453125 0.005125701732975348 0.004638671875
2 0.9672931413229192 0.451904296875 0.00488162069807176 0.00439453125
2 0.9428850378325604 0.4814453125 0.00488162069807176 0.00390625
2 0.9380034171344886 0.4793701171875 0.003905296558457408 0.004150390625
2 0.935440566268001 0.47900390625 0.004149377593360996 0.00390625
2 0.9297046619477667 0.4775390625 0.00488162069807176 0.00439453125
2 0.9220161093483037 0.4755859375 0.005613863802782524 0.0048828125
2 0.9403221869660727 0.4803466796875 0.005125701732975348 0.004638671875
2 0.9366609714425189 0.473876953125 0.005613863802782524 0.0048828125
2 0.955577251647547 0.4783935546875 0.005857944837686112 0.004638671875
2 0.9752257749572858 0.4537353515625 0.004637539663168172 0.004150390625
2 0.04491091042226019 0.409912109375 0.006346106907493288 0.00146484375