0 0.23907737368806445 0.5648035147669026 0.0549182328533073 0.03612399316573102
0 0.36477910666341223 0.2238223090065902 0.13741762265072005 0.028313400048816207
2 0.6767146692701977 0.5184281181352209 0.05394190871369295 0.07029533805223334
2 0.762997315108616 0.048328044910910424 0.013668537954600928 0.03807664144495972
2 0.12887478642909445 0.3420795704173786 0.005369782767878936 0.004149377593360996
2 0.32621430314864536 0.2235782279716866 0.008542836221625579 0.005369782767878936
2 0.3962655601659751 0.23846717110080548 0.009030998291432755 0.004393458628264584
2 0.3828411032462778 0.2318769831584086 0.008542836221625579 0.00488162069807176
2 0.3375640712716622 0.22882597022211373 0.008786917256529168 0.005125701732975348
2 0.15926287527459115 0.32792287039297047 0.004637539663168172 0.002196729314132292
2 0.14315352697095435 0.32999755918965096 0.005125701732975348 0.004393458628264584
2 0.25286795216011715 0.5447888699048083 0.006834268977300464 0.00244081034903588
2 0.24237246765926287 0.5590676104466683 0.010251403465950696 0.0061020258725897
2 0.3816206980717598 0.23517207712960703 0.010983646570661459 0.0061020258725897
2 0.32426165486941666 0.22626311935562607 0.009030998291432755 0.005369782767878936
2 0.33585550402733705 0.2319990236758604 0.011227727605565048 0.006590187942396876
2 0.3392726385159873 0.2256529167683671 0.00732243104710764 0.005125701732975348
2 0.32291920917744693 0.2296802538442763 0.0122040517451794 0.007810593116914816
2 0.25286795216011715 0.5471076397363925 0.008298755186721992 0.00366121552355382
2 0.24322675128142543 0.5838418354893825 0.007566512082011228 0.00488162069807176
2 0.194898706370515 0.479863314620454 0.03978520868928484 0.012692213814986576
2 0.40895777398096167 0.37893580668782034 0.05443007078350012 0.017329753478154748
2 0.3866243592872834 0.5104954845008542 0.021479131071515743 0.037832560410056136
2 0.34439834024896265 0.36917256529167686 0.054185989748596536 0.016353429338540396
2 0.40956797656822064 0.24847449353185258 0.01464486209421528 0.005857944837686112
2 0.410544300707835 0.24530144007810592 0.013668537954600928 0.005369782767878936
2 0.4248230412496949 0.24762020990969003 0.014888943129118867 0.0061020258725897
2 0.5464974371491335 0.40200146448620944 0.04930436905052477 0.016109348303636806
2 0.41811081278984624 0.2421283866243593 0.034171344886502315 0.010251403465950696
2 0.5776177690993409 0.5191603612399317 0.039297046619477666 0.04051745179399561
2 0.255918965096412 0.5528435440566268 0.013912618989504515 0.007810593116914816
2 0.26702465218452526 0.557481083719795 0.008298755186721992 0.013180375884793752
2 0.25994630217232123 0.5682206492555528 0.012692213814986576 0.00732243104710764
2 0.2620209909690017 0.5721259458140102 0.012448132780082987 0.00732243104710764
2 0.24408103490358798 0.5746887966804979 0.012692213814986576 0.008054674151818403
2 0.41103246277764216 0.23627044178667317 0.03612399316573102 0.009275079326336344
2 0.6199658286551135 0.4167683670978765 0.08054674151818404 0.02660483280449109
2 0.2555528435440566 0.5493043690505248 0.013668537954600928 0.006590187942396876
2 0.15072003905296558 0.32658042470100074 0.0061020258725897 0.002928972418843056
