0 0.8746584699453552 0.625154130702836 0.024362477231329692 0.006411837237977805
0 0.8730646630236795 0.6141800246609125 0.02481785063752277 0.0076448828606658446
0 0.3948087431693989 0.1255240443896424 0.029143897996357013 0.04192355117139334
0 0.3723816029143898 0.1064118372379778 0.028005464480874317 0.040690505548705305
0 0.36259107468123863 0.09001233045622688 0.01343351548269581 0.021208384710234278
0 0.3509790528233151 0.08286066584463625 0.011156648451730419 0.0187422934648582
0 0.33697632058287796 0.08027127003699137 0.01639344262295082 0.03378545006165228
0 0.3236566484517304 0.07459926017262639 0.025273224043715847 0.056473489519112206
0 0.28005464480874315 0.10160295930949445 0.012295081967213115 0.026140567200986436
0 0.26662112932604737 0.08360049321824907 0.025500910746812388 0.04784217016029593
0 0.20890255009107467 0.087422934648582 0.007969034608378871 0.027866831072749693
0 0.18169398907103826 0.11676942046855733 0.007285974499089253 0.056473489519112206
0 0.837431693989071 0.4493218249075216 0.009107468123861567 0.041430332922318125
0 0.8208105646630237 0.4484586929716399 0.007741347905282332 0.03279901356350185
0 0.7890482695810564 0.45635018495684343 0.01616575591985428 0.04217016029593095
0 0.7584244080145719 0.46781750924784216 0.011384335154826957 0.03501849568434032
0 0.745332422586521 0.4720098643649815 0.009790528233151184 0.03847102342786683
0 0.725523679417122 0.47127003699136866 0.011156648451730419 0.032059186189889025
0 0.706056466302368 0.4705302096177559 0.018214936247723135 0.032059186189889025
0 0.6791894353369763 0.49149198520345255 0.010018214936247723 0.030579531442663378
0 0.111908014571949 0.0998766954377312 0.011612021857923498 0.029099876695437732
0 0.8249089253187614 0.6453760789149199 0.10063752276867031 0.1001233045622688
0 0.761384335154827 0.7191122071516646 0.11748633879781421 0.09173859432799014
0 0.52367941712204 0.7861898890258939 0.06739526411657559 0.0877928483353884
0 0.47973588342440804 0.7336621454993835 0.09335154826958106 0.11294697903822441
0 0.4016393442622951 0.699383477188656 0.122040072859745 0.14796547472256474
0 0.28825136612021857 0.7099876695437731 0.052823315118397086 0.10900123304562269
0 0.22449908925318762 0.7210850801479655 0.060109289617486336 0.11837237977805179
0 0.17144808743169399 0.7390875462392108 0.06147540983606557 0.11985203452527743
0 0.24134790528233152 0.6145499383477189 0.273224043715847 0.10456226880394574
0 0.5097905282331512 0.45154130702836004 0.07695810564663023 0.09519112207151664
0 0.23189890710382513 0.09827373612823674 0.02663934426229508 0.06584463625154131
0 0.12659380692167577 0.4033292231812577 0.014571948998178506 0.008631319358816275
0 0.12443078324225865 0.4755856966707768 0.014799635701275045 0.00468557336621455
0 0.5746812386156649 0.42971639950678175 0.006375227686703097 0.028853267570900124
0 0.8720400728597449 0.6022194821208384 0.02459016393442623 0.00591861898890259
0 0.8705601092896175 0.5912453760789149 0.02481785063752277 0.007151664611590629
0 0.8689663023679417 0.580517879161529 0.02390710382513661 0.0069050554870530205
0 0.867827868852459 0.5689272503082614 0.02481785063752277 0.0069050554870530205
0 0.8666894353369763 0.5580764488286066 0.02481785063752277 0.007398273736128237
0 0.8650956284153005 0.5466091245376079 0.02481785063752277 0.0076448828606658446
0 0.8641848816029144 0.5356350184956843 0.02390710382513661 0.00591861898890259
0 0.8620218579234973 0.524537607891492 0.025500910746812388 0.006411837237977805
0 0.8609972677595629 0.5130702836004932 0.025273224043715847 0.0076448828606658446
0 0.4236111111111111 0.16424167694204686 0.0389344262295082 0.04833538840937115
0 0.4536657559198543 0.18273736128236745 0.033925318761384333 0.03501849568434032
0 0.48030510018214934 0.25376078914919853 0.07308743169398907 0.09815043156596794
0 0.4840619307832423 0.3847102342786683 0.07468123861566485 0.07299630086313194
0 0.5551001821493625 0.4120838471023428 0.022768670309653915 0.02219482120838471
0 0.14082422586520948 0.7890258939580764 0.012522768670309653 0.009124537607891493
0 0.09596994535519125 0.664734895191122 0.012522768670309653 0.00813810110974106
0 0.09403460837887068 0.6577065351418002 0.012295081967213115 0.007891491985203452
0 0.10849271402550091 0.6990135635018496 0.012522768670309653 0.0076448828606658446
0 0.1107695810564663 0.7057953144266338 0.012978142076502733 0.008384710234278668
0 0.11259107468123862 0.7128236744759556 0.012522768670309653 0.008631319358816275
0 0.11555100182149362 0.7196054254007398 0.012067395264116576 0.007891491985203452
0 0.11748633879781421 0.7265104808877928 0.01366120218579235 0.008384710234278668
0 0.1197632058287796 0.7330456226880394 0.012750455373406194 0.00813810110974106
0 0.12465846994535519 0.7466091245376079 0.012522768670309653 0.00813810110974106
0 0.12659380692167577 0.7536374845869297 0.012295081967213115 0.007398273736128237
0 0.13342440801457195 0.77422934648582 0.011384335154826957 0.0076448828606658446
0 0.1384335154826958 0.782367447595561 0.013205828779599272 0.009124537607891493
0 0.14344262295081966 0.7953144266337855 0.01092896174863388 0.007891491985203452
0 0.35860655737704916 0.2974106041923551 0.24817850637522768 0.21011097410604193
2 0.6029143897996357 0.9549938347718866 0.005919854280510018 0.012083847102342787
2 0.4791666666666667 0.7122071516646116 0.025273224043715847 0.023181257706535143
2 0.5365437158469946 0.4848335388409371 0.013888888888888888 0.014303329223181258
2 0.5416666666666666 0.4903822441430333 0.01366120218579235 0.01405672009864365
2 0.5415528233151184 0.7524044389642417 0.020264116575591986 0.01775585696670777
2 0.5360883424408015 0.7605425400739827 0.020264116575591986 0.019235511713933416
2 0.5318761384335154 0.769790382244143 0.020491803278688523 0.018495684340320593
2 0.526183970856102 0.7776818742293465 0.020947176684881604 0.018002466091245378
2 0.5201502732240437 0.7854500616522812 0.01980874316939891 0.019235511713933416
2 0.5096766848816029 0.8032059186189889 0.02163023679417122 0.019235511713933416
2 0.5035291438979964 0.813193588162762 0.019353369763205827 0.016029593094944512
2 0.5168488160291439 0.7120838471023427 0.022768670309653915 0.021454993834771886
2 0.5079690346083788 0.7196054254007398 0.015938069216757743 0.015289765721331689
2 0.5045537340619308 0.7292231812577066 0.02185792349726776 0.021701602959309493
2 0.49373861566484517 0.7468557336621455 0.02390710382513661 0.022934648581997535
2 0.48781876138433516 0.7553637484586929 0.02117486338797814 0.01972872996300863
2 0.483948087431694 0.7663378545006165 0.025273224043715847 0.02342786683107275
2 0.4692622950819672 0.7790382244143034 0.015027322404371584 0.014303329223181258
2 0.49077868852459017 0.6942046855733662 0.025273224043715847 0.022688039457459928
2 0.5325591985428051 0.4790382244143033 0.01366120218579235 0.013563501849568433
2 0.5282331511839709 0.47361282367447594 0.014571948998178506 0.015536374845869297
2 0.5248178506375227 0.46732429099876693 0.01366120218579235 0.014303329223181258
2 0.48747723132969034 0.4163995067817509 0.013205828779599272 0.01405672009864365
2 0.4135928961748634 0.3623921085080148 0.02709471766848816 0.03625154130702836
2 0.424408014571949 0.36818742293464857 0.02413479052823315 0.03156596794081381
2 0.4344262295081967 0.37669543773119607 0.027777777777777776 0.03723797780517879
2 0.4455828779599271 0.3752157829839704 0.011384335154826957 0.016029593094944512
2 0.4487704918032787 0.38655980271270035 0.03278688524590164 0.0342786683107275
2 0.4513888888888889 0.41664611590628853 0.03210382513661202 0.03625154130702836
2 0.48258196721311475 0.4098643649815043 0.012978142076502733 0.014303329223181258
2 0.5474726775956285 0.4124537607891492 0.017987249544626594 0.012083847102342787
2 0.5196948998178507 0.4623921085080148 0.012522768670309653 0.013316892725030826
2 0.5431466302367942 0.4241676942046856 0.015255009107468125 0.01726263871763255
2 0.5675091074681239 0.4315659679408138 0.010701275045537341 0.020221948212083847
2 0.5809426229508197 0.4445129469790382 0.007969034608378871 0.018002466091245378
2 0.5039845173041895 0.43896424167694204 0.01343351548269581 0.014303329223181258
2 0.5078551912568307 0.44525277435265104 0.01343351548269581 0.012577065351418002
2 0.5114981785063752 0.4510480887792848 0.014344262295081968 0.013316892725030826
2 0.5163934426229508 0.4567200986436498 0.01366120218579235 0.014796547472256474
2 0.48372040072859745 0.7027127003699137 0.022996357012750455 0.02096177558569667
2 0.18932149362477232 0.08446362515413071 0.007058287795992714 0.015043156596794081
2 0.23337887067395263 0.07274969173859433 0.00546448087431694 0.008384710234278668
2 0.014116575591985429 0.15819975339087547 0.007285974499089253 0.00468557336621455
2 0.8672586520947176 0.5872996300863131 0.023679417122040074 0.011590628853267572
2 0.8694216757741348 0.5983970406905056 0.020264116575591986 0.008631319358816275
2 0.86908014571949 0.6093711467324291 0.020947176684881604 0.0093711467324291
2 0.86908014571949 0.6398273736128237 0.028688524590163935 0.027373612823674474
2 0.8628187613843351 0.6504315659679408 0.018442622950819672 0.017016029593094943
2 0.860655737704918 0.6580764488286066 0.010018214936247723 0.009617755856966708
2 0.8581511839708561 0.6646115906288532 0.010018214936247723 0.010357583230579531
2 0.8276411657559198 0.6611590628853268 0.014571948998178506 0.0187422934648582
2 0.835724043715847 0.6368680641183724 0.014344262295081968 0.019482120838471024
2 0.8104508196721312 0.6478421701602959 0.012067395264116576 0.01775585696670777
2 0.805327868852459 0.6425400739827374 0.00819672131147541 0.011590628853267572
2 0.7975865209471766 0.6369913686806412 0.012295081967213115 0.013810110974106041
2 0.7915528233151184 0.6340320591861899 0.015255009107468125 0.019235511713933416
2 0.786771402550091 0.6283600493218249 0.01343351548269581 0.015782983970406905
2 0.8162568306010929 0.6240443896424168 0.01366120218579235 0.017016029593094943
2 0.8109061930783242 0.619482120838471 0.012067395264116576 0.01726263871763255
2 0.7990664845173042 0.608754623921085 0.014799635701275045 0.01997533908754624
2 0.8681693989071039 0.575462392108508 0.023679417122040074 0.011097410604192354
2 0.8673724954462659 0.5652281134401973 0.017987249544626594 0.008877928483353885
2 0.8620218579234973 0.5425400739827374 0.014116575591985429 0.007891491985203452
2 0.46971766848816027 0.3637484586929716 0.009107468123861567 0.012330456226880395
2 0.01343351548269581 0.14389642416769421 0.006830601092896175 0.0219482120838471
2 0.02219945355191257 0.14192355117139335 0.008424408014571949 0.03033292231812577
2 0.39321493624772313 0.0810110974106042 0.010473588342440802 0.009124537607891493
2 0.4237249544626594 0.10826140567200987 0.006375227686703097 0.008877928483353885
2 0.5206056466302368 0.14488286066584463 0.012522768670309653 0.011590628853267572
2 0.49260018214936246 0.273612823674476 0.008879781420765027 0.006165228113440197
2 0.4857695810564663 0.3580764488286067 0.005236794171220401 0.007891491985203452
2 0.5475865209471766 0.3806411837237978 0.007741347905282332 0.008631319358816275
2 0.8644125683060109 0.5295930949445129 0.014344262295081968 0.008631319358816275
2 0.8944672131147541 0.8104808877928483 0.009790528233151184 0.0076448828606658446
2 0.8403916211293261 0.46066584463625154 0.007285974499089253 0.018249075215782985
2 0.8119307832422586 0.45462392108508015 0.011839708561020037 0.024907521578298397
2 0.7871129326047359 0.4733662145499383 0.006375227686703097 0.01405672009864365
2 0.7773224043715847 0.4683107274969174 0.00546448087431694 0.014796547472256474
2 0.7636612021857924 0.4568434032059186 0.009107468123861567 0.005672009864364982
2 0.7652550091074681 0.4692971639950678 0.00819672131147541 0.014303329223181258
2 0.40551001821493626 0.35450061652281134 0.0273224043715847 0.03329223181257707
2 0.3968579234972678 0.3477188655980271 0.02413479052823315 0.030086313193588163
2 0.388091985428051 0.3406905055487053 0.02481785063752277 0.03526510480887793
2 0.465391621129326 0.3586929716399507 0.014571948998178506 0.01898890258939581
2 0.3966302367941712 0.13649815043156596 0.018670309653916212 0.0219482120838471
2 0.42087887067395263 0.1720098643649815 0.016621129326047358 0.019482120838471024
2 0.46948998178506374 0.14821208384710235 0.014571948998178506 0.01972872996300863
2 0.4525273224043716 0.15215782983970408 0.015710382513661202 0.01627620221948212
2 0.43806921675774135 0.16399506781750925 0.015027322404371584 0.020221948212083847
2 0.44979508196721313 0.17669543773119606 0.01980874316939891 0.0219482120838471
2 0.4513888888888889 0.19617755856966707 0.01980874316939891 0.0219482120838471
2 0.4581056466302368 0.21454993834771888 0.026411657559198543 0.018249075215782985
2 0.4614071038251366 0.22897657213316894 0.022540983606557378 0.018002466091245378
2 0.47893897996357016 0.2279901356350185 0.012978142076502733 0.016029593094944512
2 0.4600409836065574 0.24907521578298397 0.01889799635701275 0.014796547472256474
2 0.4823542805100182 0.2438964241676942 0.017531876138433516 0.015289765721331689
2 0.49829234972677594 0.24895191122071517 0.016621129326047358 0.012083847102342787
2 0.48372040072859745 0.25721331689272503 0.016621129326047358 0.01726263871763255
2 0.4749544626593807 0.2907521578298397 0.040983606557377046 0.02466091245376079
2 0.4822404371584699 0.30184956843403205 0.021402550091074682 0.016769420468557335
2 0.25853825136612024 0.2032059186189889 0.017987249544626594 0.021701602959309493
2 0.383879781420765 0.1256473489519112 0.0273224043715847 0.0342786683107275
2 0.36577868852459017 0.10554870530209617 0.014799635701275045 0.0187422934648582
2 0.35393897996357016 0.10530209617755856 0.012522768670309653 0.014303329223181258
2 0.2204007285974499 0.07829839704069051 0.011384335154826957 0.012577065351418002
2 0.0782103825136612 0.12318125770653514 0.01343351548269581 0.022934648581997535
2 0.17372495446265937 0.10258939580764488 0.010473588342440802 0.022688039457459928
2 0.17395264116575593 0.13353884093711468 0.01366120218579235 0.03625154130702836
2 0.18613387978142076 0.10184956843403206 0.009790528233151184 0.02219482120838471
2 0.20002276867030966 0.09272503082614057 0.010245901639344262 0.015289765721331689
2 0.2058287795992714 0.11652281134401973 0.018670309653916212 0.02688039457459926
2 0.1889799635701275 0.13008631319358815 0.012295081967213115 0.02688039457459926
2 0.21436703096539161 0.09519112207151664 0.011156648451730419 0.014303329223181258
2 0.355988160291439 0.0877928483353884 0.014799635701275045 0.01972872996300863
2 0.25853825136612024 0.07718865598027128 0.008879781420765027 0.01183723797780518
2 0.25352914389799636 0.09223181257706535 0.01616575591985428 0.021701602959309493
2 0.23224043715846995 0.1033292231812577 0.015482695810564663 0.021208384710234278
2 0.2321265938069217 0.12293464858199753 0.015710382513661202 0.02096177558569667
2 0.31910291438979965 0.07459926017262639 0.008424408014571949 0.011590628853267572
2 0.3125 0.08914919852034525 0.012522768670309653 0.021454993834771886
2 0.3303734061930783 0.0843403205918619 0.01092896174863388 0.015289765721331689
2 0.266051912568306 0.20850801479654746 0.020264116575591986 0.02688039457459926
2 0.24237249544626593 0.22872996300863133 0.016621129326047358 0.02096177558569667
2 0.25125227686703094 0.23366214549938347 0.017987249544626594 0.0219482120838471
2 0.40334699453551914 0.31011097410604194 0.01980874316939891 0.024907521578298397
2 0.38228597449908924 0.29605425400739827 0.018214936247723135 0.022441430332922317
2 0.3891165755919854 0.30061652281134404 0.018670309653916212 0.024167694204685574
2 0.39651639344262296 0.305672009864365 0.01889799635701275 0.024907521578298397
2 0.3469945355191257 0.30789149198520344 0.022313296903460837 0.029839704069050555
2 0.35530510018214934 0.3127003699136868 0.020264116575591986 0.0281134401972873
2 0.3622495446265938 0.3180024660912454 0.022768670309653915 0.028853267570900124
2 0.37864298724954465 0.33181257706535144 0.022768670309653915 0.02836004932182491
2 0.4106329690346084 0.3156596794081381 0.020719489981785064 0.025154130702836005
2 0.3406193078324226 0.3001233045622688 0.016848816029143898 0.021701602959309493
2 0.4168943533697632 0.3205918618988903 0.019581056466302368 0.024167694204685574
2 0.424408014571949 0.3256473489519112 0.019581056466302368 0.023921085080147966
2 0.43306010928961747 0.32922318125770655 0.01366120218579235 0.01775585696670777
2 0.440459927140255 0.3331689272503083 0.017531876138433516 0.02367447595561036
2 0.4454690346083789 0.3416769420468557 0.017987249544626594 0.022934648581997535
2 0.45309653916211295 0.3457459926017263 0.015938069216757743 0.020715166461159062
2 0.4581056466302368 0.3522811344019729 0.016848816029143898 0.0219482120838471
2 0.3756830601092896 0.2893958076448829 0.020947176684881604 0.025893958076448828
2 0.3253642987249545 0.292478421701603 0.018670309653916212 0.021701602959309493
2 0.25831056466302366 0.23871763255240444 0.01889799635701275 0.023181257706535143
2 0.29326047358834245 0.2644882860665845 0.018670309653916212 0.0219482120838471
2 0.2642304189435337 0.24586929716399505 0.01980874316939891 0.026140567200986436
2 0.2706056466302368 0.25117139334155364 0.01343351548269581 0.01750924784217016
2 0.2855191256830601 0.2594327990135635 0.021402550091074682 0.02564734895191122
2 0.27436247723132967 0.2130702836004932 0.020491803278688523 0.02663378545006165
2 0.28005464480874315 0.21985203452527743 0.019581056466302368 0.024907521578298397
2 0.28734061930783245 0.224537607891492 0.020947176684881604 0.027866831072749693
2 0.2945127504553734 0.230826140567201 0.02163023679417122 0.024167694204685574
2 0.3163706739526412 0.24771886559802714 0.01707650273224044 0.022934648581997535
2 0.3204690346083789 0.28668310727496915 0.02117486338797814 0.025893958076448828
2 0.3125 0.281134401972873 0.015710382513661202 0.018249075215782985
2 0.32581967213114754 0.25228113440197286 0.020947176684881604 0.027620221948212082
2 0.3332194899817851 0.2573366214549938 0.018442622950819672 0.022441430332922317
2 0.34073315118397085 0.26350184956843403 0.022996357012750455 0.029839704069050555
2 0.348816029143898 0.2692971639950678 0.02185792349726776 0.027620221948212082
2 0.361908014571949 0.27953144266337854 0.01616575591985428 0.02096177558569667
2 0.3686247723132969 0.28520345252774354 0.018214936247723135 0.023921085080147966
2 0.792235883424408 0.7463625154130703 0.013888888888888888 0.023921085080147966
2 0.7831284153005464 0.7414303329223181 0.013888888888888888 0.0219482120838471
2 0.7666211293260473 0.7330456226880394 0.014116575591985429 0.0219482120838471
2 0.21004098360655737 0.707521578298397 0.01889799635701275 0.013316892725030826
2 0.14571948998178508 0.7977805178791615 0.012295081967213115 0.011344019728729964
2 0.14959016393442623 0.8033292231812577 0.010473588342440802 0.008631319358816275
2 0.17281420765027322 0.7933415536374846 0.014116575591985429 0.009864364981504316
2 0.1919398907103825 0.7853267570900123 0.015938069216757743 0.010110974106041924
2 0.17122040072859745 0.7854500616522812 0.014571948998178506 0.010850801479654747
2 0.167235883424408 0.7789149198520345 0.017987249544626594 0.010110974106041924
2 0.16734972677595628 0.7706535141800247 0.014116575591985429 0.010357583230579531
2 0.16154371584699453 0.7500616522811344 0.014344262295081968 0.010604192355117139
2 0.15926684881602915 0.7429099876695437 0.01616575591985428 0.011097410604192354
2 0.15812841530054644 0.7361282367447596 0.013888888888888888 0.009864364981504316
2 0.15767304189435338 0.7288532675709001 0.012978142076502733 0.009617755856966708
2 0.1538023679417122 0.7223181257706535 0.01889799635701275 0.01183723797780518
2 0.1523224043715847 0.7151664611590629 0.016848816029143898 0.01183723797780518
2 0.15004553734061932 0.7076448828606658 0.015938069216757743 0.010604192355117139
2 0.16689435336976322 0.686189889025894 0.017304189435336976 0.010604192355117139
2 0.1696265938069217 0.6943279901356351 0.018670309653916212 0.013070283600493218
2 0.17224499089253187 0.701849568434032 0.01889799635701275 0.013316892725030826
2 0.13706739526411657 0.77731196054254 0.015027322404371584 0.01282367447595561
2 0.13376593806921674 0.7696670776818743 0.011612021857923498 0.0093711467324291
2 0.13126138433515483 0.7636251541307029 0.011612021857923498 0.010110974106041924
2 0.08242258652094718 0.6318125770653514 0.011839708561020037 0.0093711467324291
2 0.21231785063752276 0.7247842170160296 0.017987249544626594 0.010357583230579531
2 0.2148224043715847 0.7330456226880394 0.012067395264116576 0.009617755856966708
2 0.2159608378870674 0.7409371146732429 0.016621129326047358 0.011590628853267572
2 0.2167577413479053 0.7484586929716399 0.014571948998178506 0.011344019728729964
2 0.21789617486338797 0.7574599260172626 0.017304189435336976 0.011590628853267572
2 0.21846539162112932 0.7658446362515413 0.01707650273224044 0.010604192355117139
2 0.07547814207650273 0.24032059186189889 0.01616575591985428 0.015043156596794081
2 0.09927140255009108 0.6674475955610357 0.012750455373406194 0.009124537607891493
2 0.1305783242258652 0.755980271270037 0.016621129326047358 0.013070283600493218
2 0.10223132969034608 0.6739827373612823 0.017304189435336976 0.01282367447595561
2 0.10507741347905282 0.6806411837237978 0.01616575591985428 0.013316892725030826
2 0.10678506375227687 0.6875462392108508 0.01639344262295082 0.01282367447595561
2 0.10872040072859745 0.6946979038224415 0.015710382513661202 0.013316892725030826
2 0.11543715846994536 0.7154130702836005 0.013205828779599272 0.009864364981504316
2 0.12147085610200364 0.7358816276202219 0.012522768670309653 0.011344019728729964
2 0.12386156648451731 0.7430332922318126 0.01092896174863388 0.008877928483353885
2 0.17372495446265937 0.7102342786683107 0.017759562841530054 0.014303329223181258
2 0.17634335154826958 0.7186189889025894 0.018442622950819672 0.01282367447595561
2 0.1781648451730419 0.7261405672009864 0.018442622950819672 0.015043156596794081
2 0.35689890710382516 0.6130702836004932 0.010701275045537341 0.02564734895191122
2 0.2844945355191257 0.6271270036991369 0.011612021857923498 0.027127003699136867
2 0.2945127504553734 0.6244143033292232 0.007058287795992714 0.016769420468557335
2 0.30418943533697634 0.6209617755856967 0.010473588342440802 0.021701602959309493
2 0.31534608378870677 0.6235511713933416 0.014116575591985429 0.029839704069050555
2 0.32581967213114754 0.6212083847102343 0.014116575591985429 0.03156596794081381
2 0.3361794171220401 0.61442663378545 0.010701275045537341 0.02342786683107275
2 0.34756375227686703 0.6155363748458693 0.010245901639344262 0.02219482120838471
2 0.3375455373406193 0.5816276202219482 0.009335154826958106 0.006165228113440197
2 0.2539845173041894 0.6290998766954378 0.007513661202185792 0.014796547472256474
2 0.28722677595628415 0.5715166461159062 0.015255009107468125 0.02836004932182491
2 0.29883879781420764 0.5632552404438964 0.01889799635701275 0.0374845869297164
2 0.3115892531876138 0.5583230579531443 0.02163023679417122 0.036991368680641186
2 0.3350409836065574 0.5561035758323057 0.012522768670309653 0.01775585696670777
2 0.36361566484517305 0.5664611590628853 0.03506375227686703 0.0187422934648582
2 0.34369307832422585 0.5635018495684341 0.005236794171220401 0.008877928483353885
2 0.26104280510018213 0.03514180024660912 0.006602914389799636 0.008631319358816275
2 0.2627504553734062 0.6290998766954378 0.01092896174863388 0.022688039457459928
2 0.2455601092896175 0.6323057953144267 0.010245901639344262 0.024167694204685574
2 0.17918943533697632 0.7357583230579532 0.014571948998178506 0.012083847102342787
2 0.1597222222222222 0.6472256473489519 0.009790528233151184 0.01997533908754624
2 0.18214936247723132 0.743403205918619 0.017759562841530054 0.012577065351418002
2 0.18545081967213115 0.7511713933415536 0.01980874316939891 0.013316892725030826
2 0.18727231329690347 0.7599260172626388 0.01980874316939891 0.013563501849568433
2 0.12306466302367941 0.6538840937114673 0.008879781420765027 0.02096177558569667
2 0.1310336976320583 0.6525277435265104 0.009335154826958106 0.021208384710234278
2 0.14116575591985428 0.650308261405672 0.009107468123861567 0.02219482120838471
2 0.15004553734061932 0.6506781750924784 0.01092896174863388 0.026387176325524044
2 0.16848816029143898 0.6456226880394574 0.009107468123861567 0.020221948212083847
2 0.23520036429872496 0.6332922318125771 0.010473588342440802 0.025154130702836005
2 0.1770264116575592 0.6443896424167694 0.009790528233151184 0.022688039457459928
2 0.1837431693989071 0.6403205918618989 0.009562841530054645 0.01898890258939581
2 0.19330601092896174 0.6411837237977805 0.007285974499089253 0.01627620221948212
2 0.20070582877959928 0.6392108508014797 0.008879781420765027 0.022688039457459928
2 0.20947176684881602 0.6374845869297164 0.010473588342440802 0.021701602959309493
2 0.2174408014571949 0.6356350184956844 0.009562841530054645 0.02096177558569667
2 0.22654826958105648 0.6351418002466092 0.010473588342440802 0.024907521578298397
2 0.21106557377049182 0.7160295930949445 0.016848816029143898 0.010110974106041924
2 0.20787795992714025 0.6991368680641183 0.017759562841530054 0.012330456226880395
2 0.7504553734061931 0.7225647348951911 0.00819672131147541 0.014303329223181258
2 0.20639799635701275 0.690628853267571 0.019353369763205827 0.012577065351418002
2 0.4722222222222222 0.7235511713933416 0.022313296903460837 0.021701602959309493
2 0.38934426229508196 0.7620221948212084 0.015938069216757743 0.011344019728729964
2 0.394011839708561 0.7548705302096178 0.018442622950819672 0.015289765721331689
2 0.39617486338797814 0.7463625154130703 0.015938069216757743 0.013070283600493218
2 0.4068761384335155 0.7207151664611591 0.020491803278688523 0.018002466091245378
2 0.4135928961748634 0.7133168927250308 0.015255009107468125 0.016522811344019728
2 0.4183743169398907 0.7046855733662145 0.02163023679417122 0.02096177558569667
2 0.42600182149362475 0.6958076448828606 0.025956284153005466 0.02342786683107275
2 0.43294626593806923 0.6875462392108508 0.02663934426229508 0.02466091245376079
2 0.43693078324225865 0.6760789149198521 0.022313296903460837 0.01997533908754624
2 0.45229963570127507 0.6594327990135636 0.025273224043715847 0.024167694204685574
2 0.4248633879781421 0.6399506781750924 0.023679417122040074 0.0187422934648582
2 0.4175774134790528 0.6499383477188656 0.025045537340619307 0.022934648581997535
2 0.39127959927140255 0.66288532675709 0.005692167577413479 0.008877928483353885
2 0.4101775956284153 0.6599260172626387 0.02709471766848816 0.024167694204685574
2 0.4030054644808743 0.6699136868064118 0.022313296903460837 0.022441430332922317
2 0.3970856102003643 0.6838471023427867 0.012750455373406194 0.01282367447595561
2 0.46493624772313297 0.7321824907521578 0.023224043715846996 0.023181257706535143
2 0.46083788706739526 0.7441430332922319 0.01912568306010929 0.016029593094944512
2 0.45195810564663025 0.7504315659679408 0.028233151183970857 0.024167694204685574
2 0.7160746812386156 0.4739827373612824 0.006830601092896175 0.013810110974106041
2 0.7439663023679417 0.7193588162762022 0.012522768670309653 0.019235511713933416
2 0.737363387978142 0.7156596794081381 0.011156648451730419 0.0187422934648582
2 0.7239298724954463 0.7097410604192355 0.009790528233151184 0.015782983970406905
2 0.7473816029143898 0.6939580764488286 0.009335154826958106 0.014303329223181258
2 0.7547814207650273 0.6963008631319358 0.010473588342440802 0.016522811344019728
2 0.7778916211293261 0.7073982737361283 0.011612021857923498 0.019482120838471024
2 0.795195810564663 0.7145499383477188 0.014799635701275045 0.024414303329223182
2 0.7354280510018215 0.49149198520345255 0.013205828779599272 0.028606658446362516
2 0.44785974499089254 0.7639950678175093 0.020491803278688523 0.020715166461159062
2 0.7190346083788707 0.49790382244143033 0.008652094717668488 0.022688039457459928
2 0.6983151183970856 0.4902589395807645 0.012295081967213115 0.019235511713933416
2 0.6861338797814208 0.5006165228113441 0.008424408014571949 0.019235511713933416
2 0.6749772313296903 0.5029593094944513 0.003870673952641166 0.013070283600493218
2 0.662568306010929 0.5014796547472257 0.005009107468123861 0.009617755856966708
2 0.6596083788706739 0.48754623921085083 0.006375227686703097 0.01282367447595561
2 0.6545992714025501 0.47102342786683105 0.005919854280510018 0.011344019728729964
2 0.38979963570127507 0.692478421701603 0.02459016393442623 0.02219482120838471
2 0.3817167577413479 0.6986436498150431 0.01889799635701275 0.01775585696670777
2 0.37443078324225865 0.7077681874229347 0.01889799635701275 0.018249075215782985
2 0.23633879781420766 0.725154130702836 0.016848816029143898 0.011097410604192354
2 0.2818761384335155 0.7965474722564735 0.01092896174863388 0.01972872996300863
2 0.24601548269581056 0.7722564734895191 0.019353369763205827 0.01405672009864365
2 0.22062841530054644 0.7732429099876695 0.015027322404371584 0.00813810110974106
2 0.2424863387978142 0.7610357583230579 0.019581056466302368 0.010357583230579531
2 0.24089253187613843 0.7524044389642417 0.019581056466302368 0.0093711467324291
2 0.23861566484517305 0.744019728729963 0.015027322404371584 0.008877928483353885
2 0.2375910746812386 0.7357583230579532 0.01616575591985428 0.008631319358816275
2 0.2342896174863388 0.7177558569667077 0.015027322404371584 0.009124537607891493
2 0.27823315118397085 0.7307028360049321 0.018214936247723135 0.009864364981504316
2 0.23303734061930784 0.7081381011097411 0.017531876138433516 0.011097410604192354
2 0.23189890710382513 0.7 0.017987249544626594 0.011590628853267572
2 0.23087431693989072 0.6896424167694205 0.01912568306010929 0.011590628853267572
2 0.22848360655737704 0.6787916152897657 0.012522768670309653 0.007151664611590629
2 0.22814207650273224 0.6690505548705302 0.020947176684881604 0.011344019728729964
2 0.20366575591985428 0.6739827373612823 0.017531876138433516 0.010850801479654747
2 0.2054872495446266 0.6817509247842171 0.01707650273224044 0.009617755856966708
2 0.279143897996357 0.7388409371146732 0.018670309653916212 0.009864364981504316
2 0.276183970856102 0.7213316892725031 0.017304189435336976 0.010357583230579531
2 0.3663479052823315 0.7149198520345252 0.02413479052823315 0.021701602959309493
2 0.3008879781420765 0.711960542540074 0.02163023679417122 0.01282367447595561
2 0.3633879781420765 0.7266337854500616 0.020036429872495445 0.01997533908754624
2 0.35655737704918034 0.7369913686806412 0.022768670309653915 0.02096177558569667
2 0.3147768670309654 0.7720098643649815 0.018442622950819672 0.011590628853267572
2 0.28005464480874315 0.7584463625154131 0.014571948998178506 0.009617755856966708
2 0.2809653916211293 0.7483353884093712 0.017759562841530054 0.009124537607891493
2 0.305327868852459 0.7429099876695437 0.022313296903460837 0.011590628853267572
2 0.30396174863387976 0.7224414303329223 0.026411657559198543 0.01405672009864365
2 0.30031876138433516 0.7011097410604192 0.022313296903460837 0.012330456226880395
2 0.2755009107468124 0.7127003699136868 0.018670309653916212 0.009864364981504316
2 0.3025956284153005 0.6884093711467324 0.030054644808743168 0.013070283600493218
2 0.29701730418943534 0.6786683107274969 0.023451730418943533 0.01282367447595561
2 0.29610655737704916 0.6690505548705302 0.020264116575591986 0.011344019728729964
2 0.27140255009107467 0.6765721331689273 0.020036429872495445 0.012083847102342787
2 0.2736794171220401 0.6859432799013564 0.015938069216757743 0.010604192355117139
2 0.27265482695810567 0.6942046855733662 0.020264116575591986 0.01183723797780518
2 0.2747040072859745 0.7039457459926017 0.019353369763205827 0.010110974106041924
2 0.036885245901639344 0.1336621454993835 0.015482695810564663 0.03353884093711467
