2 0.2818614130434783 0.25977198697068404 0.011005434782608696 0.008550488599348535
2 0.15876358695652174 0.38436482084690554 0.008559782608695651 0.013029315960912053
2 0.21222826086956523 0.30618892508143325 0.02092391304347826 0.020765472312703582
2 0.2171875 0.314128664495114 0.019429347826086955 0.02035830618892508
2 0.17588315217391304 0.31280537459283386 0.017255434782608697 0.019747557003257327
2 0.1641304347826087 0.3024226384364821 0.01141304347826087 0.016897394136807818
2 0.17323369565217392 0.32593648208469056 0.010597826086956521 0.020765472312703582
2 0.24347826086956523 0.2186482084690554 0.014945652173913044 0.014657980456026058
2 0.27853260869565216 0.26862785016286644 0.015217391304347827 0.014047231270358305
2 0.24082880434782608 0.21162459283387622 0.01970108695652174 0.01730456026058632
2 0.1826766304347826 0.12103013029315961 0.014809782608695652 0.013232899022801304
2 0.18634510869565218 0.12611970684039087 0.010190217391304348 0.009568403908794789
2 0.19279891304347826 0.13273615635179153 0.01847826086956522 0.013843648208469055
2 0.19449728260869564 0.13802931596091206 0.01345108695652174 0.013029315960912053
2 0.20081521739130434 0.14729234527687296 0.015217391304347827 0.013640065146579805
2 0.20400815217391305 0.15309446254071662 0.016168478260869566 0.014250814332247556
2 0.2077445652173913 0.15777687296416937 0.01684782608695652 0.014250814332247556
2 0.20998641304347826 0.16357899022801303 0.018342391304347828 0.015268729641693811
2 0.21317934782608697 0.16775244299674266 0.01548913043478261 0.014657980456026058
2 0.21677989130434783 0.17141693811074918 0.022146739130434783 0.019951140065146578
2 0.21983695652173912 0.17803338762214985 0.01576086956521739 0.014047231270358305
2 0.22275815217391304 0.18230863192182412 0.017798913043478262 0.015675895765472313
2 0.22907608695652174 0.189942996742671 0.02010869565217391 0.018322475570032574
2 0.23016304347826086 0.1975773615635179 0.01576086956521739 0.013232899022801304
2 0.2340353260869565 0.20195439739413681 0.01671195652173913 0.015472312703583062
2 0.23838315217391304 0.2059242671009772 0.017798913043478262 0.014861563517915309
2 0.29300271739130435 0.29020765472312704 0.013994565217391305 0.013640065146579805
2 0.11440217391304348 0.014250814332247556 0.013858695652173913 0.011400651465798045
2 0.11657608695652173 0.019543973941368076 0.013315217391304347 0.009771986970684038
2 0.11990489130434782 0.022903094462540716 0.015353260869565217 0.012011400651465798
2 0.13125 0.038986156351791534 0.017934782608695653 0.013640065146579805
2 0.17588315217391304 0.2933631921824104 0.011277173913043479 0.014250814332247556
2 0.17989130434782608 0.30669788273615634 0.014402173913043478 0.01730456026058632
2 0.1859375 0.2864413680781759 0.01154891304347826 0.015472312703583062
2 0.14578804347826088 0.06026058631921824 0.01141304347826087 0.013029315960912053
2 0.20625 0.3469055374592834 0.007880434782608695 0.007328990228013029
2 0.1591711956521739 0.3669584690553746 0.01046195652173913 0.011604234527687296
2 0.2266304347826087 0.2717833876221498 0.020380434782608696 0.018729641693811076
2 0.16875 0.2960097719869707 0.012228260869565218 0.018322475570032574
2 0.18614130434782608 0.37510179153094464 0.017934782608695653 0.025855048859934854
2 0.19476902173913044 0.36767100977198697 0.01888586956521739 0.028501628664495113
2 0.20203804347826088 0.3629885993485342 0.013858695652173913 0.021579804560260585
2 0.18661684782608695 0.3009975570032573 0.014809782608695652 0.023004885993485342
2 0.18029891304347825 0.28796824104234525 0.011141304347826087 0.018526058631921825
2 0.165625 0.09018729641693811 0.010054347826086956 0.012622149837133551
2 0.1610733695652174 0.08021172638436481 0.010190217391304348 0.013029315960912053
2 0.15842391304347825 0.07125407166123779 0.010869565217391304 0.013843648208469055
2 0.1529891304347826 0.06738599348534202 0.01141304347826087 0.013436482084690555
2 0.14347826086956522 0.0564942996742671 0.014673913043478261 0.015268729641693811
2 0.19395380434782608 0.28552524429967424 0.013179347826086957 0.017711726384364822
2 0.14130434782608695 0.052219055374592836 0.01576086956521739 0.015268729641693811
2 0.13953804347826088 0.04804560260586319 0.020380434782608696 0.01710097719869707
2 0.13695652173913042 0.04275244299674267 0.01847826086956522 0.01710097719869707
2 0.12744565217391304 0.030741042345276873 0.0125 0.009771986970684038
2 0.12289402173913043 0.02789087947882736 0.011277173913043479 0.01017915309446254
2 0.1125679347826087 0.009161237785016287 0.01671195652173913 0.015879478827361564
2 0.17017663043478262 0.09731270358306189 0.014809782608695652 0.013029315960912053
2 0.2470108695652174 0.22404315960912052 0.016032608695652175 0.01730456026058632
2 0.25210597826086956 0.22933631921824105 0.018070652173913043 0.017711726384364822
2 0.2561141304347826 0.23513843648208468 0.017119565217391303 0.01506514657980456
2 0.259375 0.24012622149837134 0.024728260869565217 0.023004885993485342
2 0.2620244565217391 0.24745521172638438 0.016983695652173912 0.016490228013029316
2 0.2000679347826087 0.27911237785016285 0.01589673913043478 0.021986970684039087
2 0.29456521739130437 0.2822679153094462 0.009782608695652175 0.009568403908794789
