0 0.731201171875 0.5145263671875 0.01171875 0.008056640625
0 0.6842041015625 0.5863037109375 0.175048828125 0.129638671875
0 0.75732421875 0.5001220703125 0.00927734375 0.007568359375
0 0.6793212890625 0.4501953125 0.073486328125 0.03955078125
0 0.7103271484375 0.4827880859375 0.090087890625 0.052978515625
0 0.6705322265625 0.423828125 0.026611328125 0.02587890625
0 0.42919921875 0.361328125 0.02587890625 0.0595703125
0 0.7197265625 0.5260009765625 0.02001953125 0.017822265625
2 0.6697998046875 0.4486083984375 0.007080078125 0.004638671875
2 0.7281494140625 0.4681396484375 0.008544921875 0.006103515625
2 0.646484375 0.463134765625 0.01123046875 0.00830078125
2 0.409912109375 0.501708984375 0.00390625 0.00537109375
2 0.3731689453125 0.4981689453125 0.009521484375 0.012451171875
2 0.471435546875 0.4794921875 0.0048828125 0.005859375
2 0.445556640625 0.4700927734375 0.00439453125 0.004638671875
2 0.4716796875 0.5213623046875 0.00537109375 0.005126953125
2 0.30029296875 0.5157470703125 0.00830078125 0.006103515625
2 0.40087890625 0.3970947265625 0.00537109375 0.003173828125
2 0.4432373046875 0.3839111328125 0.006103515625 0.003662109375
2 0.4324951171875 0.399169921875 0.005615234375 0.00439453125
2 0.4102783203125 0.41650390625 0.005126953125 0.00634765625
2 0.3988037109375 0.42822265625 0.006591796875 0.005859375
2 0.4083251953125 0.446044921875 0.007568359375 0.0048828125
2 0.4403076171875 0.4375 0.006591796875 0.00537109375
2 0.4246826171875 0.4642333984375 0.007080078125 0.006103515625
2 0.56494140625 0.48779296875 0.00634765625 0.00634765625
2 0.670166015625 0.4505615234375 0.00927734375 0.006103515625
2 0.6781005859375 0.44677734375 0.010498046875 0.0068359375
2 0.53271484375 0.4996337890625 0.005859375 0.005126953125
2 0.5 0.499755859375 0.0068359375 0.0068359375
2 0.45458984375 0.4169921875 0.00439453125 0.0048828125
2 0.412109375 0.5001220703125 0.0087890625 0.008056640625
2 0.463623046875 0.454345703125 0.00341796875 0.0048828125
2 0.45703125 0.5010986328125 0.00537109375 0.008056640625
2 0.4908447265625 0.4766845703125 0.006591796875 0.006103515625
2 0.501708984375 0.4473876953125 0.00830078125 0.007568359375
2 0.4381103515625 0.418212890625 0.005126953125 0.00537109375
2 0.652099609375 0.4669189453125 0.0126953125 0.007568359375
2 0.6552734375 0.458251953125 0.00927734375 0.00537109375
2 0.6636962890625 0.453857421875 0.008056640625 0.00537109375
2 0.558837890625 0.50244140625 0.00634765625 0.00537109375
2 0.7205810546875 0.4722900390625 0.010498046875 0.007080078125
2 0.7010498046875 0.4425048828125 0.009033203125 0.006103515625
2 0.710205078125 0.4783935546875 0.009765625 0.007568359375
2 0.73095703125 0.4761962890625 0.009765625 0.007568359375
2 0.7235107421875 0.4803466796875 0.007080078125 0.005126953125
2 0.474853515625 0.56591796875 0.00830078125 0.0078125
2 0.6981201171875 0.436767578125 0.007080078125 0.00390625
2 0.6922607421875 0.4393310546875 0.007568359375 0.005126953125
2 0.685791015625 0.4427490234375 0.0087890625 0.005126953125
2 0.71435546875 0.52490234375 0.009765625 0.00634765625
2 0.64453125 0.5032958984375 0.00390625 0.004150390625
2 0.5384521484375 0.52978515625 0.008056640625 0.00634765625
2 0.55419921875 0.5489501953125 0.0078125 0.006591796875
2 0.465576171875 0.42138671875 0.00341796875 0.0048828125
2 0.5174560546875 0.57080078125 0.008544921875 0.0078125
2 0.6971435546875 0.54296875 0.010009765625 0.0078125
2 0.681396484375 0.510986328125 0.0166015625 0.009765625
2 0.5419921875 0.4788818359375 0.0068359375 0.007080078125
2 0.6796875 0.506103515625 0.0185546875 0.01318359375
2 0.6539306640625 0.4375 0.005126953125 0.00439453125
2 0.6917724609375 0.498046875 0.008056640625 0.00634765625
2 0.575927734375 0.503662109375 0.00732421875 0.0068359375
2 0.6068115234375 0.4962158203125 0.007080078125 0.004150390625
2 0.565673828125 0.5260009765625 0.0087890625 0.005126953125
2 0.5941162109375 0.4903564453125 0.008056640625 0.005615234375
2 0.6727294921875 0.496826171875 0.018798828125 0.01416015625
2 0.5733642578125 0.47216796875 0.005615234375 0.0068359375
